000 feet,39,0.000000,0.000295,0.000000,0.000000,0.000295,0.000295,0.000000,0.000295,0.000000,0.000442,0.000295,0.000000,0.000000,0.000147,0.000295,0.000147,0.001326,0.000737,0.000147,0.000000,0.000295,0.000000
two years,27,0.000295,0.000000,0.000000,0.000000,0.000442,0.000147,0.000442,0.000589,0.000000,0.000147,0.000000,0.000442,0.000000,0.000147,0.000295,0.000000,0.000147,0.000147,0.000295,0.000147,0.000295,0.000000
000 miles,27,0.000442,0.000147,0.000295,0.000147,0.000000,0.000147,0.000000,0.000147,0.000000,0.000000,0.000295,0.000147,0.000147,0.000589,0.000295,0.000147,0.000000,0.000295,0.000000,0.000442,0.000147,0.000000
three years,21,0.000147,0.000000,0.000000,0.000000,0.000295,0.000147,0.000442,0.000884,0.000000,0.000147,0.000147,0.000000,0.000000,0.000000,0.000000,0.000295,0.000000,0.000000,0.000000,0.000000,0.000000,0.000147
10 years,21,0.000147,0.000295,0.000000,0.000147,0.000147,0.000147,0.000147,0.000442,0.000000,0.000147,0.000295,0.000295,0.000000,0.000295,0.000000,0.000147,0.000147,0.000000,0.000000,0.000147,0.000000,0.000000
000 kilometers,17,0.000000,0.000000,0.000000,0.000000,0.000000,0.000000,0.000000,0.000000,0.000000,0.000000,0.000295,0.000147,0.000147,0.000589,0.000147,0.000147,0.000147,0.000000,0.000000,0.000442,0.000147,0.000147
30 years,13,0.000000,0.000000,0.000000,0.000147,0.000589,0.000000,0.000000,0.000295,0.000000,0.000000,0.000295,0.000147,0.000000,0.000000,0.000147,0.000147,0.000147,0.000000,0.000000,0.000000,0.000000,0.000000
000 pounds,13,0.000295,0.000000,0.000000,0.000000,0.000147,0.000000,0.000000,0.000737,0.000000,0.000147,0.000147,0.000000,0.000147,0.000000,0.000147,0.000000,0.000000,0.000000,0.000000,0.000000,0.000147,0.000000
two weeks,10,0.000147,0.000000,0.000000,0.000000,0.000000,0.000000,0.000442,0.000147,0.000000,0.000147,0.000000,0.000295,0.000000,0.000000,0.000000,0.000000,0.000000,0.000000,0.000000,0.000000,0.000295,0.000000
three times,9,0.000000,0.000000,0.000000,0.000000,0.000147,0.000000,0.000147,0.000000,0.000000,0.000295,0.000147,0.000000,0.000000,0.000000,0.000000,0.000000,0.000000,0.000000,0.000000,0.000442,0.000000,0.000000
three days,9,0.000000,0.000000,0.000000,0.000147,0.000000,0.000147,0.000147,0.000295,0.000000,0.000295,0.000000,0.000147,0.000000,0.000000,0.000000,0.000000,0.000000,0.000000,0.000147,0.000000,0.000000,0.000000
15 years,9,0.000000,0.000295,0.000000,0.000000,0.000147,0.000000,0.000000,0.000000,0.000295,0.000147,0.000000,0.000000,0.000147,0.000000,0.000000,0.000000,0.000000,0.000000,0.000000,0.000000,0.000000,0.000000
000 light-years,9,0.000000,0.000000,0.000000,0.000000,0.000147,0.000000,0.000147,0.000000,0.000295,0.000147,0.000000,0.000000,0.000000,0.000295,0.000147,0.000000,0.000000,0.000000,0.000000,0.000000,0.000000,0.000000
20 years,8,0.000000,0.000000,0.000000,0.000000,0.000000,0.000000,0.000295,0.000000,0.000147,0.000000,0.000000,0.000295,0.000000,0.000295,0.000000,0.000000,0.000000,0.000000,0.000000,0.000000,0.000147,0.000000
10 times,8,0.000000,0.000000,0.000000,0.000147,0.000000,0.000147,0.000147,0.000000,0.000000,0.000000,0.000147,0.000442,0.000000,0.000147,0.000000,0.000000,0.000000,0.000000,0.000000,0.000000,0.000000,0.000000
four years,7,0.000000,0.000000,0.000000,0.000000,0.000147,0.000147,0.000000,0.000147,0.000000,0.000000,0.000000,0.000000,0.000000,0.000295,0.000147,0.000000,0.000000,0.000000,0.000000,0.000000,0.000147,0.000000
200 miles,7,0.000147,0.000147,0.000147,0.000000,0.000147,0.000000,0.000000,0.000000,0.000147,0.000000,0.000000,0.000147,0.000000,0.000000,0.000147,0.000000,0.000000,0.000000,0.000000,0.000000,0.000000,0.000000
two companies,6,0.000000,0.000000,0.000000,0.000000,0.000000,0.000000,0.000000,0.000000,0.000000,0.000295,0.000000,0.000000,0.000000,0.000147,0.000000,0.000000,0.000000,0.000147,0.000000,0.000295,0.000000,0.000000
four times,6,0.000000,0.000147,0.000000,0.000000,0.000147,0.000000,0.000000,0.000147,0.000000,0.000000,0.000147,0.000000,0.000000,0.000000,0.000000,0.000000,0.000000,0.000000,0.000295,0.000000,0.000000,0.000000
500 miles,6,0.000000,0.000147,0.000000,0.000000,0.000000,0.000000,0.000000,0.000295,0.000000,0.000147,0.000000,0.000000,0.000000,0.000147,0.000000,0.000147,0.000000,0.000000,0.000000,0.000000,0.000000,0.000000
40 years,6,0.000000,0.000000,0.000000,0.000000,0.000000,0.000147,0.000000,0.000000,0.000147,0.000147,0.000000,0.000000,0.000000,0.000295,0.000000,0.000000,0.000147,0.000000,0.000000,0.000000,0.000000,0.000000
10 days,6,0.000000,0.000000,0.000000,0.000000,0.000000,0.000000,0.000000,0.000295,0.000000,0.000147,0.000000,0.000000,0.000147,0.000000,0.000147,0.000147,0.000000,0.000000,0.000000,0.000000,0.000000,0.000000
000 years,6,0.000000,0.000000,0.000000,0.000000,0.000295,0.000147,0.000295,0.000000,0.000147,0.000000,0.000000,0.000000,0.000000,0.000000,0.000000,0.000000,0.000000,0.000000,0.000000,0.000000,0.000000,0.000000
000 meters,6,0.000000,0.000000,0.000000,0.000000,0.000000,0.000000,0.000000,0.000000,0.000000,0.000147,0.000000,0.000000,0.000000,0.000147,0.000295,0.000000,0.000000,0.000147,0.000000,0.000000,0.000147,0.000000
two days,5,0.000000,0.000000,0.000000,0.000147,0.000147,0.000000,0.000000,0.000147,0.000000,0.000000,0.000147,0.000000,0.000000,0.000000,0.000147,0.000000,0.000000,0.000000,0.000000,0.000000,0.000000,0.000000
two cosmonauts,5,0.000000,0.000000,0.000000,0.000000,0.000000,0.000000,0.000295,0.000000,0.000000,0.000000,0.000442,0.000000,0.000000,0.000000,0.000000,0.000000,0.000000,0.000000,0.000000,0.000000,0.000000,0.000000
three months,5,0.000000,0.000000,0.000000,0.000000,0.000000,0.000000,0.000000,0.000000,0.000147,0.000000,0.000147,0.000000,0.000147,0.000000,0.000000,0.000000,0.000147,0.000000,0.000000,0.000000,0.000000,0.000000
four months,5,0.000000,0.000000,0.000000,0.000147,0.000000,0.000000,0.000000,0.000000,0.000000,0.000000,0.000000,0.000000,0.000000,0.000147,0.000000,0.000000,0.000000,0.000000,0.000000,0.000000,0.000000,0.000147
four instruments,5,0.000000,0.000000,0.000000,0.000000,0.000147,0.000000,0.000000,0.000147,0.000000,0.000000,0.000000,0.000000,0.000000,0.000147,0.000000,0.000147,0.000000,0.000147,0.000000,0.000000,0.000000,0.000000
500 feet,5,0.000000,0.000000,0.000000,0.000000,0.000000,0.000000,0.000000,0.000000,0.000147,0.000000,0.000000,0.000147,0.000000,0.000147,0.000147,0.000000,0.000000,0.000000,0.000000,0.000000,0.000147,0.000000
50 years,5,0.000000,0.000000,0.000000,0.000000,0.000000,0.000000,0.000000,0.000147,0.000147,0.000000,0.000000,0.000000,0.000000,0.000000,0.000147,0.000000,0.000000,0.000147,0.000147,0.000000,0.000000,0.000000
400 miles,5,0.000000,0.000000,0.000147,0.000000,0.000000,0.000000,0.000147,0.000000,0.000000,0.000000,0.000000,0.000000,0.000000,0.000000,0.000147,0.000000,0.000000,0.000000,0.000000,0.000147,0.000000,0.000147
two satellites,4,0.000000,0.000000,0.000000,0.000000,0.000000,0.000147,0.000000,0.000000,0.000000,0.000000,0.000000,0.000000,0.000000,0.000000,0.000000,0.000147,0.000000,0.000000,0.000000,0.000147,0.000000,0.000147
two months,4,0.000000,0.000147,0.000000,0.000000,0.000000,0.000000,0.000147,0.000000,0.000000,0.000000,0.000000,0.000000,0.000000,0.000000,0.000000,0.000000,0.000000,0.000000,0.000000,0.000000,0.000000,0.000147
two decades,4,0.000000,0.000000,0.000000,0.000000,0.000000,0.000000,0.000000,0.000000,0.000000,0.000000,0.000000,0.000000,0.000442,0.000000,0.000000,0.000000,0.000147,0.000000,0.000000,0.000000,0.000000,0.000000
two agencies,4,0.000000,0.000000,0.000000,0.000000,0.000000,0.000000,0.000000,0.000000,0.000000,0.000000,0.000147,0.000000,0.000000,0.000000,0.000000,0.000000,0.000000,0.000295,0.000147,0.000000,0.000000,0.000000
four astronauts,4,0.000000,0.000000,0.000000,0.000000,0.000000,0.000147,0.000000,0.000000,0.000000,0.000147,0.000147,0.000000,0.000000,0.000000,0.000000,0.000000,0.000000,0.000000,0.000000,0.000000,0.000000,0.000000
600 miles,4,0.000147,0.000147,0.000147,0.000000,0.000000,0.000000,0.000000,0.000000,0.000000,0.000000,0.000000,0.000000,0.000147,0.000000,0.000000,0.000000,0.000000,0.000000,0.000000,0.000000,0.000000,0.000000
500 pounds,4,0.000000,0.000000,0.000000,0.000000,0.000000,0.000000,0.000000,0.000147,0.000000,0.000147,0.000000,0.000000,0.000147,0.000000,0.000147,0.000000,0.000000,0.000000,0.000000,0.000000,0.000000,0.000000
500 light-years,4,0.000000,0.000000,0.000000,0.000000,0.000000,0.000147,0.000000,0.000147,0.000000,0.000000,0.000000,0.000000,0.000000,0.000000,0.000295,0.000000,0.000000,0.000000,0.000000,0.000000,0.000000,0.000000
400 kilograms,4,0.000000,0.000000,0.000000,0.000000,0.000000,0.000000,0.000000,0.000000,0.000000,0.000295,0.000000,0.000000,0.000147,0.000000,0.000000,0.000000,0.000000,0.000000,0.000000,0.000000,0.000000,0.000000
40 miles,4,0.000000,0.000147,0.000000,0.000000,0.000000,0.000000,0.000295,0.000000,0.000000,0.000000,0.000000,0.000000,0.000000,0.000000,0.000000,0.000000,0.000000,0.000147,0.000000,0.000000,0.000000,0.000000
25 years,4,0.000000,0.000000,0.000000,0.000147,0.000000,0.000000,0.000000,0.000295,0.000000,0.000000,0.000000,0.000000,0.000000,0.000000,0.000147,0.000000,0.000000,0.000000,0.000000,0.000000,0.000000,0.000000
21 miles,4,0.000000,0.000000,0.000000,0.000000,0.000000,0.000000,0.000000,0.000000,0.000000,0.000000,0.000000,0.000000,0.000000,0.000000,0.000147,0.000000,0.000000,0.000295,0.000000,0.000000,0.000147,0.000000
20 times,4,0.000000,0.000000,0.000000,0.000000,0.000000,0.000000,0.000000,0.000000,0.000442,0.000000,0.000000,0.000000,0.000000,0.000000,0.000000,0.000000,0.000000,0.000000,0.000000,0.000000,0.000000,0.000147
15 minutes,4,0.000000,0.000000,0.000000,0.000000,0.000000,0.000147,0.000000,0.000000,0.000000,0.000000,0.000000,0.000000,0.000000,0.000000,0.000000,0.000000,0.000000,0.000000,0.000295,0.000000,0.000000,0.000000
12 years,4,0.000000,0.000000,0.000000,0.000000,0.000147,0.000000,0.000295,0.000000,0.000000,0.000000,0.000000,0.000000,0.000000,0.000000,0.000000,0.000000,0.000000,0.000000,0.000147,0.000000,0.000000,0.000000
11 months,4,0.000000,0.000000,0.000000,0.000000,0.000147,0.000147,0.000000,0.000000,0.000000,0.000000,0.000000,0.000000,0.000147,0.000000,0.000000,0.000000,0.000000,0.000000,0.000000,0.000000,0.000000,0.000000
100 times,4,0.000000,0.000000,0.000000,0.000147,0.000147,0.000000,0.000000,0.000000,0.000000,0.000147,0.000000,0.000000,0.000000,0.000000,0.000000,0.000000,0.000000,0.000000,0.000000,0.000000,0.000000,0.000000
