the international space,39,0.000000,0.000000,0.000000,0.000000,0.000000,0.000221,0.000000,0.001768,0.000663,0.000663,0.001326,0.001326,0.000663,0.001105,0.000221,0.000000,0.000000,0.000000,0.000000,0.000000,0.000000,0.000442
the milky way,31,0.000000,0.000000,0.000000,0.000000,0.000663,0.000884,0.000663,0.000442,0.000000,0.000000,0.001105,0.000442,0.000221,0.000442,0.001105,0.000663,0.000000,0.000000,0.000000,0.000000,0.000000,0.000000
the solar system,30,0.000442,0.000000,0.000221,0.000000,0.000221,0.000663,0.000221,0.000000,0.000442,0.000000,0.000000,0.000221,0.000000,0.000000,0.000000,0.001105,0.000442,0.000442,0.000884,0.001105,0.000000,0.000221
the white house,29,0.000000,0.000000,0.000221,0.000221,0.000663,0.000000,0.000442,0.001989,0.000000,0.000221,0.000663,0.000221,0.000000,0.000000,0.000000,0.000000,0.000884,0.000000,0.000442,0.000000,0.000000,0.000442
a black hole,24,0.000000,0.000000,0.000000,0.000221,0.000221,0.000884,0.000442,0.000221,0.000221,0.000000,0.000000,0.000000,0.000442,0.000000,0.000884,0.000663,0.000000,0.000442,0.000442,0.000000,0.000000,0.000000
the big bang,19,0.000000,0.000221,0.000000,0.000221,0.000442,0.000442,0.000221,0.000663,0.000221,0.000221,0.000221,0.000000,0.000000,0.000000,0.000221,0.000442,0.000000,0.000000,0.000000,0.000442,0.000000,0.000000
the national science,18,0.000000,0.000221,0.000000,0.000000,0.000442,0.000000,0.000000,0.001326,0.000221,0.000221,0.000442,0.000221,0.000000,0.000442,0.000000,0.000221,0.000000,0.000000,0.000000,0.000000,0.000000,0.000000
the soviet union,17,0.001105,0.000221,0.000221,0.000221,0.000663,0.000442,0.000000,0.000442,0.000000,0.000000,0.000221,0.000000,0.000000,0.000221,0.000000,0.000000,0.000000,0.000000,0.000000,0.000000,0.000000,0.000000
the scientific community,17,0.000000,0.000000,0.000000,0.000000,0.000221,0.000000,0.000221,0.000000,0.000000,0.001105,0.001105,0.000221,0.000000,0.000000,0.000442,0.000000,0.000000,0.000000,0.000221,0.000000,0.000000,0.000221
the national oceanic,17,0.000000,0.000000,0.000000,0.000000,0.000663,0.000221,0.000663,0.001105,0.000000,0.000000,0.000221,0.000442,0.000221,0.000000,0.000000,0.000000,0.000000,0.000000,0.000000,0.000000,0.000000,0.000221
the new york,16,0.000000,0.000000,0.000000,0.000000,0.001547,0.000000,0.000442,0.000221,0.000000,0.000663,0.000663,0.000000,0.000000,0.000000,0.000000,0.000000,0.000000,0.000000,0.000000,0.000000,0.000000,0.000000
an international team,16,0.000000,0.000221,0.000221,0.000000,0.000000,0.000221,0.000000,0.000221,0.000221,0.000221,0.000221,0.000221,0.000442,0.000000,0.000663,0.000000,0.000000,0.000221,0.000000,0.000000,0.000221,0.000000
the south pole,15,0.000000,0.000221,0.000221,0.000221,0.000442,0.000000,0.000442,0.001105,0.000442,0.000000,0.000000,0.000000,0.000000,0.000000,0.000000,0.000000,0.000000,0.000000,0.000000,0.000000,0.000221,0.000000
the pacific ocean,15,0.000221,0.000442,0.000000,0.000000,0.000000,0.000442,0.000221,0.000000,0.000000,0.000000,0.000000,0.000000,0.000221,0.000663,0.000000,0.000000,0.000442,0.000442,0.000000,0.000000,0.000221,0.000000
the national space,15,0.000221,0.000000,0.000000,0.000442,0.000663,0.000442,0.000221,0.000221,0.000000,0.000221,0.000442,0.000000,0.000221,0.000000,0.000221,0.000000,0.000000,0.000000,0.000000,0.000000,0.000000,0.000000
the journal science,15,0.000000,0.000000,0.000000,0.000000,0.000663,0.000000,0.000000,0.000000,0.000000,0.000221,0.000000,0.000221,0.000000,0.000663,0.000221,0.000000,0.000221,0.000000,0.000000,0.000442,0.000000,0.000442
the private sector,13,0.000000,0.000000,0.000000,0.000221,0.000221,0.000000,0.000221,0.000442,0.000000,0.000000,0.000000,0.000000,0.000221,0.000000,0.000000,0.000221,0.000221,0.000221,0.000221,0.000221,0.000000,0.000442
the black hole,12,0.000000,0.000000,0.000000,0.000000,0.000000,0.000221,0.000221,0.000221,0.000000,0.000000,0.000000,0.000221,0.000442,0.000000,0.000221,0.000000,0.000000,0.000221,0.000663,0.000000,0.000221,0.000000
the solar wind,11,0.000221,0.000442,0.000000,0.000000,0.000000,0.000000,0.000000,0.000663,0.000000,0.000000,0.000000,0.000000,0.000221,0.000221,0.000000,0.000000,0.000000,0.000000,0.000663,0.000000,0.000000,0.000000
the federal government,11,0.000000,0.000000,0.000000,0.000000,0.000000,0.000221,0.000221,0.000221,0.000000,0.000000,0.000442,0.000221,0.000442,0.000000,0.000000,0.000000,0.000000,0.000442,0.000000,0.000000,0.000000,0.000000
the red planet,10,0.000000,0.000000,0.000000,0.000000,0.000000,0.000000,0.000221,0.000000,0.000000,0.000221,0.000442,0.000000,0.000000,0.000221,0.001105,0.000000,0.000000,0.000000,0.000000,0.000000,0.000000,0.000000
the northern hemisphere,10,0.000000,0.000442,0.000000,0.000000,0.000221,0.000663,0.000442,0.000221,0.000000,0.000000,0.000221,0.000000,0.000000,0.000000,0.000000,0.000000,0.000000,0.000000,0.000000,0.000000,0.000000,0.000000
the federal aviation,10,0.000000,0.000000,0.000000,0.000000,0.000221,0.000221,0.000000,0.000442,0.000221,0.000000,0.000221,0.000442,0.000221,0.000221,0.000000,0.000000,0.000000,0.000000,0.000000,0.000000,0.000000,0.000000
the upper atmosphere,9,0.000000,0.000221,0.000000,0.000000,0.000663,0.000221,0.000221,0.000221,0.000000,0.000000,0.000000,0.000000,0.000000,0.000000,0.000000,0.000000,0.000000,0.000000,0.000000,0.000000,0.000000,0.000442
the same time,9,0.000442,0.000221,0.000000,0.000221,0.000442,0.000000,0.000000,0.000000,0.000000,0.000000,0.000221,0.000000,0.000221,0.000000,0.000000,0.000000,0.000221,0.000000,0.000000,0.000000,0.000000,0.000000
the journal nature,9,0.000000,0.000000,0.000000,0.000000,0.000000,0.000221,0.000221,0.000000,0.000000,0.000000,0.000000,0.000442,0.000000,0.000000,0.000000,0.000442,0.000000,0.000000,0.000000,0.000000,0.000000,0.000442
a joint venture,9,0.000000,0.000000,0.000000,0.000000,0.000000,0.000000,0.000000,0.000000,0.000000,0.000442,0.000221,0.000000,0.000221,0.000442,0.000000,0.000000,0.000000,0.000000,0.000221,0.000442,0.000000,0.000000
the new policy,8,0.000221,0.000000,0.000000,0.000000,0.000000,0.000000,0.000000,0.000000,0.000000,0.000000,0.000000,0.000000,0.000000,0.000000,0.000000,0.000000,0.000442,0.000000,0.000884,0.000221,0.000000,0.000000
the lunar surface,8,0.000000,0.000000,0.000221,0.000000,0.000221,0.000000,0.000000,0.000000,0.000000,0.000000,0.000000,0.000000,0.000000,0.000000,0.000000,0.000000,0.000000,0.000000,0.000000,0.000221,0.000442,0.000442
the successful completion,7,0.000000,0.000000,0.000000,0.000000,0.000000,0.000000,0.000000,0.000221,0.000000,0.000000,0.000000,0.000000,0.000000,0.000000,0.000000,0.000000,0.000663,0.000000,0.000221,0.000000,0.000221,0.000000
the next generation,7,0.000000,0.000000,0.000000,0.000000,0.000000,0.000000,0.000221,0.000000,0.000000,0.000000,0.000000,0.000221,0.000221,0.000000,0.000000,0.000000,0.000000,0.000000,0.000000,0.000221,0.000221,0.000221
the magnetic field,7,0.000221,0.000442,0.000000,0.000000,0.000000,0.000000,0.000000,0.000000,0.000000,0.000221,0.000000,0.000000,0.000000,0.000000,0.000221,0.000000,0.000000,0.000000,0.000221,0.000000,0.000000,0.000000
the cosmic background,7,0.000221,0.000000,0.000000,0.000221,0.000000,0.000442,0.000442,0.000000,0.000000,0.000000,0.000221,0.000000,0.000000,0.000000,0.000000,0.000000,0.000000,0.000000,0.000000,0.000000,0.000000,0.000000
a new generation,7,0.000000,0.000000,0.000000,0.000000,0.000221,0.000442,0.000221,0.000442,0.000000,0.000000,0.000000,0.000000,0.000221,0.000000,0.000000,0.000000,0.000000,0.000000,0.000000,0.000000,0.000000,0.000000
a joint project,7,0.000000,0.000000,0.000000,0.000000,0.000221,0.000221,0.000221,0.000221,0.000221,0.000000,0.000000,0.000000,0.000000,0.000000,0.000000,0.000000,0.000000,0.000221,0.000000,0.000000,0.000000,0.000000
the total value,6,0.000000,0.000000,0.000000,0.000000,0.000000,0.000000,0.000000,0.000000,0.000000,0.000000,0.000000,0.000000,0.000000,0.000000,0.000000,0.000000,0.000221,0.000000,0.000000,0.000000,0.000000,0.000663
the successful test,6,0.000000,0.000000,0.000000,0.000000,0.000000,0.000000,0.000000,0.000000,0.000000,0.000000,0.000221,0.000221,0.000221,0.000000,0.000221,0.000000,0.000442,0.000000,0.000000,0.000000,0.000000,0.000000
the southwest research,6,0.000000,0.000000,0.000000,0.000000,0.000000,0.000000,0.000000,0.000221,0.000000,0.000000,0.000000,0.000000,0.000000,0.000000,0.000221,0.000000,0.000442,0.000000,0.000000,0.000221,0.000000,0.000221
the small business,6,0.000000,0.000000,0.000000,0.000442,0.000000,0.000000,0.000000,0.000221,0.000442,0.000000,0.000000,0.000221,0.000000,0.000000,0.000000,0.000000,0.000000,0.000000,0.000000,0.000000,0.000000,0.000000
the new facility,6,0.000000,0.000000,0.000000,0.000000,0.000000,0.000000,0.000000,0.000221,0.000000,0.000000,0.000442,0.000000,0.000000,0.000221,0.000442,0.000000,0.000000,0.000000,0.000000,0.000000,0.000000,0.000000
the national research,6,0.000000,0.000000,0.000000,0.000221,0.000884,0.000000,0.000000,0.000000,0.000000,0.000000,0.000221,0.000000,0.000000,0.000000,0.000000,0.000000,0.000000,0.000000,0.000000,0.000000,0.000000,0.000000
the national air,6,0.000000,0.000221,0.000442,0.000000,0.000000,0.000000,0.000000,0.000221,0.000000,0.000000,0.000000,0.000000,0.000000,0.000000,0.000000,0.000000,0.000442,0.000000,0.000000,0.000000,0.000000,0.000000
the national academy,6,0.000000,0.000000,0.000000,0.000000,0.000000,0.000000,0.000000,0.000000,0.000000,0.000000,0.000663,0.000221,0.000000,0.000000,0.000000,0.000000,0.000000,0.000000,0.000221,0.000000,0.000221,0.000000
the french space,6,0.000000,0.000000,0.000000,0.000000,0.000000,0.000221,0.000000,0.000221,0.000442,0.000000,0.000221,0.000000,0.000000,0.000000,0.000000,0.000000,0.000000,0.000000,0.000000,0.000000,0.000000,0.000221
a joint effort,6,0.000000,0.000000,0.000000,0.000000,0.000000,0.000221,0.000442,0.000442,0.000000,0.000000,0.000000,0.000000,0.000221,0.000000,0.000000,0.000000,0.000000,0.000000,0.000000,0.000000,0.000000,0.000000
the wide field/planetary,5,0.000000,0.000000,0.000000,0.000000,0.000221,0.000221,0.000221,0.000442,0.000000,0.000000,0.000000,0.000000,0.000000,0.000000,0.000000,0.000000,0.000000,0.000000,0.000000,0.000000,0.000000,0.000000
the upper stage,5,0.000000,0.000000,0.000000,0.000000,0.000000,0.000000,0.000000,0.000000,0.000000,0.000000,0.000000,0.000000,0.000221,0.000000,0.000000,0.000000,0.000221,0.000000,0.000000,0.000000,0.000442,0.000221
the southern hemisphere,5,0.000000,0.000000,0.000000,0.000221,0.000221,0.000442,0.000000,0.000000,0.000000,0.000221,0.000000,0.000000,0.000000,0.000000,0.000000,0.000000,0.000000,0.000000,0.000000,0.000000,0.000000,0.000000
the planetary society,5,0.000000,0.000000,0.000000,0.000000,0.000221,0.000000,0.000221,0.000000,0.000000,0.000000,0.000000,0.000000,0.000000,0.000000,0.000000,0.000000,0.000000,0.000000,0.000663,0.000000,0.000000,0.000000
the next shuttle,5,0.000000,0.000000,0.000000,0.000000,0.000221,0.000221,0.000000,0.000000,0.000000,0.000000,0.000221,0.000000,0.000221,0.000000,0.000000,0.000000,0.000000,0.000221,0.000000,0.000000,0.000000,0.000000
the new space,5,0.000221,0.000000,0.000000,0.000000,0.000221,0.000221,0.000221,0.000000,0.000000,0.000000,0.000000,0.000000,0.000000,0.000000,0.000000,0.000000,0.000000,0.000221,0.000000,0.000000,0.000000,0.000000
the new director,5,0.000000,0.000000,0.000000,0.000221,0.000221,0.000000,0.000000,0.000221,0.000000,0.000000,0.000000,0.000221,0.000000,0.000000,0.000000,0.000000,0.000000,0.000000,0.000000,0.000000,0.000000,0.000221
the national aerospace,5,0.000000,0.000221,0.000000,0.000221,0.000442,0.000000,0.000000,0.000000,0.000000,0.000000,0.000000,0.000000,0.000221,0.000000,0.000000,0.000000,0.000000,0.000000,0.000000,0.000000,0.000000,0.000000
the cold war,5,0.000000,0.000000,0.000000,0.000000,0.000221,0.000000,0.000000,0.000221,0.000000,0.000221,0.000221,0.000000,0.000000,0.000221,0.000000,0.000000,0.000000,0.000000,0.000000,0.000000,0.000000,0.000000
a new era,5,0.000221,0.000000,0.000000,0.000000,0.000000,0.000221,0.000000,0.000000,0.000000,0.000000,0.000000,0.000000,0.000000,0.000000,0.000000,0.000000,0.000000,0.000000,0.000221,0.000000,0.000221,0.000000
a new class,5,0.000000,0.000000,0.000000,0.000000,0.000000,0.000442,0.000000,0.000000,0.000221,0.000000,0.000000,0.000000,0.000000,0.000000,0.000221,0.000000,0.000000,0.000221,0.000000,0.000000,0.000000,0.000000
a new camera,5,0.000000,0.000000,0.000000,0.000000,0.000000,0.000221,0.000221,0.000442,0.000000,0.000000,0.000000,0.000221,0.000000,0.000000,0.000000,0.000000,0.000000,0.000000,0.000000,0.000000,0.000000,0.000000
a joint mission,5,0.000000,0.000000,0.000000,0.000000,0.000000,0.000000,0.000000,0.000000,0.000000,0.000000,0.000000,0.000221,0.000000,0.000000,0.000000,0.000000,0.000221,0.000000,0.000000,0.000442,0.000000,0.000221
the wrong orbit,4,0.000000,0.000000,0.000000,0.000000,0.000000,0.000000,0.000000,0.000000,0.000000,0.000000,0.000000,0.000000,0.000663,0.000000,0.000000,0.000000,0.000000,0.000000,0.000000,0.000000,0.000221,0.000000
the total cost,4,0.000000,0.000000,0.000000,0.000000,0.000000,0.000221,0.000000,0.000000,0.000000,0.000000,0.000221,0.000221,0.000000,0.000000,0.000000,0.000000,0.000000,0.000000,0.000221,0.000000,0.000000,0.000000
the strategic defense,4,0.000000,0.000221,0.000000,0.000442,0.000000,0.000000,0.000000,0.000000,0.000000,0.000000,0.000000,0.000000,0.000000,0.000000,0.000000,0.000000,0.000000,0.000000,0.000221,0.000000,0.000000,0.000000
the solar surface,4,0.000000,0.000000,0.000000,0.000000,0.000000,0.000000,0.000000,0.000000,0.000000,0.000000,0.000000,0.000000,0.000000,0.000442,0.000000,0.000000,0.000000,0.000000,0.000000,0.000000,0.000221,0.000000
the next space,4,0.000221,0.000442,0.000000,0.000000,0.000000,0.000000,0.000000,0.000000,0.000000,0.000000,0.000000,0.000000,0.000000,0.000000,0.000000,0.000000,0.000221,0.000000,0.000000,0.000000,0.000000,0.000000
the next five,4,0.000000,0.000000,0.000000,0.000000,0.000221,0.000000,0.000000,0.000000,0.000000,0.000000,0.000000,0.000000,0.000000,0.000000,0.000000,0.000000,0.000221,0.000221,0.000000,0.000221,0.000000,0.000000
the new orbiter,4,0.000221,0.000442,0.000000,0.000000,0.000000,0.000000,0.000000,0.000000,0.000221,0.000000,0.000000,0.000000,0.000000,0.000000,0.000000,0.000000,0.000000,0.000000,0.000000,0.000000,0.000000,0.000000
the new crew,4,0.000221,0.000000,0.000000,0.000000,0.000000,0.000000,0.000000,0.000000,0.000000,0.000000,0.000000,0.000000,0.000000,0.000000,0.000663,0.000000,0.000000,0.000000,0.000000,0.000000,0.000000,0.000000
the naval research,4,0.000442,0.000000,0.000000,0.000000,0.000000,0.000000,0.000000,0.000221,0.000000,0.000221,0.000000,0.000000,0.000000,0.000000,0.000000,0.000000,0.000000,0.000000,0.000000,0.000000,0.000000,0.000000
the national transportation,4,0.000000,0.000000,0.000000,0.000000,0.000000,0.000000,0.000000,0.000221,0.000221,0.000221,0.000000,0.000000,0.000000,0.000221,0.000000,0.000000,0.000000,0.000000,0.000000,0.000000,0.000000,0.000000
the national reconnaissance,4,0.000000,0.000000,0.000000,0.000000,0.000000,0.000000,0.000000,0.000000,0.000000,0.000000,0.000000,0.000000,0.000442,0.000000,0.000000,0.000000,0.000221,0.000000,0.000000,0.000000,0.000221,0.000000
the naked eye,4,0.000000,0.000000,0.000000,0.000000,0.000000,0.000000,0.000000,0.000000,0.000000,0.000221,0.000221,0.000000,0.000221,0.000000,0.000000,0.000221,0.000000,0.000000,0.000000,0.000000,0.000000,0.000000
the federal budget,4,0.000000,0.000000,0.000000,0.000000,0.000000,0.000000,0.000221,0.000000,0.000000,0.000000,0.000221,0.000000,0.000000,0.000000,0.000000,0.000000,0.000000,0.000000,0.000000,0.000221,0.000221,0.000000
the experimental aircraft,4,0.000000,0.000000,0.000000,0.000000,0.000221,0.000000,0.000000,0.000000,0.000000,0.000000,0.000000,0.000000,0.000000,0.000000,0.000000,0.000000,0.000000,0.000442,0.000000,0.000221,0.000000,0.000000
the deep space,4,0.000000,0.000000,0.000000,0.000000,0.000000,0.000000,0.000000,0.000000,0.000000,0.000000,0.000000,0.000221,0.000221,0.000000,0.000000,0.000000,0.000221,0.000000,0.000221,0.000000,0.000000,0.000000
a magnetic field,4,0.000000,0.000221,0.000221,0.000221,0.000000,0.000000,0.000000,0.000000,0.000000,0.000000,0.000000,0.000221,0.000000,0.000000,0.000000,0.000000,0.000000,0.000000,0.000000,0.000000,0.000000,0.000000
a joint program,4,0.000000,0.000000,0.000000,0.000000,0.000000,0.000221,0.000000,0.000221,0.000221,0.000000,0.000000,0.000000,0.000000,0.000000,0.000000,0.000000,0.000000,0.000000,0.000000,0.000000,0.000000,0.000221
