russian,44,0.000000,0.000000,0.000000,0.000000,0.000000,0.040000,0.026667,0.035556,0.017778,0.000000,0.008889,0.022222,0.004444,0.000000,0.000000,0.000000,0.017778,0.004444,0.004444,0.000000,0.000000,0.008889
space,31,0.000000,0.000000,0.000000,0.000000,0.000000,0.022222,0.022222,0.026667,0.013333,0.000000,0.013333,0.008889,0.008889,0.000000,0.004444,0.000000,0.000000,0.004444,0.000000,0.000000,0.004444,0.008889
nasa,17,0.000000,0.000000,0.000000,0.000000,0.000000,0.008889,0.013333,0.013333,0.000000,0.000000,0.013333,0.008889,0.000000,0.000000,0.000000,0.000000,0.000000,0.000000,0.000000,0.000000,0.000000,0.017778
mission,15,0.000000,0.000000,0.000000,0.000000,0.000000,0.004444,0.000000,0.000000,0.013333,0.000000,0.008889,0.004444,0.004444,0.000000,0.004444,0.000000,0.000000,0.004444,0.000000,0.000000,0.017778,0.004444
iss,15,0.000000,0.000000,0.000000,0.000000,0.000000,0.000000,0.000000,0.000000,0.000000,0.000000,0.000000,0.004444,0.000000,0.000000,0.013333,0.000000,0.000000,0.013333,0.008889,0.000000,0.000000,0.022222
mir,14,0.000000,0.000000,0.000000,0.000000,0.000000,0.000000,0.004444,0.017778,0.000000,0.000000,0.000000,0.031111,0.008889,0.000000,0.000000,0.000000,0.000000,0.000000,0.000000,0.000000,0.000000,0.000000
agency,14,0.000000,0.000000,0.000000,0.000000,0.000000,0.004444,0.008889,0.013333,0.013333,0.000000,0.004444,0.004444,0.000000,0.000000,0.000000,0.000000,0.000000,0.004444,0.000000,0.000000,0.000000,0.008889
agreement,11,0.000000,0.000000,0.000000,0.000000,0.000000,0.000000,0.008889,0.013333,0.000000,0.000000,0.000000,0.000000,0.000000,0.000000,0.013333,0.000000,0.013333,0.000000,0.000000,0.000000,0.000000,0.000000
crew,10,0.000000,0.000000,0.000000,0.000000,0.000000,0.000000,0.000000,0.000000,0.000000,0.000000,0.000000,0.004444,0.000000,0.000000,0.004444,0.000000,0.000000,0.000000,0.017778,0.000000,0.000000,0.017778
tether,9,0.000000,0.000000,0.000000,0.000000,0.000000,0.000000,0.000000,0.000000,0.000000,0.000000,0.000000,0.000000,0.000000,0.000000,0.000000,0.000000,0.000000,0.000000,0.000000,0.000000,0.040000,0.000000
russia,9,0.000000,0.000000,0.000000,0.000000,0.000000,0.008889,0.008889,0.004444,0.000000,0.000000,0.004444,0.004444,0.000000,0.000000,0.004444,0.000000,0.000000,0.000000,0.004444,0.000000,0.000000,0.000000
system,8,0.000000,0.000000,0.000000,0.000000,0.000000,0.004444,0.004444,0.004444,0.000000,0.000000,0.004444,0.004444,0.000000,0.000000,0.000000,0.000000,0.000000,0.000000,0.004444,0.000000,0.004444,0.000000
station,8,0.000000,0.000000,0.000000,0.000000,0.000000,0.000000,0.004444,0.008889,0.000000,0.000000,0.000000,0.004444,0.008889,0.000000,0.000000,0.000000,0.000000,0.000000,0.004444,0.000000,0.000000,0.000000
earth,8,0.000000,0.000000,0.000000,0.000000,0.000000,0.004444,0.008889,0.000000,0.000000,0.000000,0.004444,0.008889,0.000000,0.000000,0.000000,0.000000,0.000000,0.000000,0.000000,0.000000,0.000000,0.008889
soyuz,7,0.000000,0.000000,0.000000,0.000000,0.000000,0.000000,0.000000,0.004444,0.000000,0.000000,0.000000,0.000000,0.000000,0.000000,0.004444,0.000000,0.008889,0.000000,0.000000,0.000000,0.000000,0.008889
january,7,0.000000,0.000000,0.000000,0.000000,0.000000,0.004444,0.000000,0.000000,0.000000,0.000000,0.008889,0.013333,0.000000,0.000000,0.000000,0.000000,0.000000,0.000000,0.004444,0.000000,0.000000,0.000000
flight,7,0.000000,0.000000,0.000000,0.000000,0.000000,0.004444,0.000000,0.004444,0.000000,0.000000,0.008889,0.000000,0.000000,0.000000,0.000000,0.000000,0.000000,0.004444,0.008889,0.000000,0.000000,0.000000
first,7,0.000000,0.000000,0.000000,0.000000,0.000000,0.004444,0.008889,0.008889,0.000000,0.000000,0.000000,0.004444,0.004444,0.000000,0.000000,0.000000,0.000000,0.000000,0.000000,0.000000,0.000000,0.000000
craft,7,0.000000,0.000000,0.000000,0.000000,0.000000,0.000000,0.000000,0.004444,0.013333,0.000000,0.000000,0.000000,0.000000,0.000000,0.000000,0.000000,0.000000,0.000000,0.000000,0.000000,0.008889,0.000000
news,6,0.000000,0.000000,0.000000,0.000000,0.000000,0.004444,0.000000,0.008889,0.000000,0.000000,0.008889,0.000000,0.000000,0.000000,0.000000,0.000000,0.000000,0.000000,0.000000,0.000000,0.000000,0.004444
contract,6,0.000000,0.000000,0.000000,0.000000,0.000000,0.008889,0.000000,0.000000,0.000000,0.000000,0.000000,0.000000,0.000000,0.000000,0.000000,0.000000,0.000000,0.000000,0.000000,0.000000,0.000000,0.017778
use,5,0.000000,0.000000,0.000000,0.000000,0.000000,0.008889,0.004444,0.000000,0.000000,0.000000,0.004444,0.000000,0.000000,0.000000,0.000000,0.000000,0.004444,0.000000,0.000000,0.000000,0.000000,0.000000
spacewalk,5,0.000000,0.000000,0.000000,0.000000,0.000000,0.000000,0.000000,0.000000,0.000000,0.000000,0.000000,0.008889,0.013333,0.000000,0.000000,0.000000,0.000000,0.000000,0.000000,0.000000,0.000000,0.000000
repair,5,0.000000,0.000000,0.000000,0.000000,0.000000,0.000000,0.000000,0.000000,0.000000,0.000000,0.000000,0.013333,0.004444,0.000000,0.000000,0.000000,0.000000,0.000000,0.004444,0.000000,0.000000,0.000000
release,5,0.000000,0.000000,0.000000,0.000000,0.000000,0.000000,0.004444,0.004444,0.000000,0.000000,0.004444,0.000000,0.000000,0.000000,0.000000,0.000000,0.000000,0.000000,0.000000,0.000000,0.004444,0.004444
experiment,5,0.000000,0.000000,0.000000,0.000000,0.000000,0.000000,0.013333,0.000000,0.000000,0.000000,0.000000,0.000000,0.004444,0.000000,0.000000,0.000000,0.000000,0.000000,0.000000,0.000000,0.004444,0.000000
equipment,5,0.000000,0.000000,0.000000,0.000000,0.000000,0.000000,0.000000,0.004444,0.000000,0.000000,0.000000,0.004444,0.008889,0.000000,0.000000,0.000000,0.000000,0.004444,0.000000,0.000000,0.000000,0.000000
cooperation,5,0.000000,0.000000,0.000000,0.000000,0.000000,0.004444,0.004444,0.013333,0.000000,0.000000,0.000000,0.000000,0.000000,0.000000,0.000000,0.000000,0.000000,0.000000,0.000000,0.000000,0.000000,0.000000
control,5,0.000000,0.000000,0.000000,0.000000,0.000000,0.000000,0.000000,0.004444,0.000000,0.000000,0.000000,0.017778,0.000000,0.000000,0.000000,0.000000,0.000000,0.000000,0.000000,0.000000,0.000000,0.000000
week,4,0.000000,0.000000,0.000000,0.000000,0.000000,0.004444,0.000000,0.008889,0.000000,0.000000,0.000000,0.004444,0.000000,0.000000,0.000000,0.000000,0.000000,0.000000,0.000000,0.000000,0.000000,0.000000
time,4,0.000000,0.000000,0.000000,0.000000,0.000000,0.004444,0.000000,0.000000,0.004444,0.000000,0.004444,0.000000,0.000000,0.000000,0.000000,0.000000,0.000000,0.000000,0.000000,0.000000,0.004444,0.000000
spacecraft,4,0.000000,0.000000,0.000000,0.000000,0.000000,0.004444,0.000000,0.000000,0.004444,0.000000,0.000000,0.000000,0.000000,0.000000,0.004444,0.000000,0.000000,0.000000,0.000000,0.000000,0.004444,0.000000
progress,4,0.000000,0.000000,0.000000,0.000000,0.000000,0.004444,0.000000,0.000000,0.000000,0.000000,0.000000,0.000000,0.000000,0.000000,0.000000,0.000000,0.000000,0.008889,0.004444,0.000000,0.000000,0.000000
press,4,0.000000,0.000000,0.000000,0.000000,0.000000,0.000000,0.000000,0.000000,0.000000,0.000000,0.008889,0.004444,0.000000,0.000000,0.000000,0.000000,0.000000,0.000000,0.000000,0.000000,0.004444,0.000000
module,4,0.000000,0.000000,0.000000,0.000000,0.000000,0.000000,0.000000,0.004444,0.000000,0.000000,0.000000,0.008889,0.000000,0.000000,0.000000,0.000000,0.000000,0.000000,0.000000,0.000000,0.000000,0.000000
million,4,0.000000,0.000000,0.000000,0.000000,0.000000,0.000000,0.000000,0.000000,0.004444,0.000000,0.000000,0.000000,0.000000,0.000000,0.000000,0.000000,0.008889,0.000000,0.000000,0.000000,0.000000,0.004444
kazakhstan,4,0.000000,0.000000,0.000000,0.000000,0.000000,0.000000,0.000000,0.004444,0.000000,0.000000,0.000000,0.000000,0.000000,0.000000,0.004444,0.000000,0.000000,0.004444,0.000000,0.000000,0.004444,0.000000
jan,4,0.000000,0.000000,0.000000,0.000000,0.000000,0.004444,0.000000,0.008889,0.004444,0.000000,0.000000,0.000000,0.000000,0.000000,0.000000,0.000000,0.000000,0.000000,0.000000,0.000000,0.000000,0.000000
fotino,4,0.000000,0.000000,0.000000,0.000000,0.000000,0.000000,0.000000,0.000000,0.000000,0.000000,0.000000,0.000000,0.000000,0.000000,0.000000,0.000000,0.000000,0.000000,0.000000,0.000000,0.017778,0.000000
decision,4,0.000000,0.000000,0.000000,0.000000,0.000000,0.000000,0.013333,0.000000,0.000000,0.000000,0.000000,0.000000,0.000000,0.000000,0.004444,0.000000,0.000000,0.000000,0.000000,0.000000,0.000000,0.000000
cosmonaut,4,0.000000,0.000000,0.000000,0.000000,0.000000,0.004444,0.000000,0.008889,0.000000,0.000000,0.000000,0.000000,0.004444,0.000000,0.000000,0.000000,0.000000,0.000000,0.000000,0.000000,0.000000,0.000000
billion,4,0.000000,0.000000,0.000000,0.000000,0.000000,0.000000,0.004444,0.008889,0.004444,0.000000,0.000000,0.000000,0.000000,0.000000,0.000000,0.000000,0.000000,0.000000,0.000000,0.000000,0.000000,0.000000
