nasa,55,0.003810,0.000000,0.000000,0.000000,0.003810,0.003810,0.005714,0.001905,0.001905,0.003810,0.000000,0.000000,0.003810,0.000000,0.003810,0.020952,0.007619,0.003810,0.017143,0.011429,0.001905,0.011429
john,18,0.000000,0.000000,0.000000,0.000000,0.005714,0.001905,0.007619,0.003810,0.000000,0.000000,0.000000,0.000000,0.001905,0.000000,0.000000,0.001905,0.000000,0.000000,0.001905,0.003810,0.001905,0.005714
team,14,0.000000,0.000000,0.000000,0.000000,0.000000,0.000000,0.000000,0.000000,0.000000,0.000000,0.000000,0.001905,0.000000,0.000000,0.000000,0.000000,0.000000,0.003810,0.003810,0.003810,0.000000,0.013333
michael,14,0.000000,0.000000,0.000000,0.000000,0.000000,0.000000,0.001905,0.000000,0.001905,0.000000,0.001905,0.000000,0.000000,0.000000,0.003810,0.000000,0.003810,0.003810,0.005714,0.003810,0.000000,0.000000
first,13,0.000000,0.000000,0.000000,0.000000,0.001905,0.000000,0.001905,0.000000,0.000000,0.000000,0.000000,0.003810,0.001905,0.000000,0.000000,0.000000,0.001905,0.001905,0.003810,0.005714,0.001905,0.000000
prize,12,0.000000,0.000000,0.000000,0.000000,0.000000,0.000000,0.000000,0.000000,0.000000,0.000000,0.000000,0.000000,0.000000,0.000000,0.000000,0.000000,0.001905,0.000000,0.005714,0.001905,0.000000,0.015238
mission,12,0.001905,0.000000,0.000000,0.000000,0.000000,0.003810,0.001905,0.000000,0.000000,0.000000,0.000000,0.000000,0.000000,0.000000,0.003810,0.000000,0.000000,0.000000,0.009524,0.001905,0.000000,0.000000
space,11,0.000000,0.000000,0.000000,0.000000,0.001905,0.000000,0.000000,0.001905,0.000000,0.000000,0.000000,0.000000,0.001905,0.000000,0.000000,0.000000,0.001905,0.001905,0.007619,0.003810,0.000000,0.000000
scientist,11,0.001905,0.000000,0.000000,0.000000,0.000000,0.000000,0.001905,0.001905,0.001905,0.000000,0.001905,0.000000,0.000000,0.000000,0.000000,0.000000,0.003810,0.001905,0.001905,0.003810,0.001905,0.000000
research,11,0.000000,0.000000,0.000000,0.000000,0.000000,0.000000,0.001905,0.001905,0.000000,0.000000,0.000000,0.000000,0.000000,0.000000,0.000000,0.000000,0.000000,0.000000,0.000000,0.017143,0.000000,0.000000
comet,11,0.005714,0.000000,0.000000,0.000000,0.000000,0.000000,0.000000,0.000000,0.000000,0.000000,0.000000,0.000000,0.000000,0.000000,0.007619,0.000000,0.000000,0.000000,0.000000,0.005714,0.000000,0.001905
science,10,0.000000,0.000000,0.000000,0.000000,0.000000,0.000000,0.005714,0.001905,0.000000,0.000000,0.001905,0.000000,0.000000,0.000000,0.000000,0.000000,0.000000,0.001905,0.000000,0.005714,0.000000,0.001905
director,10,0.000000,0.000000,0.000000,0.000000,0.000000,0.000000,0.005714,0.000000,0.000000,0.000000,0.000000,0.000000,0.000000,0.000000,0.000000,0.009524,0.000000,0.001905,0.001905,0.000000,0.000000,0.000000
california,9,0.000000,0.000000,0.000000,0.000000,0.000000,0.000000,0.001905,0.000000,0.000000,0.001905,0.000000,0.000000,0.000000,0.000000,0.000000,0.000000,0.001905,0.003810,0.001905,0.001905,0.000000,0.003810
billion,9,0.000000,0.000000,0.000000,0.000000,0.000000,0.000000,0.003810,0.000000,0.000000,0.000000,0.001905,0.000000,0.000000,0.000000,0.000000,0.000000,0.000000,0.003810,0.007619,0.000000,0.000000,0.000000
system,8,0.000000,0.000000,0.000000,0.000000,0.000000,0.000000,0.001905,0.001905,0.000000,0.000000,0.000000,0.000000,0.000000,0.000000,0.000000,0.000000,0.001905,0.005714,0.003810,0.000000,0.001905,0.000000
report,8,0.000000,0.000000,0.000000,0.000000,0.000000,0.000000,0.000000,0.001905,0.000000,0.000000,0.000000,0.000000,0.000000,0.000000,0.000000,0.000000,0.000000,0.000000,0.000000,0.013333,0.000000,0.000000
industry,8,0.000000,0.000000,0.000000,0.000000,0.000000,0.000000,0.001905,0.000000,0.000000,0.000000,0.000000,0.000000,0.000000,0.000000,0.001905,0.000000,0.000000,0.000000,0.005714,0.005714,0.000000,0.000000
university,7,0.001905,0.000000,0.000000,0.000000,0.000000,0.000000,0.001905,0.000000,0.000000,0.000000,0.000000,0.001905,0.000000,0.000000,0.001905,0.000000,0.000000,0.000000,0.000000,0.005714,0.001905,0.000000
technology,7,0.000000,0.000000,0.000000,0.000000,0.000000,0.000000,0.000000,0.000000,0.000000,0.000000,0.000000,0.001905,0.000000,0.000000,0.001905,0.000000,0.000000,0.001905,0.001905,0.001905,0.000000,0.007619
ssc,7,0.000000,0.000000,0.000000,0.000000,0.000000,0.000000,0.000000,0.000000,0.000000,0.000000,0.000000,0.000000,0.000000,0.000000,0.000000,0.013333,0.000000,0.000000,0.000000,0.000000,0.000000,0.000000
shuttle,7,0.000000,0.000000,0.000000,0.000000,0.000000,0.000000,0.000000,0.000000,0.000000,0.000000,0.000000,0.000000,0.000000,0.000000,0.000000,0.000000,0.000000,0.000000,0.013333,0.000000,0.000000,0.000000
release,7,0.001905,0.000000,0.000000,0.000000,0.000000,0.001905,0.000000,0.000000,0.000000,0.001905,0.001905,0.000000,0.000000,0.000000,0.000000,0.000000,0.000000,0.001905,0.001905,0.000000,0.000000,0.001905
post,7,0.000000,0.000000,0.000000,0.000000,0.000000,0.000000,0.009524,0.001905,0.000000,0.000000,0.000000,0.000000,0.000000,0.000000,0.000000,0.000000,0.001905,0.000000,0.000000,0.000000,0.000000,0.000000
ice,7,0.000000,0.000000,0.000000,0.000000,0.000000,0.000000,0.000000,0.000000,0.000000,0.000000,0.000000,0.000000,0.000000,0.000000,0.000000,0.000000,0.000000,0.001905,0.001905,0.009524,0.000000,0.000000
foam,7,0.000000,0.000000,0.000000,0.000000,0.000000,0.000000,0.000000,0.000000,0.000000,0.000000,0.000000,0.000000,0.000000,0.000000,0.000000,0.000000,0.000000,0.000000,0.013333,0.000000,0.000000,0.000000
discovery,7,0.000000,0.000000,0.000000,0.000000,0.000000,0.000000,0.000000,0.000000,0.000000,0.001905,0.000000,0.000000,0.000000,0.000000,0.000000,0.000000,0.000000,0.003810,0.005714,0.001905,0.000000,0.000000
william,6,0.001905,0.000000,0.000000,0.000000,0.000000,0.001905,0.000000,0.000000,0.000000,0.003810,0.000000,0.000000,0.000000,0.000000,0.000000,0.001905,0.000000,0.000000,0.000000,0.001905,0.000000,0.000000
time,6,0.000000,0.000000,0.000000,0.000000,0.000000,0.000000,0.000000,0.001905,0.000000,0.000000,0.000000,0.003810,0.003810,0.000000,0.000000,0.000000,0.000000,0.000000,0.001905,0.000000,0.000000,0.000000
surface,6,0.001905,0.000000,0.000000,0.000000,0.000000,0.000000,0.000000,0.000000,0.000000,0.000000,0.000000,0.000000,0.000000,0.000000,0.000000,0.000000,0.000000,0.000000,0.000000,0.009524,0.000000,0.000000
orbit,6,0.000000,0.000000,0.000000,0.000000,0.000000,0.000000,0.000000,0.000000,0.000000,0.000000,0.000000,0.001905,0.001905,0.000000,0.000000,0.000000,0.000000,0.003810,0.003810,0.000000,0.000000,0.000000
news,6,0.000000,0.000000,0.000000,0.000000,0.001905,0.000000,0.000000,0.000000,0.001905,0.001905,0.000000,0.000000,0.000000,0.000000,0.000000,0.000000,0.000000,0.001905,0.001905,0.000000,0.000000,0.001905
million,6,0.000000,0.000000,0.000000,0.000000,0.000000,0.000000,0.001905,0.001905,0.000000,0.001905,0.000000,0.000000,0.000000,0.000000,0.000000,0.000000,0.000000,0.000000,0.001905,0.000000,0.003810,0.000000
http,6,0.000000,0.000000,0.000000,0.000000,0.000000,0.000000,0.000000,0.000000,0.000000,0.000000,0.000000,0.000000,0.000000,0.000000,0.000000,0.007619,0.000000,0.000000,0.001905,0.000000,0.000000,0.001905
html,6,0.000000,0.000000,0.000000,0.000000,0.000000,0.000000,0.000000,0.000000,0.000000,0.000000,0.000000,0.000000,0.000000,0.000000,0.000000,0.007619,0.000000,0.000000,0.001905,0.000000,0.000000,0.001905
flight,6,0.000000,0.000000,0.000000,0.000000,0.000000,0.000000,0.000000,0.003810,0.000000,0.000000,0.000000,0.000000,0.000000,0.000000,0.001905,0.001905,0.001905,0.000000,0.000000,0.000000,0.000000,0.001905
e,6,0.000000,0.000000,0.000000,0.000000,0.000000,0.000000,0.000000,0.000000,0.000000,0.000000,0.000000,0.000000,0.000000,0.000000,0.000000,0.000000,0.000000,0.003810,0.005714,0.001905,0.000000,0.000000
aviation,6,0.000000,0.000000,0.000000,0.000000,0.005714,0.000000,0.001905,0.000000,0.000000,0.000000,0.000000,0.000000,0.000000,0.000000,0.000000,0.000000,0.000000,0.000000,0.000000,0.000000,0.000000,0.005714
//www,6,0.000000,0.000000,0.000000,0.000000,0.000000,0.000000,0.000000,0.000000,0.000000,0.000000,0.000000,0.000000,0.000000,0.000000,0.000000,0.007619,0.000000,0.000000,0.001905,0.000000,0.000000,0.001905
universe,5,0.000000,0.000000,0.000000,0.000000,0.000000,0.000000,0.003810,0.001905,0.000000,0.000000,0.000000,0.000000,0.000000,0.000000,0.001905,0.000000,0.000000,0.000000,0.000000,0.001905,0.000000,0.000000
sedna,5,0.000000,0.000000,0.000000,0.000000,0.000000,0.000000,0.000000,0.000000,0.000000,0.000000,0.000000,0.000000,0.000000,0.000000,0.000000,0.000000,0.000000,0.009524,0.000000,0.000000,0.000000,0.000000
review,5,0.000000,0.000000,0.000000,0.000000,0.000000,0.000000,0.007619,0.001905,0.000000,0.000000,0.000000,0.000000,0.000000,0.000000,0.000000,0.000000,0.000000,0.000000,0.000000,0.000000,0.000000,0.000000
project,5,0.000000,0.000000,0.000000,0.000000,0.000000,0.000000,0.001905,0.000000,0.000000,0.000000,0.003810,0.000000,0.000000,0.000000,0.001905,0.000000,0.000000,0.000000,0.001905,0.000000,0.001905,0.000000
object,5,0.000000,0.000000,0.000000,0.000000,0.000000,0.000000,0.000000,0.000000,0.000000,0.000000,0.000000,0.000000,0.000000,0.000000,0.000000,0.000000,0.000000,0.007619,0.001905,0.000000,0.000000,0.000000
ny,5,0.000000,0.000000,0.000000,0.000000,0.000000,0.000000,0.005714,0.001905,0.000000,0.000000,0.000000,0.000000,0.000000,0.000000,0.000000,0.000000,0.000000,0.000000,0.000000,0.001905,0.000000,0.000000
institute,5,0.000000,0.000000,0.000000,0.000000,0.000000,0.000000,0.001905,0.000000,0.000000,0.000000,0.000000,0.001905,0.000000,0.000000,0.000000,0.000000,0.000000,0.003810,0.001905,0.000000,0.000000,0.000000
h,5,0.000000,0.000000,0.000000,0.000000,0.000000,0.000000,0.000000,0.001905,0.000000,0.001905,0.000000,0.001905,0.000000,0.000000,0.000000,0.001905,0.000000,0.001905,0.000000,0.000000,0.000000,0.000000
feb,5,0.000000,0.000000,0.000000,0.000000,0.000000,0.000000,0.001905,0.007619,0.000000,0.000000,0.000000,0.000000,0.000000,0.000000,0.000000,0.000000,0.000000,0.000000,0.000000,0.000000,0.000000,0.000000
defense,5,0.000000,0.000000,0.000000,0.000000,0.000000,0.000000,0.001905,0.005714,0.000000,0.000000,0.000000,0.000000,0.000000,0.000000,0.001905,0.000000,0.000000,0.000000,0.000000,0.000000,0.000000,0.000000
committee,5,0.000000,0.000000,0.000000,0.000000,0.003810,0.000000,0.001905,0.000000,0.000000,0.000000,0.000000,0.000000,0.000000,0.000000,0.000000,0.000000,0.000000,0.000000,0.000000,0.003810,0.000000,0.000000
air,5,0.000000,0.000000,0.000000,0.000000,0.000000,0.000000,0.000000,0.000000,0.000000,0.000000,0.000000,0.000000,0.001905,0.000000,0.005714,0.000000,0.000000,0.000000,0.001905,0.000000,0.000000,0.000000
aerospace,5,0.000000,0.000000,0.000000,0.000000,0.000000,0.000000,0.000000,0.000000,0.000000,0.000000,0.000000,0.000000,0.000000,0.000000,0.007619,0.000000,0.000000,0.000000,0.001905,0.000000,0.000000,0.000000
york,4,0.000000,0.000000,0.000000,0.000000,0.000000,0.000000,0.005714,0.000000,0.000000,0.000000,0.000000,0.000000,0.000000,0.000000,0.000000,0.000000,0.000000,0.000000,0.001905,0.000000,0.000000,0.000000
x,4,0.000000,0.000000,0.000000,0.000000,0.000000,0.000000,0.000000,0.000000,0.000000,0.000000,0.000000,0.000000,0.000000,0.000000,0.000000,0.000000,0.001905,0.000000,0.005714,0.000000,0.000000,0.000000
washington,4,0.000000,0.000000,0.000000,0.000000,0.000000,0.000000,0.005714,0.000000,0.000000,0.000000,0.000000,0.000000,0.000000,0.000000,0.000000,0.000000,0.001905,0.000000,0.000000,0.000000,0.000000,0.000000
temperature,4,0.000000,0.000000,0.000000,0.000000,0.000000,0.000000,0.000000,0.000000,0.000000,0.000000,0.000000,0.000000,0.000000,0.000000,0.000000,0.000000,0.000000,0.000000,0.000000,0.007619,0.000000,0.000000
sun,4,0.000000,0.000000,0.000000,0.000000,0.000000,0.000000,0.000000,0.000000,0.000000,0.000000,0.000000,0.000000,0.000000,0.000000,0.000000,0.000000,0.000000,0.001905,0.005714,0.000000,0.000000,0.000000
spacewalk,4,0.000000,0.000000,0.000000,0.000000,0.000000,0.000000,0.000000,0.000000,0.000000,0.000000,0.000000,0.000000,0.005714,0.000000,0.000000,0.000000,0.000000,0.001905,0.000000,0.000000,0.000000,0.000000
probe,4,0.000000,0.000000,0.000000,0.000000,0.000000,0.000000,0.000000,0.000000,0.000000,0.000000,0.000000,0.000000,0.000000,0.000000,0.003810,0.000000,0.000000,0.000000,0.000000,0.003810,0.000000,0.000000
pluto,4,0.000000,0.000000,0.000000,0.000000,0.000000,0.000000,0.000000,0.000000,0.000000,0.000000,0.000000,0.000000,0.000000,0.000000,0.000000,0.000000,0.000000,0.003810,0.001905,0.000000,0.001905,0.000000
planet,4,0.000000,0.000000,0.000000,0.000000,0.000000,0.000000,0.000000,0.000000,0.000000,0.000000,0.000000,0.000000,0.000000,0.000000,0.000000,0.000000,0.000000,0.001905,0.005714,0.000000,0.000000,0.000000
ozone,4,0.000000,0.000000,0.000000,0.000000,0.000000,0.000000,0.003810,0.000000,0.003810,0.000000,0.000000,0.000000,0.000000,0.000000,0.000000,0.000000,0.000000,0.000000,0.000000,0.000000,0.000000,0.000000
nrc,4,0.000000,0.000000,0.000000,0.000000,0.000000,0.000000,0.000000,0.000000,0.000000,0.000000,0.000000,0.000000,0.000000,0.000000,0.000000,0.000000,0.000000,0.000000,0.000000,0.007619,0.000000,0.000000
maryland,4,0.000000,0.000000,0.000000,0.000000,0.000000,0.000000,0.000000,0.000000,0.000000,0.000000,0.000000,0.000000,0.000000,0.000000,0.001905,0.001905,0.000000,0.000000,0.000000,0.003810,0.001905,0.000000
march,4,0.000000,0.000000,0.000000,0.000000,0.000000,0.000000,0.001905,0.000000,0.000000,0.000000,0.000000,0.000000,0.000000,0.000000,0.000000,0.000000,0.001905,0.003810,0.000000,0.000000,0.000000,0.000000
map,4,0.000000,0.000000,0.000000,0.000000,0.000000,0.000000,0.000000,0.000000,0.000000,0.000000,0.005714,0.000000,0.000000,0.000000,0.000000,0.000000,0.000000,0.000000,0.001905,0.000000,0.000000,0.000000
manager,4,0.000000,0.000000,0.000000,0.000000,0.000000,0.000000,0.000000,0.000000,0.000000,0.000000,0.000000,0.000000,0.000000,0.000000,0.000000,0.007619,0.000000,0.000000,0.000000,0.000000,0.000000,0.000000
m,4,0.000000,0.000000,0.000000,0.000000,0.000000,0.000000,0.000000,0.000000,0.001905,0.000000,0.000000,0.000000,0.005714,0.000000,0.000000,0.000000,0.000000,0.000000,0.000000,0.000000,0.000000,0.000000
laboratory,4,0.001905,0.000000,0.000000,0.000000,0.001905,0.000000,0.001905,0.000000,0.000000,0.000000,0.000000,0.000000,0.000000,0.000000,0.000000,0.000000,0.000000,0.000000,0.000000,0.000000,0.001905,0.001905
jr,4,0.000000,0.000000,0.000000,0.000000,0.000000,0.001905,0.001905,0.000000,0.000000,0.000000,0.000000,0.000000,0.000000,0.000000,0.000000,0.003810,0.000000,0.000000,0.000000,0.000000,0.001905,0.000000
january,4,0.000000,0.000000,0.000000,0.000000,0.000000,0.000000,0.001905,0.000000,0.000000,0.000000,0.000000,0.000000,0.000000,0.000000,0.001905,0.001905,0.000000,0.000000,0.001905,0.000000,0.000000,0.000000
impact,4,0.000000,0.000000,0.000000,0.000000,0.000000,0.000000,0.000000,0.000000,0.000000,0.000000,0.000000,0.000000,0.000000,0.000000,0.003810,0.000000,0.000000,0.000000,0.000000,0.003810,0.000000,0.000000
hornstein,4,0.000000,0.000000,0.000000,0.000000,0.000000,0.000000,0.000000,0.000000,0.000000,0.000000,0.000000,0.000000,0.000000,0.000000,0.000000,0.000000,0.007619,0.000000,0.000000,0.000000,0.000000,0.000000
future,4,0.000000,0.000000,0.000000,0.000000,0.000000,0.000000,0.000000,0.000000,0.000000,0.000000,0.000000,0.000000,0.000000,0.000000,0.000000,0.000000,0.000000,0.001905,0.001905,0.003810,0.000000,0.000000
earth,4,0.000000,0.000000,0.000000,0.000000,0.000000,0.000000,0.001905,0.001905,0.000000,0.000000,0.000000,0.000000,0.000000,0.000000,0.001905,0.000000,0.000000,0.001905,0.000000,0.000000,0.000000,0.000000
dr,4,0.000000,0.000000,0.000000,0.000000,0.000000,0.001905,0.005714,0.000000,0.000000,0.000000,0.000000,0.000000,0.000000,0.000000,0.000000,0.000000,0.000000,0.000000,0.000000,0.000000,0.000000,0.000000
crew,4,0.000000,0.000000,0.000000,0.000000,0.000000,0.001905,0.000000,0.000000,0.000000,0.000000,0.000000,0.000000,0.003810,0.000000,0.000000,0.000000,0.000000,0.001905,0.000000,0.000000,0.000000,0.000000
craft,4,0.000000,0.000000,0.000000,0.000000,0.000000,0.000000,0.000000,0.000000,0.000000,0.000000,0.000000,0.000000,0.000000,0.000000,0.000000,0.000000,0.003810,0.000000,0.000000,0.000000,0.001905,0.001905
computer,4,0.000000,0.000000,0.000000,0.000000,0.005714,0.000000,0.000000,0.000000,0.000000,0.000000,0.000000,0.000000,0.001905,0.000000,0.000000,0.000000,0.000000,0.000000,0.000000,0.000000,0.000000,0.000000
chowdry,4,0.000000,0.000000,0.000000,0.000000,0.000000,0.000000,0.000000,0.000000,0.000000,0.000000,0.000000,0.000000,0.000000,0.000000,0.007619,0.000000,0.000000,0.000000,0.000000,0.000000,0.000000,0.000000
chairman,4,0.000000,0.000000,0.000000,0.000000,0.001905,0.000000,0.001905,0.000000,0.000000,0.000000,0.000000,0.000000,0.000000,0.000000,0.001905,0.000000,0.000000,0.000000,0.000000,0.001905,0.000000,0.000000
apr,4,0.000000,0.000000,0.000000,0.000000,0.005714,0.000000,0.001905,0.000000,0.000000,0.000000,0.000000,0.000000,0.000000,0.000000,0.000000,0.000000,0.000000,0.000000,0.000000,0.000000,0.000000,0.000000
aircraft,4,0.000000,0.000000,0.000000,0.000000,0.000000,0.000000,0.000000,0.000000,0.000000,0.000000,0.000000,0.000000,0.000000,0.000000,0.000000,0.000000,0.000000,0.000000,0.000000,0.000000,0.000000,0.007619
“nasa,3,0.000000,0.000000,0.000000,0.000000,0.000000,0.000000,0.000000,0.000000,0.000000,0.000000,0.000000,0.000000,0.000000,0.000000,0.000000,0.001905,0.000000,0.000000,0.003810,0.000000,0.000000,0.000000
x-ray,3,0.000000,0.000000,0.000000,0.000000,0.000000,0.000000,0.000000,0.000000,0.000000,0.000000,0.000000,0.005714,0.000000,0.000000,0.000000,0.000000,0.000000,0.000000,0.000000,0.000000,0.000000,0.000000
wall,3,0.000000,0.000000,0.000000,0.000000,0.000000,0.000000,0.000000,0.000000,0.000000,0.000000,0.000000,0.000000,0.000000,0.000000,0.005714,0.000000,0.000000,0.000000,0.000000,0.000000,0.000000,0.000000
topography,3,0.000000,0.000000,0.000000,0.000000,0.000000,0.000000,0.000000,0.000000,0.000000,0.000000,0.000000,0.000000,0.000000,0.000000,0.000000,0.000000,0.000000,0.000000,0.005714,0.000000,0.000000,0.000000
tempel,3,0.000000,0.000000,0.000000,0.000000,0.000000,0.000000,0.000000,0.000000,0.000000,0.000000,0.000000,0.000000,0.000000,0.000000,0.001905,0.000000,0.000000,0.000000,0.000000,0.003810,0.000000,0.000000
study,3,0.000000,0.000000,0.000000,0.000000,0.000000,0.000000,0.000000,0.001905,0.000000,0.000000,0.000000,0.000000,0.000000,0.000000,0.000000,0.000000,0.000000,0.000000,0.000000,0.003810,0.000000,0.000000
street,3,0.000000,0.000000,0.000000,0.000000,0.000000,0.000000,0.000000,0.000000,0.000000,0.000000,0.000000,0.000000,0.000000,0.000000,0.005714,0.000000,0.000000,0.000000,0.000000,0.000000,0.000000,0.000000
spaceflight,3,0.000000,0.000000,0.000000,0.000000,0.000000,0.000000,0.000000,0.000000,0.000000,0.000000,0.000000,0.000000,0.000000,0.000000,0.000000,0.000000,0.000000,0.000000,0.005714,0.000000,0.000000,0.000000
spacecraft,3,0.000000,0.000000,0.000000,0.000000,0.000000,0.000000,0.000000,0.000000,0.000000,0.000000,0.000000,0.000000,0.000000,0.000000,0.000000,0.000000,0.001905,0.001905,0.000000,0.000000,0.001905,0.000000
source,3,0.000000,0.000000,0.000000,0.000000,0.000000,0.000000,0.000000,0.000000,0.001905,0.000000,0.000000,0.000000,0.001905,0.000000,0.000000,0.000000,0.000000,0.001905,0.000000,0.000000,0.000000,0.000000
smith,3,0.000000,0.000000,0.000000,0.000000,0.000000,0.000000,0.000000,0.000000,0.000000,0.000000,0.000000,0.000000,0.005714,0.000000,0.000000,0.000000,0.000000,0.000000,0.000000,0.000000,0.000000,0.000000
service,3,0.000000,0.000000,0.000000,0.000000,0.000000,0.000000,0.000000,0.000000,0.000000,0.000000,0.000000,0.000000,0.001905,0.000000,0.000000,0.001905,0.001905,0.000000,0.000000,0.000000,0.000000,0.000000
september,3,0.000000,0.000000,0.000000,0.000000,0.000000,0.000000,0.000000,0.000000,0.000000,0.000000,0.000000,0.000000,0.000000,0.000000,0.000000,0.005714,0.000000,0.000000,0.000000,0.000000,0.000000,0.000000
safety,3,0.000000,0.000000,0.000000,0.000000,0.000000,0.000000,0.000000,0.000000,0.000000,0.000000,0.000000,0.000000,0.000000,0.000000,0.000000,0.000000,0.000000,0.000000,0.003810,0.000000,0.000000,0.001905
rockwell,3,0.000000,0.000000,0.000000,0.000000,0.000000,0.000000,0.000000,0.000000,0.000000,0.005714,0.000000,0.000000,0.000000,0.000000,0.000000,0.000000,0.000000,0.000000,0.000000,0.000000,0.000000,0.000000
radio,3,0.000000,0.000000,0.000000,0.000000,0.000000,0.000000,0.005714,0.000000,0.000000,0.000000,0.000000,0.000000,0.000000,0.000000,0.000000,0.000000,0.000000,0.000000,0.000000,0.000000,0.000000,0.000000
program,3,0.000000,0.000000,0.000000,0.000000,0.000000,0.000000,0.000000,0.001905,0.000000,0.000000,0.000000,0.000000,0.000000,0.000000,0.003810,0.000000,0.000000,0.000000,0.000000,0.000000,0.000000,0.000000
process,3,0.000000,0.000000,0.000000,0.000000,0.000000,0.000000,0.003810,0.000000,0.000000,0.000000,0.000000,0.001905,0.000000,0.000000,0.000000,0.000000,0.000000,0.000000,0.000000,0.000000,0.000000,0.000000
panel,3,0.000000,0.000000,0.000000,0.000000,0.000000,0.000000,0.001905,0.000000,0.000000,0.000000,0.000000,0.000000,0.000000,0.000000,0.000000,0.000000,0.000000,0.000000,0.000000,0.003810,0.000000,0.000000
nebula,3,0.000000,0.000000,0.000000,0.000000,0.000000,0.000000,0.000000,0.000000,0.000000,0.000000,0.000000,0.000000,0.000000,0.000000,0.000000,0.000000,0.000000,0.000000,0.000000,0.000000,0.000000,0.005714
livermore,3,0.000000,0.000000,0.000000,0.000000,0.000000,0.000000,0.001905,0.000000,0.000000,0.000000,0.000000,0.000000,0.000000,0.000000,0.000000,0.000000,0.000000,0.000000,0.000000,0.000000,0.000000,0.003810
langley,3,0.000000,0.000000,0.000000,0.000000,0.000000,0.000000,0.000000,0.000000,0.000000,0.005714,0.000000,0.000000,0.000000,0.000000,0.000000,0.000000,0.000000,0.000000,0.000000,0.000000,0.000000,0.000000
l,3,0.000000,0.000000,0.000000,0.000000,0.000000,0.000000,0.000000,0.000000,0.000000,0.000000,0.000000,0.000000,0.001905,0.000000,0.000000,0.000000,0.000000,0.000000,0.001905,0.001905,0.000000,0.000000
jpl,3,0.000000,0.000000,0.000000,0.000000,0.000000,0.000000,0.000000,0.000000,0.000000,0.000000,0.000000,0.000000,0.000000,0.000000,0.001905,0.000000,0.000000,0.000000,0.001905,0.001905,0.000000,0.000000
jan,3,0.000000,0.000000,0.000000,0.000000,0.000000,0.000000,0.000000,0.000000,0.005714,0.000000,0.000000,0.000000,0.000000,0.000000,0.000000,0.000000,0.000000,0.000000,0.000000,0.000000,0.000000,0.000000
j,3,0.000000,0.000000,0.000000,0.000000,0.000000,0.001905,0.000000,0.000000,0.000000,0.000000,0.000000,0.000000,0.000000,0.000000,0.000000,0.000000,0.000000,0.001905,0.000000,0.001905,0.000000,0.000000
inc,3,0.000000,0.000000,0.000000,0.000000,0.000000,0.000000,0.000000,0.001905,0.001905,0.000000,0.000000,0.000000,0.000000,0.000000,0.001905,0.000000,0.000000,0.000000,0.000000,0.000000,0.000000,0.000000
house,3,0.000000,0.000000,0.000000,0.000000,0.001905,0.000000,0.000000,0.000000,0.000000,0.000000,0.000000,0.000000,0.000000,0.000000,0.000000,0.000000,0.000000,0.000000,0.000000,0.003810,0.000000,0.000000
history,3,0.000000,0.000000,0.000000,0.000000,0.000000,0.000000,0.000000,0.000000,0.001905,0.001905,0.000000,0.000000,0.001905,0.000000,0.000000,0.000000,0.000000,0.000000,0.000000,0.000000,0.000000,0.000000
gsfc,3,0.000000,0.000000,0.000000,0.000000,0.000000,0.000000,0.000000,0.000000,0.000000,0.000000,0.000000,0.000000,0.000000,0.000000,0.000000,0.003810,0.000000,0.001905,0.000000,0.000000,0.000000,0.000000
government,3,0.000000,0.000000,0.000000,0.000000,0.003810,0.000000,0.000000,0.000000,0.000000,0.000000,0.000000,0.000000,0.000000,0.000000,0.000000,0.000000,0.000000,0.000000,0.001905,0.000000,0.000000,0.000000
george,3,0.000000,0.000000,0.000000,0.000000,0.000000,0.000000,0.001905,0.000000,0.000000,0.000000,0.000000,0.000000,0.000000,0.000000,0.000000,0.000000,0.000000,0.000000,0.001905,0.001905,0.000000,0.000000
foundation,3,0.000000,0.000000,0.000000,0.000000,0.000000,0.000000,0.000000,0.000000,0.000000,0.000000,0.000000,0.000000,0.000000,0.000000,0.000000,0.000000,0.000000,0.000000,0.001905,0.001905,0.000000,0.001905
field,3,0.000000,0.000000,0.000000,0.000000,0.005714,0.000000,0.000000,0.000000,0.000000,0.000000,0.000000,0.000000,0.000000,0.000000,0.000000,0.000000,0.000000,0.000000,0.000000,0.000000,0.000000,0.000000
federation,3,0.000000,0.000000,0.000000,0.000000,0.000000,0.000000,0.000000,0.000000,0.000000,0.000000,0.000000,0.000000,0.000000,0.000000,0.000000,0.000000,0.001905,0.000000,0.003810,0.000000,0.000000,0.000000
failure,3,0.000000,0.000000,0.000000,0.000000,0.000000,0.000000,0.001905,0.000000,0.000000,0.001905,0.000000,0.000000,0.001905,0.000000,0.000000,0.000000,0.000000,0.000000,0.000000,0.000000,0.000000,0.000000
f,3,0.000000,0.000000,0.000000,0.000000,0.000000,0.000000,0.001905,0.000000,0.000000,0.000000,0.000000,0.000000,0.000000,0.000000,0.000000,0.000000,0.000000,0.000000,0.000000,0.003810,0.000000,0.000000
executive,3,0.000000,0.000000,0.000000,0.000000,0.000000,0.000000,0.000000,0.000000,0.000000,0.001905,0.000000,0.000000,0.000000,0.000000,0.000000,0.000000,0.000000,0.000000,0.001905,0.001905,0.000000,0.000000
estess,3,0.000000,0.000000,0.000000,0.000000,0.000000,0.000000,0.000000,0.000000,0.000000,0.000000,0.000000,0.000000,0.000000,0.000000,0.000000,0.005714,0.000000,0.000000,0.000000,0.000000,0.000000,0.000000
edward,3,0.000000,0.000000,0.000000,0.000000,0.000000,0.000000,0.001905,0.000000,0.000000,0.000000,0.000000,0.001905,0.000000,0.000000,0.000000,0.000000,0.000000,0.001905,0.000000,0.000000,0.000000,0.000000
editor,3,0.000000,0.000000,0.000000,0.000000,0.000000,0.000000,0.001905,0.000000,0.000000,0.000000,0.000000,0.000000,0.000000,0.000000,0.003810,0.000000,0.000000,0.000000,0.000000,0.000000,0.000000,0.000000
dust,3,0.000000,0.000000,0.000000,0.000000,0.000000,0.000000,0.000000,0.005714,0.000000,0.000000,0.000000,0.000000,0.000000,0.000000,0.000000,0.000000,0.000000,0.000000,0.000000,0.000000,0.000000,0.000000
depletion,3,0.000000,0.000000,0.000000,0.000000,0.000000,0.000000,0.003810,0.000000,0.001905,0.000000,0.000000,0.000000,0.000000,0.000000,0.000000,0.000000,0.000000,0.000000,0.000000,0.000000,0.000000,0.000000
december,3,0.000000,0.000000,0.000000,0.000000,0.000000,0.000000,0.000000,0.000000,0.000000,0.000000,0.000000,0.000000,0.000000,0.000000,0.000000,0.000000,0.000000,0.000000,0.005714,0.000000,0.000000,0.000000
corporation,3,0.000000,0.000000,0.000000,0.000000,0.001905,0.000000,0.000000,0.000000,0.000000,0.001905,0.000000,0.000000,0.000000,0.000000,0.001905,0.000000,0.000000,0.000000,0.000000,0.000000,0.000000,0.000000
companion,3,0.000000,0.000000,0.000000,0.000000,0.000000,0.000000,0.000000,0.000000,0.000000,0.000000,0.000000,0.005714,0.000000,0.000000,0.000000,0.000000,0.000000,0.000000,0.000000,0.000000,0.000000,0.000000
collider,3,0.000000,0.000000,0.000000,0.000000,0.000000,0.000000,0.005714,0.000000,0.000000,0.000000,0.000000,0.000000,0.000000,0.000000,0.000000,0.000000,0.000000,0.000000,0.000000,0.000000,0.000000,0.000000
college,3,0.000000,0.000000,0.000000,0.000000,0.000000,0.001905,0.000000,0.000000,0.000000,0.003810,0.000000,0.000000,0.000000,0.000000,0.000000,0.000000,0.000000,0.000000,0.000000,0.000000,0.000000,0.000000
cole,3,0.000000,0.000000,0.000000,0.000000,0.000000,0.000000,0.000000,0.000000,0.000000,0.000000,0.000000,0.000000,0.000000,0.000000,0.005714,0.000000,0.000000,0.000000,0.000000,0.000000,0.000000,0.000000
campbell,3,0.000000,0.000000,0.000000,0.000000,0.000000,0.000000,0.000000,0.000000,0.000000,0.000000,0.000000,0.000000,0.000000,0.000000,0.000000,0.005714,0.000000,0.000000,0.000000,0.000000,0.000000,0.000000
branch,3,0.000000,0.000000,0.000000,0.000000,0.000000,0.000000,0.001905,0.000000,0.000000,0.000000,0.000000,0.000000,0.000000,0.000000,0.000000,0.001905,0.000000,0.000000,0.000000,0.001905,0.000000,0.000000
australia,3,0.000000,0.000000,0.000000,0.000000,0.000000,0.000000,0.001905,0.000000,0.000000,0.000000,0.000000,0.000000,0.000000,0.000000,0.000000,0.000000,0.001905,0.000000,0.001905,0.000000,0.000000,0.000000
atmosphere,3,0.000000,0.000000,0.000000,0.000000,0.000000,0.000000,0.000000,0.001905,0.001905,0.000000,0.000000,0.000000,0.000000,0.000000,0.000000,0.000000,0.000000,0.000000,0.000000,0.000000,0.001905,0.000000
accretion,3,0.000000,0.000000,0.000000,0.000000,0.000000,0.000000,0.000000,0.000000,0.000000,0.000000,0.000000,0.005714,0.000000,0.000000,0.000000,0.000000,0.000000,0.000000,0.000000,0.000000,0.000000,0.000000
2/94,3,0.000000,0.000000,0.000000,0.000000,0.000000,0.000000,0.000000,0.005714,0.000000,0.000000,0.000000,0.000000,0.000000,0.000000,0.000000,0.000000,0.000000,0.000000,0.000000,0.000000,0.000000,0.000000
