the space,122,0.006917,0.005188,0.001729,0.003459,0.018158,0.004323,0.022482,0.016429,0.002594,0.001729,0.001729,0.005188,0.001729,0.001729,0.000865,0.000865,0.004323,0.000865,0.002594,0.000865,0.000865,0.000865
the house,64,0.000865,0.002594,0.000000,0.000865,0.010376,0.001729,0.005188,0.012105,0.000000,0.002594,0.000865,0.003459,0.000000,0.000865,0.000865,0.000865,0.000865,0.000000,0.000865,0.005188,0.000865,0.004323
the iss,45,0.000000,0.000000,0.000000,0.000000,0.000000,0.000000,0.000000,0.000000,0.000000,0.007782,0.008647,0.009511,0.000000,0.002594,0.000000,0.001729,0.000865,0.000865,0.002594,0.000865,0.000865,0.001729
the clinton,38,0.000000,0.000000,0.000000,0.000000,0.000000,0.000000,0.020752,0.005188,0.000000,0.002594,0.001729,0.000000,0.000000,0.001729,0.000000,0.000865,0.000000,0.000000,0.000000,0.000000,0.000000,0.000000
the project,30,0.000000,0.000000,0.000000,0.000000,0.004323,0.000000,0.011241,0.000000,0.000000,0.000000,0.003459,0.001729,0.001729,0.000865,0.000865,0.000000,0.000000,0.000000,0.000000,0.000865,0.000000,0.000000
the program,28,0.000000,0.000000,0.000000,0.000000,0.003459,0.000865,0.004323,0.003459,0.000000,0.000865,0.003459,0.006053,0.000865,0.000000,0.000000,0.000000,0.000000,0.000000,0.000000,0.000865,0.000000,0.000000
the shuttle,25,0.000000,0.002594,0.000000,0.001729,0.000865,0.000000,0.000865,0.004323,0.000000,0.001729,0.002594,0.001729,0.000865,0.000000,0.000000,0.000000,0.002594,0.000000,0.001729,0.000000,0.000000,0.000000
the first,24,0.000000,0.000865,0.001729,0.000000,0.000865,0.000865,0.000865,0.001729,0.000865,0.003459,0.001729,0.001729,0.000865,0.001729,0.000000,0.000000,0.000865,0.000000,0.000865,0.000865,0.000000,0.000865
the senate,23,0.000000,0.000865,0.000000,0.001729,0.004323,0.000865,0.003459,0.002594,0.000000,0.000000,0.000000,0.002594,0.000000,0.000000,0.000865,0.000000,0.000865,0.000000,0.000865,0.000000,0.000000,0.000865
the russian,20,0.000000,0.000000,0.000000,0.000000,0.000000,0.000000,0.000865,0.003459,0.000000,0.002594,0.006917,0.001729,0.000865,0.000000,0.000000,0.000000,0.000000,0.000000,0.000000,0.000000,0.000000,0.000865
the moon,20,0.000000,0.000000,0.002594,0.001729,0.000000,0.002594,0.000865,0.000865,0.000000,0.000865,0.000000,0.000000,0.000000,0.000865,0.000000,0.000000,0.000000,0.002594,0.001729,0.000000,0.000000,0.001729
the report,16,0.000865,0.000000,0.000000,0.000000,0.000000,0.000000,0.000865,0.000000,0.000000,0.000865,0.005188,0.004323,0.000000,0.001729,0.000000,0.000000,0.000000,0.000000,0.000000,0.000000,0.000000,0.000000
the budget,16,0.000865,0.000000,0.000000,0.000000,0.000000,0.000865,0.001729,0.001729,0.000865,0.000865,0.001729,0.002594,0.000000,0.000000,0.000865,0.000865,0.000000,0.000000,0.000000,0.000865,0.000000,0.000000
the president,15,0.000865,0.000000,0.001729,0.000000,0.000000,0.000865,0.002594,0.003459,0.000865,0.000000,0.000000,0.000865,0.001729,0.000000,0.000000,0.000000,0.000000,0.000000,0.000000,0.000000,0.000000,0.000000
the cost,15,0.000000,0.000000,0.000000,0.000000,0.001729,0.000865,0.000865,0.000865,0.000000,0.000000,0.001729,0.002594,0.000865,0.000000,0.000000,0.000000,0.000865,0.000000,0.000865,0.000000,0.001729,0.000000
the station,14,0.000000,0.000865,0.000000,0.000000,0.000865,0.000000,0.002594,0.004323,0.000865,0.000000,0.001729,0.000865,0.000000,0.000000,0.000000,0.000000,0.000000,0.000000,0.000000,0.000000,0.000000,0.000000
the subcommittee,12,0.000000,0.000000,0.000000,0.000000,0.001729,0.000865,0.000865,0.002594,0.000000,0.000000,0.000000,0.000865,0.000000,0.000000,0.000000,0.002594,0.000000,0.000000,0.000000,0.000000,0.000000,0.000865
the nasa,12,0.001729,0.000000,0.000000,0.000865,0.000865,0.000865,0.000000,0.002594,0.000000,0.000000,0.000000,0.000000,0.000000,0.000000,0.000000,0.000000,0.000000,0.000000,0.000000,0.000000,0.000000,0.003459
the mission,11,0.000000,0.000000,0.000000,0.000000,0.000000,0.000000,0.000865,0.001729,0.000000,0.000865,0.000865,0.000000,0.000000,0.000000,0.000000,0.000000,0.000000,0.000000,0.005188,0.000000,0.000000,0.000000
the committee,11,0.000000,0.000000,0.000000,0.000865,0.000865,0.000000,0.000865,0.000000,0.000000,0.000000,0.000000,0.000000,0.000000,0.000000,0.000000,0.000000,0.001729,0.000000,0.004323,0.000865,0.000000,0.000000
a space,11,0.001729,0.000000,0.000000,0.000000,0.001729,0.000000,0.002594,0.002594,0.000000,0.000000,0.000000,0.000000,0.000865,0.000000,0.000000,0.000000,0.000000,0.000000,0.000000,0.000000,0.000000,0.000000
the future,10,0.000000,0.000000,0.000000,0.000000,0.000000,0.002594,0.000865,0.000000,0.000000,0.000865,0.000000,0.000865,0.000000,0.001729,0.000000,0.000000,0.000000,0.000000,0.001729,0.000000,0.000000,0.000000
the boeing,10,0.000000,0.000000,0.000000,0.000000,0.000000,0.000865,0.000865,0.000000,0.000865,0.000865,0.000000,0.004323,0.000000,0.000000,0.000000,0.000000,0.000865,0.000000,0.000000,0.000000,0.000000,0.000000
the washington,9,0.000000,0.000000,0.000865,0.000000,0.002594,0.000000,0.004323,0.000000,0.000000,0.000000,0.000000,0.000000,0.000000,0.000000,0.000000,0.000000,0.000000,0.000000,0.000000,0.000000,0.000000,0.000000
the end,9,0.000000,0.000000,0.000000,0.000000,0.000865,0.000865,0.000865,0.000865,0.000865,0.000000,0.000865,0.000000,0.000000,0.000865,0.000865,0.000000,0.000000,0.000000,0.000000,0.000000,0.000000,0.000000
the apollo,9,0.000000,0.000000,0.000865,0.000000,0.000000,0.000000,0.000865,0.000000,0.000000,0.000000,0.001729,0.002594,0.000000,0.000000,0.001729,0.000000,0.000000,0.000000,0.000000,0.000000,0.000000,0.000000
the age,9,0.000000,0.000000,0.000000,0.000000,0.000000,0.000000,0.000865,0.000000,0.000000,0.000000,0.000865,0.001729,0.000000,0.000000,0.000000,0.000000,0.000865,0.000000,0.000000,0.000000,0.000000,0.002594
the administration,9,0.000000,0.000000,0.000000,0.000000,0.000000,0.000865,0.004323,0.001729,0.000000,0.000865,0.000000,0.000000,0.000000,0.000000,0.000000,0.000000,0.000000,0.000000,0.000000,0.000000,0.000000,0.000000
the vice,8,0.000000,0.000000,0.000865,0.000865,0.000000,0.000000,0.000000,0.003459,0.000000,0.000000,0.000865,0.000000,0.000865,0.000000,0.000000,0.000000,0.000000,0.000000,0.000000,0.000000,0.000000,0.000000
the hst,8,0.000000,0.000000,0.000000,0.000000,0.000000,0.000000,0.000000,0.000000,0.000000,0.000000,0.000000,0.000000,0.000000,0.000000,0.000000,0.000000,0.000000,0.000000,0.006917,0.000000,0.000000,0.000000
the crew,8,0.000000,0.000000,0.000000,0.000000,0.000865,0.000000,0.001729,0.000000,0.000000,0.000000,0.003459,0.000000,0.000000,0.000000,0.000000,0.000000,0.000000,0.000000,0.000865,0.000000,0.000000,0.000000
the american,8,0.000000,0.000000,0.000000,0.001729,0.000865,0.000000,0.000865,0.000865,0.000000,0.000000,0.000865,0.000865,0.000000,0.000000,0.000000,0.000865,0.000000,0.000000,0.000000,0.000000,0.000000,0.000000
a letter,8,0.000000,0.000000,0.000000,0.000000,0.001729,0.001729,0.000865,0.001729,0.000000,0.000000,0.000000,0.000000,0.000000,0.000000,0.000000,0.000865,0.000000,0.000000,0.000000,0.000000,0.000000,0.000000
the time,7,0.000000,0.000000,0.000000,0.000000,0.000000,0.000000,0.000865,0.000865,0.000000,0.002594,0.000865,0.000000,0.000000,0.000000,0.000000,0.000865,0.000000,0.000000,0.000000,0.000000,0.000000,0.000000
the launch,7,0.000000,0.000865,0.000000,0.000865,0.000000,0.000000,0.000000,0.000865,0.000865,0.000000,0.000865,0.000000,0.000865,0.000000,0.000865,0.000000,0.000000,0.000000,0.000000,0.000000,0.000000,0.000000
the facility,7,0.000000,0.001729,0.000000,0.000000,0.000865,0.000000,0.000865,0.000000,0.000000,0.000000,0.000000,0.000000,0.002594,0.000000,0.000000,0.000000,0.000000,0.000000,0.000000,0.000000,0.000000,0.000000
the development,7,0.000000,0.000000,0.000000,0.000000,0.000865,0.000865,0.000000,0.000865,0.000000,0.000000,0.000865,0.000000,0.000865,0.000865,0.000000,0.000000,0.000000,0.001729,0.000000,0.000000,0.000000,0.000000
the company,7,0.000000,0.000000,0.000000,0.000000,0.000000,0.000000,0.000865,0.000000,0.000000,0.000000,0.000000,0.000865,0.003459,0.000000,0.000000,0.000000,0.000000,0.000000,0.000865,0.000000,0.000000,0.000000
the bill,7,0.000000,0.000865,0.000000,0.000865,0.000000,0.000000,0.000865,0.000000,0.000000,0.000000,0.000000,0.000000,0.001729,0.001729,0.000000,0.000000,0.000000,0.000000,0.000000,0.000000,0.000000,0.000000
the air,7,0.000865,0.000000,0.000000,0.000000,0.000000,0.000865,0.000865,0.000000,0.000000,0.000000,0.000000,0.000000,0.002594,0.000000,0.000000,0.000000,0.000000,0.000000,0.000000,0.000865,0.000000,0.000000
the agreement,7,0.000865,0.000000,0.000000,0.000000,0.000000,0.000000,0.000000,0.002594,0.000000,0.000865,0.000000,0.000000,0.000000,0.000865,0.000000,0.000000,0.000865,0.000000,0.000000,0.000000,0.000000,0.000000
a nasa,7,0.000865,0.000000,0.000000,0.000000,0.000000,0.000865,0.000865,0.001729,0.000000,0.000000,0.000865,0.000865,0.000000,0.000000,0.000000,0.000000,0.000000,0.000000,0.000000,0.000000,0.000000,0.000000
the satellite,6,0.000865,0.000000,0.000000,0.000000,0.000000,0.000000,0.001729,0.000000,0.000000,0.000000,0.000000,0.000000,0.000865,0.000865,0.000865,0.000000,0.000000,0.000000,0.000000,0.000000,0.000000,0.000000
the safety,6,0.000000,0.000000,0.000000,0.000000,0.000000,0.000000,0.000865,0.001729,0.000000,0.000000,0.001729,0.000000,0.000000,0.000000,0.000865,0.000000,0.000000,0.000000,0.000000,0.000000,0.000000,0.000000
the rocket,6,0.000000,0.000000,0.000000,0.000000,0.000000,0.000865,0.000865,0.000000,0.000000,0.000000,0.000000,0.000865,0.000000,0.000000,0.000000,0.000000,0.000000,0.000000,0.002594,0.000000,0.000000,0.000000
the hubble,6,0.000000,0.000000,0.000000,0.002594,0.000000,0.000000,0.000865,0.001729,0.000000,0.000000,0.000000,0.000000,0.000000,0.000000,0.000000,0.000000,0.000000,0.000000,0.000000,0.000000,0.000000,0.000000
the design,6,0.000000,0.000000,0.000000,0.000000,0.000000,0.000000,0.000000,0.000865,0.002594,0.000000,0.000000,0.000000,0.000000,0.000000,0.000000,0.000000,0.000000,0.000000,0.000000,0.000000,0.000000,0.000865
the challenger,6,0.000865,0.000000,0.000000,0.000000,0.001729,0.000000,0.000000,0.000865,0.000000,0.000000,0.000865,0.000000,0.000000,0.000000,0.000000,0.000000,0.000865,0.000000,0.000000,0.000000,0.000000,0.000000
the amendment,6,0.000000,0.000000,0.000000,0.000000,0.000000,0.000000,0.000865,0.001729,0.000000,0.000000,0.000000,0.001729,0.000000,0.000000,0.000000,0.000000,0.000000,0.000000,0.000865,0.000000,0.000000,0.000000
the agency,6,0.000000,0.000865,0.000000,0.000000,0.000000,0.000000,0.002594,0.000865,0.000865,0.000000,0.000000,0.000000,0.000000,0.000000,0.000000,0.000000,0.000000,0.000000,0.000000,0.000000,0.000000,0.000000
an astronaut,6,0.000000,0.000000,0.000000,0.000000,0.000000,0.000000,0.000000,0.000000,0.000000,0.001729,0.000000,0.000000,0.000000,0.000865,0.000000,0.000000,0.000000,0.000000,0.000000,0.000000,0.000000,0.002594
a report,6,0.000000,0.000000,0.000000,0.000000,0.000000,0.000865,0.001729,0.000000,0.000000,0.000000,0.000865,0.000865,0.000000,0.000865,0.000000,0.000000,0.000000,0.000000,0.000000,0.000000,0.000000,0.000000
the year,5,0.000000,0.000000,0.000000,0.000000,0.000000,0.001729,0.000000,0.000000,0.000865,0.000000,0.000000,0.000000,0.000000,0.000865,0.000000,0.000865,0.000000,0.000000,0.000000,0.000000,0.000000,0.000000
the university,5,0.000865,0.000000,0.000000,0.000000,0.000865,0.000000,0.000000,0.001729,0.000000,0.000000,0.000000,0.000000,0.000000,0.000000,0.000000,0.000000,0.000000,0.000000,0.000000,0.000000,0.000000,0.000865
the request,5,0.000000,0.000000,0.000000,0.000000,0.000000,0.000000,0.000000,0.000000,0.000000,0.000000,0.000865,0.000865,0.000000,0.000000,0.000000,0.000000,0.000000,0.000000,0.000000,0.000865,0.000000,0.001729
the plan,5,0.000000,0.000865,0.000000,0.000000,0.000000,0.000000,0.000000,0.000000,0.000000,0.001729,0.001729,0.000000,0.000000,0.000000,0.000000,0.000000,0.000000,0.000000,0.000000,0.000000,0.000000,0.000000
the office,5,0.000000,0.000000,0.000000,0.000000,0.000000,0.000000,0.001729,0.000000,0.000000,0.000000,0.000000,0.001729,0.000000,0.000000,0.000000,0.000000,0.000000,0.000000,0.000865,0.000000,0.000000,0.000000
the johnson,5,0.000000,0.000000,0.000865,0.000000,0.000000,0.000000,0.002594,0.000865,0.000000,0.000000,0.000000,0.000000,0.000000,0.000000,0.000000,0.000000,0.000000,0.000000,0.000000,0.000000,0.000000,0.000000
the investigation,5,0.000865,0.000000,0.000000,0.000000,0.000000,0.000000,0.000000,0.000000,0.000000,0.000000,0.000000,0.000865,0.000865,0.000000,0.000000,0.000000,0.001729,0.000000,0.000000,0.000000,0.000000,0.000000
the internet,5,0.000000,0.000000,0.000000,0.000000,0.000000,0.000000,0.000000,0.001729,0.000000,0.000000,0.000000,0.000000,0.000865,0.000865,0.000000,0.000000,0.000000,0.000000,0.000000,0.000000,0.000000,0.000865
the earth,5,0.000865,0.000000,0.000000,0.000000,0.000000,0.000000,0.000000,0.001729,0.000000,0.000000,0.000000,0.000000,0.001729,0.000000,0.000000,0.000000,0.000000,0.000000,0.000000,0.000000,0.000000,0.000000
the craft,5,0.000000,0.000000,0.000000,0.000000,0.000000,0.000865,0.000000,0.000000,0.000000,0.000865,0.001729,0.000000,0.000000,0.000000,0.000000,0.000000,0.000865,0.000000,0.000000,0.000000,0.000000,0.000000
the columbia,5,0.000000,0.000000,0.000000,0.000000,0.000865,0.000000,0.000000,0.000000,0.000000,0.000000,0.000000,0.000000,0.000000,0.000000,0.000000,0.000000,0.002594,0.000000,0.000865,0.000000,0.000000,0.000000
the bush,5,0.000000,0.000000,0.000000,0.000000,0.001729,0.000865,0.000865,0.000000,0.000000,0.000000,0.000000,0.000000,0.000000,0.000000,0.000000,0.000000,0.000000,0.000000,0.000000,0.000865,0.000000,0.000000
an agreement,5,0.000865,0.000000,0.000000,0.000000,0.000865,0.000000,0.000865,0.000000,0.000000,0.000865,0.000000,0.000000,0.000000,0.000865,0.000000,0.000000,0.000000,0.000000,0.000000,0.000000,0.000000,0.000000
a series,5,0.000865,0.000000,0.000000,0.000000,0.000000,0.000865,0.000000,0.000000,0.000000,0.000000,0.000000,0.000000,0.000865,0.000000,0.000000,0.000000,0.000865,0.000000,0.000000,0.000000,0.000000,0.000000
a group,5,0.000000,0.000000,0.000000,0.000865,0.000865,0.000000,0.000865,0.000865,0.000000,0.000865,0.000000,0.000000,0.000000,0.000000,0.000000,0.000000,0.000000,0.000000,0.000000,0.000000,0.000000,0.000000
a contract,5,0.000000,0.000865,0.000000,0.000000,0.000000,0.000000,0.000000,0.001729,0.001729,0.000000,0.000000,0.000000,0.000000,0.000000,0.000000,0.000000,0.000000,0.000000,0.000000,0.000000,0.000000,0.000000
the world,4,0.000000,0.000000,0.000000,0.000865,0.000000,0.001729,0.000000,0.000000,0.000000,0.000865,0.000000,0.000000,0.000000,0.000000,0.000000,0.000000,0.000000,0.000000,0.000000,0.000000,0.000000,0.000000
the universe,4,0.000000,0.000000,0.000000,0.000000,0.000865,0.000000,0.000000,0.000865,0.000000,0.000000,0.001729,0.000000,0.000000,0.000000,0.000000,0.000000,0.000000,0.000000,0.000000,0.000000,0.000000,0.000000
the triana,4,0.000000,0.000000,0.000000,0.000000,0.000000,0.000000,0.000000,0.000000,0.000000,0.000000,0.000000,0.000000,0.002594,0.000865,0.000000,0.000000,0.000000,0.000000,0.000000,0.000000,0.000000,0.000000
the study,4,0.000000,0.000000,0.000000,0.000000,0.000000,0.000000,0.000000,0.000000,0.000000,0.000000,0.001729,0.001729,0.000000,0.000000,0.000000,0.000000,0.000000,0.000000,0.000000,0.000000,0.000000,0.000000
the press,4,0.000000,0.000000,0.000000,0.000000,0.002594,0.000000,0.000865,0.000000,0.000000,0.000000,0.000000,0.000000,0.000000,0.000000,0.000000,0.000000,0.000000,0.000000,0.000000,0.000000,0.000000,0.000000
the orion,4,0.000000,0.000000,0.000000,0.000000,0.000000,0.000000,0.000000,0.000000,0.000000,0.000000,0.000000,0.000000,0.000000,0.000000,0.000000,0.000000,0.000000,0.000000,0.000000,0.000865,0.000865,0.000000
the fy,4,0.000000,0.000000,0.000000,0.000000,0.000000,0.000000,0.000000,0.000000,0.000000,0.000000,0.000000,0.000865,0.000865,0.000000,0.000000,0.000000,0.000000,0.000000,0.000000,0.000000,0.000865,0.000865
the european,4,0.000000,0.000000,0.000000,0.000000,0.000000,0.001729,0.000865,0.000000,0.000865,0.000000,0.000000,0.000000,0.000000,0.000000,0.000000,0.000000,0.000000,0.000000,0.000000,0.000000,0.000000,0.000000
the department,4,0.000000,0.000000,0.000000,0.000000,0.000000,0.002594,0.000865,0.000000,0.000000,0.000000,0.000000,0.000000,0.000000,0.000000,0.000000,0.000000,0.000000,0.000000,0.000000,0.000000,0.000000,0.000000
the delay,4,0.000000,0.000000,0.000000,0.000000,0.000000,0.000000,0.000000,0.000000,0.000000,0.000000,0.001729,0.000000,0.000000,0.000865,0.000000,0.000000,0.000000,0.000000,0.000000,0.000865,0.000000,0.000000
the defense,4,0.000000,0.000000,0.000000,0.000000,0.000865,0.000000,0.000000,0.001729,0.000000,0.000000,0.000000,0.000000,0.000000,0.000000,0.000000,0.000000,0.000000,0.000000,0.000000,0.000865,0.000000,0.000000
the completion,4,0.000000,0.000000,0.000000,0.000000,0.000000,0.000000,0.000000,0.000000,0.000000,0.000865,0.000000,0.000000,0.000000,0.000865,0.000000,0.000000,0.000000,0.000865,0.000000,0.000865,0.000000,0.000000
the commission,4,0.000000,0.000000,0.000000,0.000000,0.000000,0.000000,0.000000,0.000000,0.000000,0.000000,0.001729,0.000000,0.000000,0.001729,0.000000,0.000000,0.000000,0.000000,0.000000,0.000000,0.000000,0.000000
the collision,4,0.000000,0.000000,0.000000,0.000000,0.000000,0.000000,0.000000,0.000000,0.000000,0.000000,0.003459,0.000000,0.000000,0.000000,0.000000,0.000000,0.000000,0.000000,0.000000,0.000000,0.000000,0.000000
the change,4,0.000865,0.000000,0.000000,0.000000,0.000000,0.000000,0.000000,0.000865,0.000000,0.000000,0.000000,0.000000,0.001729,0.000000,0.000000,0.000000,0.000000,0.000000,0.000000,0.000000,0.000000,0.000000
the cev,4,0.000000,0.000000,0.000000,0.000000,0.000000,0.000000,0.000000,0.000000,0.000000,0.000000,0.000000,0.000000,0.000000,0.000000,0.000000,0.000000,0.000000,0.000000,0.000000,0.001729,0.000000,0.000000
the award,4,0.000000,0.000000,0.000000,0.000000,0.000000,0.000000,0.000000,0.000000,0.000000,0.002594,0.000000,0.000000,0.000000,0.000865,0.000000,0.000000,0.000000,0.000000,0.000000,0.000000,0.000000,0.000000
the asrm,4,0.000000,0.003459,0.000000,0.000000,0.000000,0.000000,0.000000,0.000000,0.000000,0.000000,0.000000,0.000000,0.000000,0.000000,0.000000,0.000000,0.000000,0.000000,0.000000,0.000000,0.000000,0.000000
a statement,4,0.000865,0.000000,0.000000,0.000000,0.000000,0.000000,0.000000,0.002594,0.000000,0.000000,0.000000,0.000000,0.000000,0.000000,0.000000,0.000000,0.000000,0.000000,0.000000,0.000000,0.000000,0.000000
a replacement,4,0.000000,0.000000,0.000000,0.000000,0.000000,0.000000,0.000000,0.000865,0.000000,0.000000,0.000000,0.000000,0.000000,0.000865,0.000000,0.000000,0.000000,0.000865,0.000865,0.000000,0.000000,0.000000
a period,4,0.000000,0.000000,0.000000,0.000000,0.000000,0.000000,0.000000,0.000000,0.000000,0.001729,0.000000,0.000000,0.000000,0.001729,0.000000,0.000000,0.000000,0.000000,0.000000,0.000000,0.000000,0.000000
a member,4,0.000000,0.000000,0.000000,0.000000,0.000000,0.000865,0.000000,0.000865,0.000000,0.000000,0.000000,0.000865,0.000000,0.000000,0.000000,0.000000,0.000000,0.000000,0.000000,0.000000,0.000000,0.000865
