orbital sciences,39,0.000000,0.000000,0.000000,0.000642,0.003850,0.000321,0.000962,0.000642,0.000321,0.002567,0.000000,0.000321,0.000962,0.000000,0.000321,0.000000,0.000321,0.000000,0.000000,0.000642,0.000321,0.000000
general dynamics,21,0.001604,0.000321,0.000000,0.000321,0.001604,0.000642,0.001604,0.000642,0.000000,0.000000,0.000000,0.000000,0.000000,0.000000,0.000000,0.000000,0.000000,0.000000,0.000000,0.000000,0.000000,0.000000
white sands,14,0.000000,0.000000,0.000321,0.000000,0.001283,0.000321,0.000962,0.000642,0.000000,0.000321,0.000000,0.000321,0.000000,0.000000,0.000000,0.000000,0.000000,0.000000,0.000000,0.000000,0.000321,0.000000
military communications,14,0.000000,0.000000,0.000000,0.000000,0.000321,0.000321,0.000642,0.000321,0.000000,0.000000,0.000000,0.000000,0.000642,0.000321,0.000000,0.000000,0.001283,0.000000,0.000642,0.000000,0.000000,0.000000
technical problems,9,0.000000,0.000000,0.000000,0.000321,0.000000,0.000000,0.000642,0.000000,0.000000,0.000000,0.000000,0.000321,0.000321,0.000000,0.000000,0.000000,0.000642,0.000000,0.000000,0.000000,0.000000,0.000000
solar flares,7,0.000000,0.000000,0.000000,0.000000,0.000000,0.000321,0.000000,0.000000,0.000000,0.000321,0.000000,0.000000,0.000000,0.000000,0.000000,0.000642,0.000321,0.000000,0.000000,0.000321,0.000000,0.000000
scientific experiments,7,0.000000,0.000000,0.000000,0.000000,0.000321,0.000000,0.000000,0.000000,0.000000,0.000321,0.000000,0.000000,0.000000,0.000321,0.000000,0.000000,0.000321,0.000000,0.000642,0.000000,0.000000,0.000000
main engines,7,0.000642,0.000962,0.000000,0.000000,0.000000,0.000321,0.000000,0.000000,0.000000,0.000000,0.000000,0.000000,0.000000,0.000000,0.000000,0.000321,0.000000,0.000000,0.000000,0.000000,0.000000,0.000000
scientific instruments,6,0.000000,0.000321,0.000000,0.000000,0.000000,0.000000,0.000000,0.000000,0.000000,0.000000,0.000000,0.000000,0.000000,0.000000,0.000000,0.000000,0.000000,0.000321,0.000000,0.000321,0.000642,0.000321
orbital debris,6,0.000000,0.000000,0.000642,0.000000,0.000000,0.000000,0.000000,0.000962,0.000000,0.000000,0.000000,0.000000,0.000000,0.000321,0.000000,0.000000,0.000000,0.000000,0.000000,0.000000,0.000000,0.000000
military satellites,6,0.000000,0.000000,0.000000,0.000000,0.000000,0.000000,0.000000,0.000642,0.000000,0.000000,0.000000,0.000000,0.000321,0.000000,0.000000,0.000321,0.000321,0.000000,0.000321,0.000000,0.000000,0.000000
ballistic missiles,6,0.000000,0.000321,0.000321,0.000000,0.000321,0.000000,0.000000,0.000321,0.000000,0.000000,0.000000,0.000000,0.000000,0.000000,0.000000,0.000000,0.000321,0.000000,0.000000,0.000000,0.000321,0.000000
western europe's,5,0.000000,0.000000,0.000000,0.000000,0.000000,0.000000,0.001283,0.000321,0.000000,0.000000,0.000000,0.000000,0.000000,0.000000,0.000000,0.000000,0.000000,0.000000,0.000000,0.000000,0.000000,0.000000
small satellites,5,0.000000,0.000000,0.000000,0.000321,0.000000,0.000000,0.000321,0.000000,0.000000,0.000000,0.000000,0.000000,0.000000,0.000000,0.000000,0.000000,0.000321,0.000000,0.000000,0.000000,0.000321,0.000000
small payloads,5,0.000000,0.000000,0.000000,0.000321,0.000000,0.000000,0.000321,0.000000,0.000642,0.000000,0.000000,0.000321,0.000000,0.000000,0.000000,0.000000,0.000000,0.000000,0.000000,0.000000,0.000000,0.000000
scientific satellites,5,0.000321,0.000000,0.000000,0.000000,0.000000,0.000000,0.000000,0.000000,0.000000,0.000642,0.000000,0.000000,0.000000,0.000321,0.000000,0.000000,0.000000,0.000000,0.000321,0.000000,0.000000,0.000000
commercial communications,5,0.000000,0.000321,0.000000,0.000000,0.000000,0.000000,0.000000,0.000000,0.000321,0.000000,0.000000,0.000000,0.000000,0.000000,0.000000,0.000000,0.000321,0.000000,0.000000,0.000000,0.000642,0.000000
western analysts,4,0.000000,0.000000,0.000000,0.000321,0.000000,0.000000,0.000000,0.000000,0.000000,0.000000,0.000000,0.000000,0.000000,0.000000,0.000000,0.000000,0.000962,0.000000,0.000000,0.000000,0.000000,0.000000
solar arrays,4,0.000000,0.000000,0.000000,0.000000,0.000000,0.000000,0.000000,0.000000,0.000000,0.000000,0.000000,0.000000,0.000321,0.000000,0.000000,0.000000,0.000321,0.000000,0.000000,0.000000,0.000321,0.000321
new orleans,4,0.000642,0.000000,0.000000,0.000000,0.000000,0.000000,0.000000,0.000321,0.000000,0.000000,0.000000,0.000000,0.000321,0.000000,0.000000,0.000000,0.000000,0.000000,0.000000,0.000000,0.000000,0.000000
military forces,4,0.000000,0.000000,0.000000,0.000000,0.000321,0.000321,0.000000,0.000000,0.000000,0.000000,0.000000,0.000000,0.000000,0.000321,0.000000,0.000000,0.000321,0.000000,0.000000,0.000000,0.000000,0.000000
main parachutes,4,0.000000,0.000000,0.000000,0.000000,0.000000,0.000000,0.000000,0.000000,0.000000,0.000000,0.000000,0.000000,0.000000,0.000000,0.000000,0.000000,0.000321,0.000000,0.000000,0.000000,0.000000,0.000000
cosmic rays,4,0.000321,0.000000,0.000000,0.000000,0.000000,0.000321,0.000000,0.000000,0.000000,0.000000,0.000000,0.000000,0.000321,0.000000,0.000000,0.000000,0.000000,0.000000,0.000000,0.000000,0.000000,0.000321
young people,3,0.000000,0.000000,0.000000,0.000000,0.000642,0.000000,0.000321,0.000000,0.000000,0.000000,0.000000,0.000000,0.000000,0.000000,0.000000,0.000000,0.000000,0.000000,0.000000,0.000000,0.000000,0.000000
soviet union’s,3,0.000000,0.000000,0.000000,0.000000,0.000000,0.000000,0.000000,0.000000,0.000000,0.000000,0.000000,0.000000,0.000642,0.000000,0.000000,0.000000,0.000000,0.000000,0.000000,0.000000,0.000321,0.000000
soviet cosmonauts,3,0.000000,0.000000,0.000321,0.000000,0.000642,0.000000,0.000000,0.000000,0.000000,0.000000,0.000000,0.000000,0.000000,0.000000,0.000000,0.000000,0.000000,0.000000,0.000000,0.000000,0.000000,0.000000
solar panels,3,0.000000,0.000000,0.000000,0.000000,0.000000,0.000000,0.000321,0.000321,0.000000,0.000000,0.000000,0.000000,0.000000,0.000000,0.000000,0.000000,0.000000,0.000000,0.000000,0.000000,0.000000,0.000000
other countries,3,0.000000,0.000000,0.000000,0.000000,0.000321,0.000000,0.000000,0.000000,0.000000,0.000000,0.000000,0.000000,0.000000,0.000000,0.000000,0.000321,0.000000,0.000000,0.000000,0.000000,0.000000,0.000321
new horizons,3,0.000000,0.000000,0.000000,0.000000,0.000000,0.000000,0.000000,0.000000,0.000000,0.000000,0.000000,0.000000,0.000000,0.000000,0.000000,0.000000,0.000000,0.000000,0.000000,0.000962,0.000000,0.000000
navigational satellites,3,0.000321,0.000321,0.000000,0.000000,0.000000,0.000000,0.000000,0.000000,0.000000,0.000000,0.000000,0.000000,0.000000,0.000000,0.000000,0.000000,0.000321,0.000000,0.000000,0.000000,0.000000,0.000000
natural disasters,3,0.000000,0.000000,0.000000,0.000000,0.000000,0.000000,0.000000,0.000000,0.000000,0.000000,0.000000,0.000000,0.000000,0.000000,0.000000,0.000321,0.000321,0.000000,0.000000,0.000321,0.000000,0.000000
natural causes,3,0.000000,0.000000,0.000000,0.000000,0.000000,0.000000,0.000000,0.000000,0.000000,0.000000,0.000000,0.000962,0.000000,0.000000,0.000000,0.000000,0.000000,0.000000,0.000000,0.000000,0.000000,0.000000
meteorological satellites,3,0.000000,0.000000,0.000000,0.000000,0.000000,0.000000,0.000000,0.000000,0.000000,0.000000,0.000000,0.000000,0.000000,0.000000,0.000000,0.000000,0.000000,0.000000,0.000000,0.000642,0.000000,0.000321
meteorological data,3,0.000000,0.000000,0.000000,0.000000,0.000000,0.000000,0.000000,0.000000,0.000000,0.000000,0.000000,0.000000,0.000000,0.000321,0.000000,0.000321,0.000000,0.000000,0.000000,0.000321,0.000000,0.000000
late 1990s,3,0.000000,0.000000,0.000000,0.000000,0.000642,0.000321,0.000000,0.000000,0.000000,0.000000,0.000000,0.000000,0.000000,0.000000,0.000000,0.000000,0.000000,0.000000,0.000000,0.000000,0.000000,0.000000
heavy satellites,3,0.000000,0.000000,0.000000,0.000000,0.000000,0.000000,0.000000,0.000642,0.000000,0.000000,0.000000,0.000000,0.000000,0.000000,0.000000,0.000000,0.000000,0.000000,0.000000,0.000321,0.000000,0.000000
great observatories,3,0.000000,0.000321,0.000000,0.000000,0.000000,0.000000,0.000000,0.000000,0.000000,0.000000,0.000000,0.000000,0.000000,0.000000,0.000000,0.000000,0.000642,0.000000,0.000000,0.000000,0.000000,0.000000
commercial telecommunications,3,0.000000,0.000000,0.000000,0.000000,0.000000,0.000000,0.000000,0.000000,0.000000,0.000000,0.000000,0.000000,0.000000,0.000000,0.000000,0.000321,0.000321,0.000000,0.000321,0.000000,0.000000,0.000000
black holes,3,0.000000,0.000000,0.000000,0.000321,0.000000,0.000000,0.000000,0.000000,0.000000,0.000000,0.000000,0.000000,0.000000,0.000321,0.000000,0.000000,0.000000,0.000000,0.000000,0.000000,0.000000,0.000321
