carrying,110,0.000481,0.000642,0.000481,0.000802,0.001765,0.000642,0.000321,0.000481,0.000160,0.000321,0.000321,0.001604,0.003369,0.000481,0.000642,0.000160,0.001765,0.000160,0.000481,0.000802,0.000962,0.000321
using,60,0.000481,0.000321,0.000000,0.000321,0.000642,0.000962,0.000481,0.000962,0.000000,0.000000,0.000160,0.000000,0.000642,0.000160,0.000321,0.000481,0.001283,0.000160,0.000160,0.000481,0.000642,0.000160
according,58,0.000642,0.000642,0.000160,0.000321,0.002567,0.000321,0.000642,0.000642,0.000000,0.000160,0.000321,0.000321,0.000481,0.000000,0.000321,0.000000,0.000321,0.000321,0.000802,0.000000,0.000321,0.000000
including,49,0.000000,0.000321,0.000160,0.000000,0.000642,0.000321,0.000000,0.000481,0.000000,0.000000,0.000321,0.000160,0.000160,0.000321,0.000642,0.000321,0.000321,0.000160,0.000160,0.000802,0.000802,0.001123
landing,48,0.000000,0.000481,0.000962,0.000160,0.000000,0.000160,0.000160,0.000160,0.000000,0.001123,0.000000,0.000321,0.000000,0.000321,0.000321,0.000000,0.001283,0.000000,0.000000,0.000642,0.000160,0.000321
launching,45,0.001283,0.000160,0.000160,0.000481,0.000160,0.000160,0.000321,0.000802,0.000000,0.000642,0.000000,0.000802,0.000481,0.000000,0.000160,0.000000,0.000962,0.000160,0.000160,0.000000,0.000321,0.000000
following,36,0.000321,0.001123,0.000321,0.000000,0.000000,0.000000,0.000000,0.000481,0.000000,0.000000,0.000000,0.000321,0.000962,0.000481,0.000000,0.000000,0.000962,0.000000,0.000000,0.000160,0.000160,0.000000
developing,32,0.000000,0.000000,0.000000,0.000160,0.000642,0.000321,0.000321,0.000160,0.000000,0.000000,0.000000,0.000000,0.000481,0.000160,0.000321,0.000000,0.000481,0.000000,0.000000,0.000000,0.001444,0.000321
firing,30,0.000962,0.001765,0.000160,0.000000,0.000000,0.000642,0.000481,0.000000,0.000000,0.000000,0.000000,0.000000,0.000000,0.000000,0.000000,0.000000,0.000160,0.000000,0.000000,0.000000,0.000160,0.000160
testing,28,0.000321,0.000642,0.000000,0.000160,0.000160,0.000000,0.000000,0.000000,0.000000,0.000000,0.000000,0.000321,0.000160,0.000160,0.000000,0.000000,0.000481,0.000000,0.000000,0.000000,0.000321,0.000962
engineering,26,0.000000,0.000481,0.000160,0.000962,0.000160,0.000160,0.000160,0.000160,0.000000,0.000000,0.000000,0.000321,0.000481,0.000000,0.000000,0.000000,0.000481,0.000000,0.000000,0.000000,0.000160,0.000000
sounding,25,0.000160,0.000321,0.000160,0.000160,0.000481,0.000321,0.000000,0.000481,0.000000,0.000000,0.000000,0.000962,0.000000,0.000000,0.000000,0.000000,0.000000,0.000160,0.000000,0.000160,0.000481,0.000000
orbiting,24,0.000321,0.000481,0.000000,0.000000,0.000321,0.000802,0.000481,0.000160,0.000000,0.000000,0.000000,0.000000,0.000160,0.000160,0.000000,0.000321,0.000000,0.000000,0.000160,0.000160,0.000160,0.000000
being,22,0.000160,0.000160,0.000000,0.000000,0.000962,0.000481,0.000481,0.001123,0.000000,0.000000,0.000000,0.000000,0.000000,0.000160,0.000000,0.000000,0.000000,0.000000,0.000000,0.000000,0.000000,0.000000
providing,20,0.000000,0.000160,0.000000,0.000000,0.000000,0.000160,0.000000,0.000000,0.000000,0.000160,0.000160,0.000160,0.000481,0.000000,0.000321,0.000160,0.000481,0.000160,0.000321,0.000160,0.000321,0.000000
flying,18,0.000000,0.000000,0.000000,0.000000,0.000160,0.000321,0.000160,0.000000,0.000000,0.000321,0.000160,0.000321,0.000000,0.000000,0.000000,0.000160,0.000321,0.000160,0.000160,0.000160,0.000000,0.000000
building,18,0.000160,0.000481,0.000000,0.000160,0.000160,0.000321,0.000000,0.000000,0.000000,0.000160,0.000000,0.000000,0.000000,0.000321,0.000000,0.000160,0.000160,0.000000,0.000160,0.000000,0.000000,0.000000
funding,17,0.000160,0.000160,0.000000,0.000000,0.000000,0.000000,0.000481,0.000321,0.000000,0.000160,0.000000,0.000160,0.000160,0.000160,0.000321,0.000000,0.000000,0.000000,0.000000,0.000321,0.000160,0.000000
monitoring,15,0.000481,0.000160,0.000000,0.000000,0.000000,0.000160,0.000000,0.000000,0.000000,0.000000,0.000000,0.000000,0.000321,0.000160,0.000000,0.000481,0.000321,0.000000,0.000000,0.000321,0.000000,0.000000
observing,14,0.000000,0.000000,0.000000,0.000160,0.000160,0.000000,0.000000,0.000000,0.000000,0.000321,0.000000,0.000000,0.000481,0.000160,0.000000,0.000160,0.000321,0.000000,0.000000,0.000321,0.000000,0.000000
working,13,0.000000,0.000000,0.000000,0.000000,0.000160,0.000321,0.000000,0.000160,0.000160,0.000000,0.000000,0.000160,0.000160,0.000000,0.000160,0.000000,0.000321,0.000000,0.000000,0.000321,0.000000,0.000000
tracking,13,0.000000,0.000481,0.000000,0.000000,0.000000,0.000000,0.000000,0.000000,0.000000,0.000160,0.000000,0.000000,0.000160,0.000160,0.000000,0.000321,0.000000,0.000000,0.000160,0.000000,0.000321,0.000160
returning,13,0.000000,0.000000,0.000000,0.000000,0.000160,0.000000,0.000160,0.000000,0.000000,0.000160,0.000160,0.000000,0.000321,0.000000,0.000000,0.000000,0.000481,0.000000,0.000321,0.000000,0.000160,0.000000
leading,13,0.000000,0.000160,0.000000,0.000000,0.000321,0.000000,0.000000,0.000000,0.000000,0.000000,0.000000,0.000000,0.000321,0.000160,0.000321,0.000000,0.000802,0.000000,0.000000,0.000000,0.000000,0.000000
resulting,12,0.000000,0.000160,0.000000,0.000000,0.000000,0.000000,0.000000,0.000481,0.000000,0.000160,0.000000,0.000000,0.000321,0.000000,0.000000,0.000000,0.000481,0.000000,0.000000,0.000000,0.000000,0.000000
reaching,12,0.000000,0.000000,0.000000,0.000481,0.000000,0.000000,0.000000,0.000000,0.000000,0.000000,0.000160,0.000000,0.000321,0.000160,0.000000,0.000160,0.000000,0.000000,0.000000,0.000160,0.000321,0.000160
planning,12,0.000160,0.000000,0.000000,0.000000,0.000000,0.000160,0.000481,0.000000,0.000000,0.000160,0.000000,0.000160,0.000000,0.000160,0.000160,0.000000,0.000481,0.000000,0.000000,0.000000,0.000000,0.000000
causing,12,0.000000,0.000000,0.000000,0.000160,0.000000,0.000000,0.000000,0.000000,0.000000,0.000160,0.000000,0.000160,0.000321,0.000160,0.000000,0.000000,0.000000,0.000160,0.000160,0.000160,0.000321,0.000000
allowing,12,0.000160,0.000000,0.000160,0.000160,0.000000,0.000160,0.000000,0.000000,0.000000,0.000321,0.000160,0.000000,0.000000,0.000000,0.000000,0.000000,0.000000,0.000000,0.000160,0.000000,0.000000,0.000321
weighing,11,0.000000,0.000160,0.000000,0.000000,0.000000,0.000000,0.000000,0.000000,0.000160,0.000000,0.000000,0.000160,0.000000,0.000000,0.000000,0.000000,0.000000,0.000000,0.000642,0.000160,0.000160,0.000000
studying,11,0.000000,0.000000,0.000000,0.000000,0.000000,0.000000,0.000000,0.000160,0.000000,0.000160,0.000000,0.000000,0.000321,0.000160,0.000000,0.000000,0.000321,0.000000,0.000000,0.000160,0.000321,0.000160
manufacturing,11,0.000000,0.000321,0.000000,0.000000,0.000000,0.000000,0.000160,0.000321,0.000000,0.000000,0.000000,0.000321,0.000642,0.000000,0.000000,0.000000,0.000000,0.000000,0.000000,0.000000,0.000000,0.000000
leaving,11,0.000000,0.000160,0.000000,0.000000,0.000000,0.000000,0.000160,0.000000,0.000000,0.000160,0.000000,0.000000,0.000321,0.000160,0.000000,0.000000,0.000321,0.000000,0.000000,0.000160,0.000000,0.000321
existing,11,0.000160,0.000321,0.000000,0.000000,0.000160,0.000000,0.000000,0.000321,0.000000,0.000000,0.000000,0.000000,0.000321,0.000000,0.000000,0.000160,0.000000,0.000000,0.000160,0.000160,0.000000,0.000000
understanding,10,0.000321,0.000000,0.000000,0.000000,0.000000,0.000321,0.000000,0.000160,0.000000,0.000000,0.000000,0.000000,0.000000,0.000160,0.000000,0.000000,0.000160,0.000000,0.000000,0.000000,0.000160,0.000321
marking,10,0.000000,0.000000,0.000000,0.000000,0.000000,0.000000,0.000000,0.000000,0.000000,0.000000,0.000000,0.000160,0.000160,0.000000,0.000000,0.000000,0.000481,0.000000,0.000000,0.000000,0.000481,0.000000
having,10,0.000000,0.000000,0.000160,0.000000,0.000000,0.000000,0.000000,0.000160,0.000000,0.000000,0.000000,0.000000,0.000321,0.000160,0.000481,0.000000,0.000160,0.000000,0.000000,0.000000,0.000000,0.000160
broadcasting,10,0.000000,0.000000,0.000000,0.000160,0.000321,0.000000,0.000000,0.000000,0.000000,0.000000,0.000000,0.000000,0.000160,0.000000,0.000000,0.000000,0.000000,0.000321,0.000000,0.000321,0.000000,0.000000
beginning,10,0.000000,0.000000,0.000160,0.000321,0.000000,0.000000,0.000000,0.000000,0.000160,0.000000,0.000160,0.000160,0.000000,0.000000,0.000000,0.000000,0.000160,0.000000,0.000000,0.000000,0.000160,0.000160
supporting,9,0.000000,0.000321,0.000000,0.000000,0.000000,0.000000,0.000000,0.000000,0.000000,0.000000,0.000000,0.000000,0.000000,0.000000,0.000000,0.000000,0.000000,0.000000,0.000000,0.000160,0.000642,0.000000
serving,9,0.000321,0.000160,0.000000,0.000000,0.000000,0.000000,0.000160,0.000000,0.000000,0.000160,0.000000,0.000000,0.000000,0.000160,0.000160,0.000000,0.000160,0.000160,0.000000,0.000000,0.000000,0.000000
regarding,9,0.000000,0.000000,0.000000,0.000000,0.000000,0.000000,0.000000,0.000000,0.000000,0.000000,0.000000,0.000000,0.000000,0.000321,0.000481,0.000000,0.000321,0.000000,0.000321,0.000000,0.000000,0.000000
enabling,9,0.000000,0.000000,0.000000,0.000000,0.000000,0.000000,0.000000,0.000000,0.000000,0.000000,0.000000,0.000000,0.000160,0.000000,0.000160,0.000000,0.000321,0.000000,0.000000,0.000481,0.000000,0.000000
designing,9,0.000000,0.000000,0.000000,0.000000,0.000321,0.000000,0.000000,0.000160,0.000000,0.000000,0.000000,0.000000,0.000000,0.000160,0.000000,0.000160,0.000000,0.000000,0.000000,0.000160,0.000160,0.000000
traveling,8,0.000000,0.000000,0.000000,0.000000,0.000000,0.000000,0.000000,0.000000,0.000000,0.000000,0.000000,0.000160,0.000160,0.000000,0.000000,0.000000,0.000321,0.000160,0.000000,0.000000,0.000000,0.000160
surrounding,8,0.000000,0.000000,0.000160,0.000000,0.000000,0.000160,0.000000,0.000160,0.000000,0.000000,0.000321,0.000000,0.000000,0.000160,0.000000,0.000000,0.000160,0.000000,0.000000,0.000000,0.000000,0.000160
operating,8,0.000160,0.000000,0.000000,0.000000,0.000000,0.000000,0.000160,0.000000,0.000000,0.000160,0.000000,0.000000,0.000160,0.000000,0.000321,0.000000,0.000160,0.000000,0.000160,0.000000,0.000000,0.000000
killing,8,0.000160,0.000321,0.000160,0.000160,0.000000,0.000321,0.000160,0.000000,0.000000,0.000000,0.000000,0.000000,0.000000,0.000000,0.000000,0.000000,0.000000,0.000000,0.000000,0.000000,0.000000,0.000000
warning,7,0.000160,0.000160,0.000000,0.000160,0.000160,0.000000,0.000000,0.000000,0.000000,0.000000,0.000000,0.000000,0.000160,0.000000,0.000000,0.000000,0.000160,0.000000,0.000160,0.000000,0.000000,0.000000
transporting,7,0.000000,0.000000,0.000000,0.000000,0.000160,0.000000,0.000000,0.000000,0.000000,0.000321,0.000000,0.000000,0.000000,0.000000,0.000160,0.000000,0.000000,0.000160,0.000160,0.000000,0.000000,0.000160
taking,7,0.000000,0.000160,0.000000,0.000000,0.000000,0.000000,0.000000,0.000160,0.000000,0.000160,0.000160,0.000160,0.000000,0.000000,0.000000,0.000000,0.000000,0.000000,0.000000,0.000160,0.000000,0.000000
remaining,7,0.000000,0.000160,0.000000,0.000160,0.000000,0.000000,0.000000,0.000000,0.000000,0.000160,0.000000,0.000000,0.000160,0.000000,0.000000,0.000000,0.000160,0.000000,0.000000,0.000000,0.000160,0.000000
ranging,7,0.000000,0.000160,0.000000,0.000000,0.000000,0.000000,0.000000,0.000160,0.000000,0.000000,0.000000,0.000000,0.000000,0.000000,0.000321,0.000160,0.000000,0.000000,0.000160,0.000160,0.000000,0.000000
processing,7,0.000321,0.000000,0.000160,0.000000,0.000000,0.000160,0.000000,0.000000,0.000000,0.000000,0.000000,0.000000,0.000321,0.000000,0.000000,0.000000,0.000160,0.000000,0.000000,0.000000,0.000000,0.000000
positioning,7,0.000000,0.000000,0.000000,0.000160,0.000160,0.000160,0.000000,0.000160,0.000000,0.000000,0.000000,0.000000,0.000000,0.000000,0.000000,0.000000,0.000160,0.000000,0.000160,0.000000,0.000000,0.000000
generating,7,0.000000,0.000000,0.000000,0.000000,0.000000,0.000000,0.000000,0.000160,0.000160,0.000000,0.000000,0.000000,0.000000,0.000000,0.000000,0.000000,0.000160,0.000160,0.000000,0.000000,0.000321,0.000160
gathering,7,0.000000,0.000000,0.000000,0.000160,0.000000,0.000000,0.000000,0.000000,0.000000,0.000160,0.000321,0.000000,0.000000,0.000000,0.000000,0.000000,0.000160,0.000000,0.000000,0.000160,0.000000,0.000000
floating,7,0.000000,0.000160,0.000000,0.000000,0.000000,0.000000,0.000160,0.000000,0.000000,0.000000,0.000000,0.000160,0.000000,0.000000,0.000160,0.000000,0.000160,0.000000,0.000160,0.000000,0.000160,0.000000
completing,7,0.000000,0.000160,0.000000,0.000000,0.000000,0.000000,0.000000,0.000000,0.000000,0.000160,0.000000,0.000000,0.000321,0.000000,0.000000,0.000000,0.000160,0.000000,0.000160,0.000160,0.000000,0.000000
becoming,7,0.000000,0.000000,0.000000,0.000000,0.000000,0.000000,0.000000,0.000000,0.000000,0.000000,0.000000,0.000160,0.000160,0.000000,0.000000,0.000000,0.000481,0.000000,0.000000,0.000000,0.000000,0.000160
wing,6,0.000000,0.000000,0.000000,0.000000,0.000321,0.000000,0.000321,0.000000,0.000000,0.000000,0.000000,0.000000,0.000000,0.000000,0.000000,0.000000,0.000000,0.000000,0.000000,0.000000,0.000321,0.000000
sensing,6,0.000000,0.000000,0.000160,0.000000,0.000160,0.000000,0.000160,0.000000,0.000000,0.000000,0.000000,0.000000,0.000321,0.000000,0.000000,0.000000,0.000000,0.000000,0.000000,0.000000,0.000000,0.000000
sending,6,0.000160,0.000000,0.000000,0.000000,0.000160,0.000000,0.000000,0.000000,0.000000,0.000000,0.000000,0.000000,0.000160,0.000000,0.000160,0.000000,0.000160,0.000160,0.000000,0.000000,0.000000,0.000000
ring,6,0.000160,0.000642,0.000000,0.000000,0.000000,0.000000,0.000000,0.000000,0.000000,0.000160,0.000000,0.000000,0.000000,0.000000,0.000000,0.000000,0.000000,0.000000,0.000000,0.000000,0.000000,0.000000
replacing,6,0.000000,0.000000,0.000000,0.000000,0.000000,0.000000,0.000000,0.000000,0.000000,0.000000,0.000000,0.000000,0.000160,0.000321,0.000000,0.000000,0.000000,0.000000,0.000160,0.000000,0.000160,0.000000
prompting,6,0.000000,0.000000,0.000000,0.000000,0.000000,0.000000,0.000160,0.000000,0.000000,0.000000,0.000000,0.000000,0.000321,0.000160,0.000000,0.000000,0.000000,0.000000,0.000160,0.000000,0.000000,0.000000
placing,6,0.000000,0.000000,0.000000,0.000000,0.000000,0.000000,0.000000,0.000160,0.000321,0.000160,0.000000,0.000000,0.000000,0.000000,0.000000,0.000160,0.000000,0.000000,0.000000,0.000160,0.000000,0.000000
pending,6,0.000000,0.000321,0.000000,0.000000,0.000000,0.000000,0.000160,0.000000,0.000000,0.000000,0.000000,0.000000,0.000481,0.000000,0.000000,0.000000,0.000000,0.000000,0.000000,0.000000,0.000000,0.000000
opening,6,0.000000,0.000160,0.000000,0.000160,0.000000,0.000000,0.000000,0.000000,0.000000,0.000000,0.000160,0.000000,0.000160,0.000000,0.000000,0.000000,0.000000,0.000000,0.000000,0.000000,0.000160,0.000160
investigating,6,0.000000,0.000000,0.000000,0.000000,0.000000,0.000000,0.000160,0.000160,0.000000,0.000000,0.000000,0.000000,0.000321,0.000000,0.000000,0.000000,0.000321,0.000000,0.000000,0.000000,0.000000,0.000000
falling,6,0.000160,0.000000,0.000000,0.000000,0.000000,0.000000,0.000000,0.000000,0.000000,0.000000,0.000000,0.000000,0.000000,0.000160,0.000000,0.000000,0.000321,0.000000,0.000160,0.000160,0.000000,0.000000
ending,6,0.000000,0.000160,0.000000,0.000160,0.000000,0.000000,0.000000,0.000000,0.000160,0.000321,0.000000,0.000000,0.000000,0.000000,0.000000,0.000000,0.000000,0.000000,0.000000,0.000000,0.000000,0.000000
destroying,6,0.000000,0.000000,0.000000,0.000000,0.000000,0.000160,0.000000,0.000000,0.000000,0.000160,0.000000,0.000321,0.000160,0.000000,0.000000,0.000000,0.000160,0.000000,0.000000,0.000000,0.000000,0.000000
creating,6,0.000160,0.000000,0.000000,0.000000,0.000000,0.000160,0.000000,0.000160,0.000000,0.000000,0.000000,0.000000,0.000321,0.000000,0.000000,0.000000,0.000000,0.000000,0.000160,0.000000,0.000000,0.000000
continuing,6,0.000000,0.000000,0.000000,0.000000,0.000000,0.000160,0.000000,0.000000,0.000000,0.000160,0.000000,0.000160,0.000160,0.000000,0.000160,0.000000,0.000000,0.000000,0.000000,0.000000,0.000000,0.000000
collecting,6,0.000000,0.000000,0.000000,0.000000,0.000000,0.000000,0.000000,0.000000,0.000000,0.000000,0.000000,0.000000,0.000160,0.000000,0.000160,0.000000,0.000321,0.000000,0.000000,0.000160,0.000000,0.000000
signing,5,0.000000,0.000160,0.000000,0.000000,0.000000,0.000000,0.000000,0.000321,0.000000,0.000000,0.000000,0.000000,0.000000,0.000000,0.000000,0.000000,0.000000,0.000000,0.000000,0.000160,0.000000,0.000160
selling,5,0.000000,0.000000,0.000000,0.000000,0.000000,0.000160,0.000321,0.000000,0.000000,0.000000,0.000000,0.000000,0.000160,0.000160,0.000000,0.000000,0.000000,0.000000,0.000000,0.000000,0.000000,0.000000
seeking,5,0.000000,0.000000,0.000000,0.000000,0.000160,0.000000,0.000000,0.000321,0.000000,0.000000,0.000000,0.000000,0.000000,0.000000,0.000000,0.000000,0.000160,0.000000,0.000000,0.000000,0.000160,0.000000
saying,5,0.000160,0.000000,0.000000,0.000000,0.000321,0.000160,0.000000,0.000000,0.000000,0.000000,0.000000,0.000160,0.000000,0.000000,0.000000,0.000000,0.000000,0.000000,0.000000,0.000000,0.000000,0.000000
retiring,5,0.000000,0.000000,0.000000,0.000000,0.000000,0.000000,0.000000,0.000000,0.000000,0.000000,0.000000,0.000160,0.000160,0.000000,0.000000,0.000000,0.000000,0.000000,0.000321,0.000000,0.000000,0.000000
releasing,5,0.000000,0.000000,0.000000,0.000000,0.000000,0.000000,0.000000,0.000000,0.000000,0.000000,0.000000,0.000000,0.000160,0.000000,0.000321,0.000000,0.000321,0.000000,0.000000,0.000000,0.000000,0.000000
reducing,5,0.000000,0.000160,0.000000,0.000160,0.000000,0.000000,0.000000,0.000000,0.000000,0.000000,0.000000,0.000000,0.000000,0.000000,0.000000,0.000000,0.000000,0.000000,0.000000,0.000160,0.000000,0.000160
proving,5,0.000000,0.000000,0.000000,0.000000,0.000000,0.000000,0.000000,0.000000,0.000000,0.000000,0.000000,0.000321,0.000000,0.000000,0.000000,0.000000,0.000160,0.000000,0.000000,0.000000,0.000000,0.000000
meeting,5,0.000160,0.000000,0.000000,0.000000,0.000000,0.000160,0.000000,0.000000,0.000000,0.000000,0.000000,0.000321,0.000000,0.000000,0.000000,0.000000,0.000160,0.000000,0.000000,0.000000,0.000000,0.000000
mapping,5,0.000000,0.000000,0.000000,0.000000,0.000321,0.000000,0.000000,0.000000,0.000000,0.000160,0.000000,0.000000,0.000160,0.000160,0.000000,0.000000,0.000000,0.000000,0.000000,0.000000,0.000000,0.000000
living,5,0.000000,0.000000,0.000000,0.000000,0.000000,0.000000,0.000000,0.000160,0.000000,0.000000,0.000000,0.000000,0.000000,0.000481,0.000000,0.000000,0.000000,0.000000,0.000000,0.000000,0.000160,0.000000
keeping,5,0.000000,0.000000,0.000000,0.000000,0.000000,0.000160,0.000000,0.000321,0.000000,0.000000,0.000160,0.000000,0.000000,0.000000,0.000000,0.000000,0.000160,0.000000,0.000000,0.000000,0.000000,0.000000
injuring,5,0.000000,0.000481,0.000000,0.000160,0.000000,0.000000,0.000160,0.000000,0.000000,0.000000,0.000000,0.000000,0.000000,0.000000,0.000000,0.000000,0.000000,0.000000,0.000000,0.000000,0.000000,0.000000
going,5,0.000000,0.000000,0.000000,0.000000,0.000000,0.000160,0.000160,0.000160,0.000000,0.000321,0.000000,0.000000,0.000000,0.000000,0.000000,0.000000,0.000000,0.000000,0.000000,0.000000,0.000000,0.000000
forecasting,5,0.000000,0.000160,0.000000,0.000000,0.000000,0.000000,0.000000,0.000000,0.000000,0.000000,0.000000,0.000000,0.000000,0.000321,0.000000,0.000160,0.000160,0.000000,0.000000,0.000000,0.000000,0.000000
delivering,5,0.000000,0.000000,0.000000,0.000160,0.000000,0.000000,0.000000,0.000160,0.000000,0.000160,0.000000,0.000000,0.000000,0.000000,0.000000,0.000000,0.000160,0.000000,0.000160,0.000000,0.000000,0.000000
crashing,5,0.000000,0.000000,0.000000,0.000000,0.000000,0.000000,0.000000,0.000160,0.000000,0.000000,0.000000,0.000321,0.000000,0.000000,0.000000,0.000000,0.000160,0.000000,0.000000,0.000000,0.000000,0.000000
covering,5,0.000000,0.000160,0.000000,0.000000,0.000000,0.000000,0.000000,0.000000,0.000000,0.000000,0.000000,0.000000,0.000160,0.000000,0.000160,0.000000,0.000000,0.000000,0.000000,0.000160,0.000000,0.000000
acting,5,0.000000,0.000000,0.000160,0.000000,0.000000,0.000000,0.000000,0.000000,0.000000,0.000000,0.000000,0.000000,0.000160,0.000000,0.000321,0.000000,0.000160,0.000000,0.000000,0.000000,0.000000,0.000000
warming,4,0.000000,0.000000,0.000000,0.000000,0.000000,0.000160,0.000000,0.000160,0.000000,0.000000,0.000000,0.000000,0.000160,0.000000,0.000000,0.000000,0.000000,0.000000,0.000000,0.000000,0.000160,0.000000
training,4,0.000000,0.000000,0.000000,0.000000,0.000000,0.000000,0.000000,0.000000,0.000000,0.000000,0.000000,0.000000,0.000000,0.000000,0.000000,0.000000,0.000160,0.000000,0.000160,0.000000,0.000160,0.000000
sustaining,4,0.000000,0.000000,0.000000,0.000000,0.000000,0.000000,0.000000,0.000000,0.000000,0.000160,0.000000,0.000000,0.000160,0.000000,0.000000,0.000000,0.000000,0.000000,0.000160,0.000000,0.000000,0.000160
setting,4,0.000000,0.000000,0.000000,0.000000,0.000000,0.000000,0.000000,0.000000,0.000000,0.000000,0.000000,0.000000,0.000160,0.000000,0.000160,0.000000,0.000000,0.000000,0.000000,0.000000,0.000321,0.000000
reporting,4,0.000000,0.000000,0.000000,0.000000,0.000321,0.000000,0.000000,0.000160,0.000000,0.000000,0.000000,0.000000,0.000160,0.000000,0.000000,0.000000,0.000000,0.000000,0.000000,0.000000,0.000000,0.000000
offering,4,0.000000,0.000000,0.000000,0.000000,0.000000,0.000000,0.000000,0.000000,0.000000,0.000160,0.000160,0.000000,0.000321,0.000000,0.000000,0.000000,0.000000,0.000000,0.000000,0.000000,0.000000,0.000000
moving,4,0.000000,0.000160,0.000000,0.000000,0.000000,0.000000,0.000000,0.000160,0.000000,0.000000,0.000000,0.000000,0.000000,0.000000,0.000000,0.000000,0.000000,0.000160,0.000000,0.000000,0.000000,0.000160
lifting,4,0.000000,0.000000,0.000000,0.000160,0.000000,0.000160,0.000000,0.000000,0.000000,0.000000,0.000000,0.000000,0.000160,0.000000,0.000000,0.000000,0.000000,0.000000,0.000000,0.000000,0.000000,0.000160
joining,4,0.000000,0.000000,0.000000,0.000000,0.000000,0.000000,0.000000,0.000000,0.000000,0.000000,0.000000,0.000000,0.000160,0.000000,0.000000,0.000160,0.000321,0.000000,0.000000,0.000000,0.000000,0.000000
functioning,4,0.000000,0.000000,0.000000,0.000000,0.000160,0.000000,0.000160,0.000000,0.000160,0.000160,0.000000,0.000000,0.000000,0.000000,0.000000,0.000000,0.000000,0.000000,0.000000,0.000000,0.000000,0.000000
focusing,4,0.000000,0.000160,0.000000,0.000000,0.000000,0.000000,0.000000,0.000000,0.000000,0.000000,0.000000,0.000000,0.000000,0.000160,0.000000,0.000000,0.000000,0.000000,0.000160,0.000000,0.000160,0.000000
extending,4,0.000160,0.000160,0.000000,0.000000,0.000000,0.000000,0.000000,0.000160,0.000000,0.000000,0.000000,0.000000,0.000000,0.000000,0.000000,0.000160,0.000000,0.000000,0.000000,0.000000,0.000000,0.000000
evaluating,4,0.000000,0.000160,0.000000,0.000000,0.000160,0.000000,0.000000,0.000160,0.000000,0.000000,0.000000,0.000000,0.000000,0.000000,0.000000,0.000000,0.000160,0.000000,0.000000,0.000000,0.000000,0.000000
entering,4,0.000000,0.000160,0.000000,0.000000,0.000160,0.000000,0.000000,0.000000,0.000000,0.000000,0.000000,0.000160,0.000000,0.000000,0.000000,0.000000,0.000000,0.000000,0.000000,0.000000,0.000160,0.000000
detecting,4,0.000000,0.000000,0.000000,0.000160,0.000000,0.000160,0.000000,0.000000,0.000000,0.000000,0.000000,0.000000,0.000160,0.000160,0.000000,0.000000,0.000000,0.000000,0.000000,0.000000,0.000000,0.000000
containing,4,0.000160,0.000000,0.000000,0.000160,0.000000,0.000160,0.000000,0.000160,0.000000,0.000000,0.000000,0.000000,0.000000,0.000000,0.000000,0.000000,0.000000,0.000000,0.000000,0.000000,0.000000,0.000000
calling,4,0.000321,0.000000,0.000000,0.000000,0.000000,0.000000,0.000000,0.000000,0.000000,0.000160,0.000000,0.000160,0.000000,0.000000,0.000000,0.000000,0.000000,0.000000,0.000000,0.000000,0.000000,0.000000
bearing,4,0.000000,0.000160,0.000000,0.000000,0.000000,0.000160,0.000000,0.000000,0.000000,0.000000,0.000160,0.000000,0.000000,0.000000,0.000000,0.000000,0.000000,0.000000,0.000000,0.000000,0.000160,0.000000
attempting,4,0.000000,0.000160,0.000000,0.000000,0.000000,0.000000,0.000000,0.000000,0.000321,0.000000,0.000000,0.000000,0.000160,0.000000,0.000000,0.000000,0.000000,0.000000,0.000000,0.000000,0.000000,0.000000
