space,287,0.128713,0.094059,0.024752,0.014851,0.445545,0.133663,0.356436,0.079208,0.024752,0.000000,0.000000,0.039604,0.024752,0.004950,0.000000,0.009901,0.014851,0.000000,0.000000,0.000000,0.019802,0.004950
station,217,0.099010,0.079208,0.019802,0.009901,0.311881,0.113861,0.287129,0.069307,0.014851,0.000000,0.000000,0.039604,0.009901,0.000000,0.000000,0.000000,0.009901,0.000000,0.000000,0.000000,0.004950,0.004950
nasa,158,0.089109,0.044554,0.024752,0.024752,0.183168,0.049505,0.143564,0.089109,0.004950,0.000000,0.009901,0.039604,0.009901,0.009901,0.004950,0.009901,0.000000,0.000000,0.004950,0.009901,0.014851,0.014851
program,42,0.039604,0.039604,0.014851,0.004950,0.049505,0.014851,0.019802,0.014851,0.004950,0.000000,0.000000,0.000000,0.000000,0.000000,0.000000,0.000000,0.000000,0.000000,0.000000,0.000000,0.000000,0.004950
release,41,0.034653,0.019802,0.009901,0.014851,0.029703,0.009901,0.019802,0.029703,0.004950,0.000000,0.004950,0.004950,0.000000,0.000000,0.004950,0.004950,0.000000,0.000000,0.004950,0.004950,0.000000,0.000000
freedom,40,0.000000,0.000000,0.019802,0.004950,0.059406,0.034653,0.074257,0.004950,0.000000,0.000000,0.000000,0.000000,0.000000,0.000000,0.000000,0.000000,0.000000,0.000000,0.000000,0.000000,0.000000,0.000000
post,38,0.014851,0.004950,0.000000,0.009901,0.049505,0.024752,0.069307,0.004950,0.004950,0.000000,0.000000,0.004950,0.000000,0.000000,0.000000,0.000000,0.000000,0.000000,0.000000,0.000000,0.000000,0.000000
billion,36,0.004950,0.014851,0.000000,0.014851,0.014851,0.049505,0.039604,0.014851,0.000000,0.000000,0.004950,0.004950,0.000000,0.000000,0.000000,0.014851,0.000000,0.000000,0.000000,0.000000,0.000000,0.000000
june,33,0.000000,0.004950,0.000000,0.004950,0.000000,0.000000,0.148515,0.000000,0.000000,0.000000,0.000000,0.000000,0.000000,0.000000,0.000000,0.000000,0.004950,0.000000,0.000000,0.000000,0.000000,0.000000
system,32,0.009901,0.019802,0.000000,0.014851,0.024752,0.009901,0.004950,0.029703,0.000000,0.000000,0.000000,0.004950,0.000000,0.004950,0.004950,0.009901,0.000000,0.000000,0.014851,0.000000,0.004950,0.000000
ap,30,0.000000,0.004950,0.004950,0.000000,0.084158,0.024752,0.019802,0.009901,0.000000,0.000000,0.000000,0.000000,0.000000,0.000000,0.000000,0.000000,0.000000,0.000000,0.000000,0.000000,0.000000,0.000000
feb,25,0.014851,0.000000,0.000000,0.000000,0.079208,0.000000,0.024752,0.004950,0.000000,0.000000,0.000000,0.000000,0.000000,0.000000,0.000000,0.000000,0.000000,0.000000,0.000000,0.000000,0.000000,0.000000
design,25,0.019802,0.004950,0.004950,0.009901,0.024752,0.004950,0.044554,0.009901,0.000000,0.000000,0.000000,0.000000,0.000000,0.000000,0.000000,0.000000,0.000000,0.000000,0.000000,0.000000,0.000000,0.000000
mir,24,0.004950,0.019802,0.004950,0.000000,0.044554,0.009901,0.009901,0.009901,0.000000,0.000000,0.000000,0.014851,0.000000,0.000000,0.000000,0.000000,0.000000,0.000000,0.000000,0.000000,0.000000,0.000000
science,23,0.004950,0.004950,0.000000,0.004950,0.029703,0.000000,0.049505,0.004950,0.004950,0.000000,0.000000,0.004950,0.000000,0.000000,0.000000,0.000000,0.000000,0.000000,0.004950,0.000000,0.000000,0.000000
project,23,0.004950,0.004950,0.000000,0.000000,0.009901,0.024752,0.069307,0.000000,0.000000,0.000000,0.000000,0.000000,0.000000,0.000000,0.000000,0.000000,0.000000,0.000000,0.000000,0.000000,0.000000,0.000000
support,22,0.014851,0.004950,0.000000,0.004950,0.039604,0.014851,0.009901,0.000000,0.000000,0.000000,0.000000,0.019802,0.000000,0.000000,0.000000,0.000000,0.000000,0.000000,0.000000,0.000000,0.000000,0.000000
million,22,0.000000,0.000000,0.000000,0.004950,0.029703,0.019802,0.004950,0.019802,0.000000,0.000000,0.000000,0.019802,0.000000,0.000000,0.000000,0.004950,0.004950,0.000000,0.000000,0.000000,0.000000,0.000000
jul,22,0.000000,0.000000,0.000000,0.000000,0.044554,0.054455,0.009901,0.000000,0.000000,0.000000,0.000000,0.000000,0.000000,0.000000,0.000000,0.000000,0.000000,0.000000,0.000000,0.000000,0.000000,0.000000
house,22,0.000000,0.000000,0.000000,0.004950,0.029703,0.034653,0.034653,0.004950,0.000000,0.000000,0.000000,0.000000,0.000000,0.000000,0.000000,0.000000,0.000000,0.000000,0.000000,0.000000,0.000000,0.000000
research,21,0.009901,0.000000,0.000000,0.000000,0.024752,0.029703,0.019802,0.000000,0.000000,0.000000,0.000000,0.019802,0.000000,0.000000,0.000000,0.000000,0.000000,0.000000,0.000000,0.000000,0.000000,0.000000
earth,21,0.000000,0.029703,0.004950,0.019802,0.014851,0.004950,0.000000,0.004950,0.000000,0.000000,0.000000,0.000000,0.000000,0.000000,0.000000,0.004950,0.000000,0.000000,0.000000,0.009901,0.009901,0.000000
contract,21,0.014851,0.000000,0.004950,0.004950,0.004950,0.004950,0.000000,0.004950,0.000000,0.000000,0.000000,0.034653,0.004950,0.000000,0.000000,0.009901,0.014851,0.000000,0.000000,0.000000,0.000000,0.000000
ny,20,0.014851,0.004950,0.004950,0.009901,0.039604,0.004950,0.014851,0.004950,0.000000,0.000000,0.000000,0.000000,0.000000,0.000000,0.000000,0.000000,0.000000,0.000000,0.000000,0.000000,0.000000,0.000000
budget,20,0.000000,0.000000,0.000000,0.004950,0.029703,0.019802,0.019802,0.024752,0.000000,0.000000,0.000000,0.000000,0.000000,0.000000,0.000000,0.000000,0.000000,0.000000,0.000000,0.000000,0.000000,0.000000
sun,19,0.004950,0.004950,0.000000,0.000000,0.014851,0.014851,0.024752,0.004950,0.000000,0.000000,0.004950,0.004950,0.004950,0.000000,0.000000,0.004950,0.000000,0.000000,0.004950,0.000000,0.000000,0.000000
spacecraft,19,0.000000,0.004950,0.000000,0.004950,0.024752,0.000000,0.009901,0.004950,0.004950,0.000000,0.000000,0.000000,0.004950,0.004950,0.000000,0.000000,0.000000,0.009901,0.004950,0.004950,0.009901,0.000000
office,19,0.009901,0.009901,0.004950,0.000000,0.044554,0.000000,0.009901,0.000000,0.000000,0.000000,0.000000,0.004950,0.000000,0.000000,0.000000,0.000000,0.000000,0.000000,0.000000,0.000000,0.000000,0.009901
la,19,0.019802,0.004950,0.000000,0.000000,0.029703,0.014851,0.024752,0.000000,0.000000,0.000000,0.000000,0.000000,0.000000,0.000000,0.000000,0.000000,0.000000,0.000000,0.000000,0.000000,0.000000,0.000000
cost,19,0.004950,0.004950,0.000000,0.000000,0.029703,0.009901,0.009901,0.029703,0.000000,0.000000,0.000000,0.004950,0.000000,0.000000,0.000000,0.000000,0.000000,0.000000,0.000000,0.000000,0.000000,0.000000
sep,18,0.000000,0.039604,0.014851,0.004950,0.019802,0.000000,0.009901,0.000000,0.000000,0.000000,0.000000,0.000000,0.000000,0.000000,0.000000,0.000000,0.000000,0.000000,0.000000,0.000000,0.000000,0.000000
news,18,0.004950,0.004950,0.000000,0.000000,0.004950,0.009901,0.024752,0.009901,0.000000,0.000000,0.004950,0.004950,0.000000,0.000000,0.004950,0.004950,0.004950,0.000000,0.000000,0.004950,0.000000,0.000000
apr,18,0.014851,0.000000,0.000000,0.000000,0.044554,0.024752,0.004950,0.000000,0.000000,0.000000,0.000000,0.000000,0.000000,0.000000,0.000000,0.000000,0.000000,0.000000,0.000000,0.000000,0.000000,0.000000
year,17,0.000000,0.009901,0.000000,0.004950,0.009901,0.014851,0.019802,0.009901,0.009901,0.000000,0.000000,0.004950,0.000000,0.000000,0.000000,0.000000,0.000000,0.000000,0.000000,0.000000,0.000000,0.000000
sept,17,0.014851,0.000000,0.000000,0.000000,0.000000,0.069307,0.000000,0.000000,0.000000,0.000000,0.000000,0.000000,0.000000,0.000000,0.000000,0.000000,0.000000,0.000000,0.000000,0.000000,0.000000,0.000000
development,17,0.019802,0.009901,0.000000,0.004950,0.019802,0.004950,0.014851,0.004950,0.000000,0.000000,0.000000,0.000000,0.000000,0.000000,0.000000,0.000000,0.000000,0.000000,0.000000,0.000000,0.000000,0.004950
upi,16,0.000000,0.000000,0.004950,0.000000,0.054455,0.009901,0.009901,0.000000,0.000000,0.000000,0.000000,0.000000,0.000000,0.000000,0.000000,0.000000,0.000000,0.000000,0.000000,0.000000,0.000000,0.000000
today,15,0.004950,0.000000,0.000000,0.000000,0.019802,0.014851,0.019802,0.014851,0.000000,0.000000,0.000000,0.000000,0.000000,0.000000,0.000000,0.000000,0.000000,0.000000,0.000000,0.000000,0.000000,0.000000
government,15,0.000000,0.000000,0.000000,0.000000,0.039604,0.009901,0.009901,0.014851,0.000000,0.000000,0.000000,0.000000,0.000000,0.000000,0.000000,0.000000,0.000000,0.000000,0.000000,0.000000,0.000000,0.000000
work,14,0.004950,0.004950,0.004950,0.000000,0.019802,0.009901,0.019802,0.000000,0.000000,0.000000,0.000000,0.004950,0.000000,0.000000,0.000000,0.000000,0.000000,0.000000,0.000000,0.000000,0.000000,0.000000
orbit,14,0.004950,0.009901,0.000000,0.000000,0.004950,0.004950,0.009901,0.000000,0.000000,0.000000,0.000000,0.000000,0.000000,0.004950,0.000000,0.000000,0.000000,0.009901,0.000000,0.004950,0.014851,0.000000
hubble,14,0.004950,0.000000,0.000000,0.009901,0.009901,0.000000,0.004950,0.009901,0.004950,0.000000,0.000000,0.000000,0.000000,0.000000,0.004950,0.004950,0.000000,0.004950,0.009901,0.000000,0.000000,0.000000
hst,14,0.009901,0.000000,0.000000,0.000000,0.000000,0.000000,0.000000,0.000000,0.000000,0.000000,0.009901,0.000000,0.000000,0.000000,0.004950,0.014851,0.000000,0.004950,0.009901,0.014851,0.000000,0.000000
h,14,0.009901,0.000000,0.000000,0.009901,0.009901,0.000000,0.034653,0.004950,0.000000,0.000000,0.000000,0.000000,0.000000,0.000000,0.000000,0.000000,0.000000,0.000000,0.000000,0.000000,0.000000,0.000000
usa,13,0.004950,0.000000,0.000000,0.000000,0.014851,0.014851,0.019802,0.009901,0.000000,0.000000,0.000000,0.000000,0.000000,0.000000,0.000000,0.000000,0.000000,0.000000,0.000000,0.000000,0.000000,0.000000
saturn,13,0.000000,0.000000,0.000000,0.000000,0.014851,0.000000,0.000000,0.000000,0.004950,0.000000,0.000000,0.000000,0.000000,0.000000,0.000000,0.000000,0.000000,0.029703,0.000000,0.014851,0.000000,0.000000
reston,13,0.004950,0.004950,0.000000,0.000000,0.044554,0.000000,0.004950,0.000000,0.000000,0.000000,0.000000,0.000000,0.000000,0.000000,0.000000,0.000000,0.000000,0.000000,0.000000,0.000000,0.004950,0.000000
module,13,0.000000,0.029703,0.000000,0.000000,0.019802,0.000000,0.004950,0.004950,0.000000,0.000000,0.000000,0.004950,0.000000,0.000000,0.000000,0.000000,0.000000,0.000000,0.000000,0.000000,0.000000,0.000000
mission,13,0.000000,0.004950,0.000000,0.000000,0.014851,0.014851,0.004950,0.000000,0.004950,0.000000,0.000000,0.000000,0.000000,0.019802,0.000000,0.000000,0.000000,0.000000,0.000000,0.000000,0.000000,0.000000
iss,13,0.000000,0.000000,0.000000,0.000000,0.000000,0.000000,0.000000,0.000000,0.000000,0.000000,0.000000,0.019802,0.004950,0.009901,0.000000,0.009901,0.019802,0.000000,0.000000,0.000000,0.000000,0.000000
agency,13,0.014851,0.014851,0.004950,0.000000,0.009901,0.004950,0.000000,0.004950,0.000000,0.000000,0.000000,0.000000,0.004950,0.000000,0.000000,0.000000,0.004950,0.000000,0.000000,0.000000,0.000000,0.000000
virginia,12,0.004950,0.004950,0.000000,0.000000,0.034653,0.000000,0.009901,0.000000,0.000000,0.000000,0.000000,0.000000,0.000000,0.000000,0.000000,0.000000,0.000000,0.000000,0.000000,0.000000,0.004950,0.000000
jan,12,0.000000,0.000000,0.019802,0.000000,0.014851,0.004950,0.004950,0.000000,0.014851,0.000000,0.000000,0.000000,0.000000,0.000000,0.000000,0.000000,0.000000,0.000000,0.000000,0.000000,0.000000,0.000000
first,12,0.004950,0.009901,0.000000,0.004950,0.009901,0.004950,0.000000,0.004950,0.000000,0.000000,0.000000,0.000000,0.004950,0.000000,0.004950,0.009901,0.000000,0.000000,0.000000,0.000000,0.000000,0.000000
december,12,0.004950,0.004950,0.004950,0.009901,0.004950,0.004950,0.004950,0.004950,0.000000,0.000000,0.000000,0.009901,0.004950,0.000000,0.000000,0.000000,0.000000,0.000000,0.000000,0.000000,0.000000,0.000000
administrator,12,0.000000,0.009901,0.014851,0.000000,0.004950,0.000000,0.014851,0.004950,0.000000,0.000000,0.000000,0.000000,0.000000,0.000000,0.000000,0.000000,0.000000,0.000000,0.000000,0.000000,0.000000,0.009901
report,11,0.004950,0.000000,0.000000,0.000000,0.019802,0.000000,0.029703,0.000000,0.000000,0.000000,0.000000,0.000000,0.000000,0.000000,0.000000,0.000000,0.000000,0.000000,0.000000,0.000000,0.000000,0.000000
redesign,11,0.000000,0.000000,0.000000,0.000000,0.009901,0.000000,0.044554,0.000000,0.000000,0.000000,0.000000,0.000000,0.000000,0.000000,0.000000,0.000000,0.000000,0.000000,0.000000,0.000000,0.000000,0.000000
plan,11,0.000000,0.009901,0.000000,0.004950,0.019802,0.004950,0.014851,0.000000,0.000000,0.000000,0.000000,0.000000,0.000000,0.000000,0.000000,0.000000,0.000000,0.000000,0.000000,0.000000,0.000000,0.000000
p,11,0.000000,0.000000,0.004950,0.019802,0.014851,0.000000,0.014851,0.000000,0.000000,0.000000,0.000000,0.000000,0.000000,0.000000,0.000000,0.000000,0.000000,0.000000,0.000000,0.000000,0.000000,0.000000
life,11,0.000000,0.019802,0.000000,0.000000,0.000000,0.000000,0.019802,0.000000,0.000000,0.000000,0.000000,0.004950,0.000000,0.000000,0.004950,0.000000,0.000000,0.000000,0.004950,0.000000,0.000000,0.000000
crew,11,0.000000,0.009901,0.000000,0.000000,0.000000,0.009901,0.004950,0.000000,0.000000,0.000000,0.000000,0.019802,0.000000,0.004950,0.000000,0.000000,0.000000,0.000000,0.000000,0.000000,0.004950,0.000000
24/93,11,0.000000,0.000000,0.000000,0.000000,0.000000,0.000000,0.054455,0.000000,0.000000,0.000000,0.000000,0.000000,0.000000,0.000000,0.000000,0.000000,0.000000,0.000000,0.000000,0.000000,0.000000,0.000000
washington,10,0.000000,0.000000,0.000000,0.000000,0.019802,0.000000,0.024752,0.000000,0.000000,0.000000,0.000000,0.004950,0.000000,0.000000,0.000000,0.000000,0.000000,0.000000,0.000000,0.000000,0.000000,0.000000
technology,10,0.000000,0.000000,0.000000,0.004950,0.024752,0.004950,0.009901,0.000000,0.000000,0.000000,0.004950,0.000000,0.000000,0.000000,0.000000,0.000000,0.000000,0.000000,0.000000,0.000000,0.000000,0.000000
star,10,0.000000,0.000000,0.000000,0.019802,0.009901,0.000000,0.004950,0.004950,0.000000,0.000000,0.000000,0.000000,0.000000,0.000000,0.004950,0.000000,0.000000,0.000000,0.000000,0.004950,0.000000,0.000000
president,10,0.009901,0.000000,0.000000,0.000000,0.004950,0.004950,0.029703,0.000000,0.000000,0.000000,0.000000,0.000000,0.000000,0.000000,0.000000,0.000000,0.000000,0.000000,0.000000,0.000000,0.000000,0.000000
jun,10,0.000000,0.000000,0.000000,0.000000,0.049505,0.000000,0.000000,0.000000,0.000000,0.000000,0.000000,0.000000,0.000000,0.000000,0.000000,0.000000,0.000000,0.000000,0.000000,0.000000,0.000000,0.000000
dec,10,0.024752,0.000000,0.000000,0.014851,0.004950,0.000000,0.000000,0.004950,0.000000,0.000000,0.000000,0.000000,0.000000,0.000000,0.000000,0.000000,0.000000,0.000000,0.000000,0.000000,0.000000,0.000000
control,10,0.004950,0.000000,0.000000,0.000000,0.014851,0.000000,0.009901,0.000000,0.000000,0.000000,0.000000,0.004950,0.000000,0.009901,0.000000,0.000000,0.000000,0.000000,0.000000,0.000000,0.004950,0.000000
b,10,0.004950,0.004950,0.000000,0.000000,0.014851,0.000000,0.019802,0.004950,0.000000,0.000000,0.000000,0.000000,0.000000,0.000000,0.000000,0.000000,0.000000,0.000000,0.000000,0.000000,0.000000,0.000000
atmosphere,10,0.000000,0.000000,0.000000,0.000000,0.004950,0.000000,0.000000,0.000000,0.000000,0.000000,0.000000,0.000000,0.009901,0.000000,0.024752,0.000000,0.000000,0.000000,0.004950,0.004950,0.000000,0.000000
article,10,0.000000,0.000000,0.000000,0.000000,0.029703,0.000000,0.009901,0.009901,0.000000,0.000000,0.000000,0.000000,0.000000,0.000000,0.000000,0.000000,0.000000,0.000000,0.000000,0.000000,0.000000,0.000000
telescope,9,0.000000,0.000000,0.000000,0.024752,0.000000,0.000000,0.004950,0.000000,0.000000,0.000000,0.009901,0.000000,0.000000,0.000000,0.000000,0.000000,0.000000,0.000000,0.004950,0.000000,0.000000,0.000000
senate,9,0.000000,0.000000,0.000000,0.000000,0.009901,0.014851,0.014851,0.000000,0.004950,0.000000,0.000000,0.000000,0.000000,0.000000,0.000000,0.000000,0.000000,0.000000,0.000000,0.000000,0.000000,0.000000
nov,9,0.000000,0.000000,0.000000,0.000000,0.014851,0.000000,0.019802,0.004950,0.004950,0.000000,0.000000,0.000000,0.000000,0.000000,0.000000,0.000000,0.000000,0.000000,0.000000,0.000000,0.000000,0.000000
management,9,0.009901,0.000000,0.000000,0.000000,0.014851,0.000000,0.009901,0.009901,0.000000,0.000000,0.000000,0.000000,0.000000,0.000000,0.000000,0.000000,0.000000,0.000000,0.000000,0.000000,0.000000,0.000000
houston,9,0.000000,0.000000,0.000000,0.000000,0.029703,0.000000,0.009901,0.000000,0.000000,0.000000,0.000000,0.000000,0.000000,0.000000,0.000000,0.000000,0.000000,0.004950,0.000000,0.000000,0.000000,0.000000
division,9,0.009901,0.009901,0.000000,0.000000,0.009901,0.004950,0.004950,0.004950,0.000000,0.000000,0.000000,0.000000,0.000000,0.000000,0.000000,0.000000,0.000000,0.000000,0.000000,0.000000,0.000000,0.000000
csm,9,0.004950,0.000000,0.000000,0.004950,0.029703,0.000000,0.000000,0.004950,0.000000,0.000000,0.000000,0.000000,0.000000,0.000000,0.000000,0.000000,0.000000,0.000000,0.000000,0.000000,0.000000,0.000000
congress,9,0.000000,0.000000,0.000000,0.000000,0.019802,0.009901,0.004950,0.009901,0.000000,0.000000,0.000000,0.000000,0.000000,0.000000,0.000000,0.000000,0.000000,0.000000,0.000000,0.000000,0.000000,0.000000
committee,9,0.004950,0.000000,0.000000,0.009901,0.004950,0.000000,0.019802,0.004950,0.000000,0.000000,0.000000,0.000000,0.000000,0.000000,0.000000,0.000000,0.000000,0.000000,0.000000,0.000000,0.000000,0.000000
cassini,9,0.000000,0.000000,0.000000,0.000000,0.014851,0.000000,0.000000,0.000000,0.004950,0.000000,0.000000,0.000000,0.000000,0.004950,0.000000,0.000000,0.000000,0.009901,0.004950,0.004950,0.000000,0.000000
wsj,8,0.009901,0.004950,0.000000,0.000000,0.004950,0.009901,0.009901,0.000000,0.000000,0.000000,0.000000,0.000000,0.000000,0.000000,0.000000,0.000000,0.000000,0.000000,0.000000,0.000000,0.000000,0.000000
transportation,8,0.004950,0.000000,0.000000,0.000000,0.024752,0.000000,0.000000,0.000000,0.000000,0.000000,0.000000,0.000000,0.000000,0.000000,0.000000,0.000000,0.000000,0.000000,0.000000,0.000000,0.009901,0.000000
team,8,0.000000,0.000000,0.000000,0.000000,0.004950,0.000000,0.024752,0.000000,0.000000,0.000000,0.000000,0.000000,0.000000,0.000000,0.004950,0.000000,0.000000,0.000000,0.000000,0.004950,0.000000,0.000000
platform,8,0.004950,0.024752,0.000000,0.000000,0.000000,0.000000,0.004950,0.004950,0.000000,0.000000,0.000000,0.000000,0.000000,0.000000,0.000000,0.000000,0.000000,0.000000,0.000000,0.000000,0.000000,0.000000
laboratory,8,0.004950,0.019802,0.000000,0.000000,0.004950,0.004950,0.004950,0.000000,0.000000,0.000000,0.000000,0.000000,0.000000,0.000000,0.000000,0.000000,0.000000,0.000000,0.000000,0.000000,0.000000,0.000000
inq,8,0.000000,0.000000,0.004950,0.009901,0.009901,0.000000,0.014851,0.000000,0.000000,0.000000,0.000000,0.000000,0.000000,0.000000,0.000000,0.000000,0.000000,0.000000,0.000000,0.000000,0.000000,0.000000
deputy,8,0.000000,0.004950,0.004950,0.004950,0.000000,0.000000,0.009901,0.000000,0.000000,0.000000,0.000000,0.000000,0.000000,0.000000,0.000000,0.000000,0.000000,0.000000,0.000000,0.000000,0.000000,0.014851
computer,8,0.000000,0.004950,0.000000,0.009901,0.004950,0.000000,0.000000,0.000000,0.000000,0.000000,0.000000,0.014851,0.004950,0.000000,0.000000,0.000000,0.000000,0.000000,0.000000,0.000000,0.000000,0.000000
use,7,0.004950,0.009901,0.000000,0.000000,0.000000,0.004950,0.000000,0.000000,0.000000,0.000000,0.000000,0.000000,0.004950,0.004950,0.000000,0.000000,0.000000,0.000000,0.000000,0.004950,0.000000,0.000000
soyuz,7,0.004950,0.014851,0.000000,0.000000,0.004950,0.000000,0.004950,0.000000,0.000000,0.000000,0.000000,0.004950,0.000000,0.000000,0.000000,0.000000,0.000000,0.000000,0.000000,0.000000,0.000000,0.000000
shuttle,7,0.000000,0.000000,0.000000,0.000000,0.004950,0.004950,0.004950,0.009901,0.000000,0.000000,0.000000,0.000000,0.000000,0.009901,0.000000,0.000000,0.000000,0.000000,0.000000,0.000000,0.000000,0.000000
power,7,0.000000,0.004950,0.000000,0.009901,0.004950,0.000000,0.000000,0.004950,0.000000,0.000000,0.000000,0.004950,0.000000,0.000000,0.000000,0.000000,0.000000,0.000000,0.000000,0.000000,0.004950,0.000000
object,7,0.009901,0.000000,0.000000,0.000000,0.000000,0.000000,0.000000,0.000000,0.000000,0.000000,0.000000,0.000000,0.000000,0.000000,0.000000,0.014851,0.000000,0.000000,0.009901,0.000000,0.000000,0.000000
move,7,0.000000,0.000000,0.000000,0.000000,0.014851,0.004950,0.009901,0.000000,0.000000,0.000000,0.000000,0.000000,0.000000,0.000000,0.000000,0.000000,0.000000,0.004950,0.000000,0.000000,0.000000,0.000000
microgravity,7,0.000000,0.004950,0.000000,0.000000,0.009901,0.000000,0.000000,0.000000,0.000000,0.000000,0.000000,0.019802,0.000000,0.000000,0.000000,0.000000,0.000000,0.000000,0.000000,0.000000,0.000000,0.000000
hardware,7,0.004950,0.004950,0.000000,0.000000,0.000000,0.004950,0.019802,0.000000,0.000000,0.000000,0.000000,0.000000,0.000000,0.000000,0.000000,0.000000,0.000000,0.000000,0.000000,0.000000,0.000000,0.000000
ground,7,0.004950,0.000000,0.000000,0.000000,0.019802,0.000000,0.000000,0.004950,0.000000,0.000000,0.000000,0.000000,0.000000,0.004950,0.000000,0.000000,0.000000,0.000000,0.000000,0.000000,0.000000,0.000000
galileo,7,0.000000,0.000000,0.000000,0.004950,0.004950,0.000000,0.009901,0.004950,0.000000,0.000000,0.000000,0.000000,0.009901,0.000000,0.000000,0.000000,0.000000,0.000000,0.000000,0.000000,0.000000,0.000000
galaxy,7,0.000000,0.000000,0.000000,0.000000,0.000000,0.000000,0.000000,0.004950,0.004950,0.000000,0.000000,0.000000,0.000000,0.000000,0.000000,0.000000,0.000000,0.000000,0.019802,0.004950,0.000000,0.000000
esa,7,0.000000,0.019802,0.000000,0.000000,0.014851,0.000000,0.000000,0.000000,0.000000,0.000000,0.000000,0.000000,0.000000,0.000000,0.000000,0.000000,0.000000,0.000000,0.000000,0.000000,0.000000,0.000000
director,7,0.000000,0.004950,0.004950,0.000000,0.004950,0.000000,0.009901,0.000000,0.000000,0.000000,0.000000,0.000000,0.000000,0.000000,0.000000,0.000000,0.000000,0.000000,0.000000,0.000000,0.000000,0.009901
defense,7,0.000000,0.000000,0.000000,0.000000,0.009901,0.000000,0.000000,0.009901,0.004950,0.000000,0.000000,0.004950,0.000000,0.000000,0.000000,0.004950,0.000000,0.000000,0.000000,0.000000,0.000000,0.000000
chron,7,0.000000,0.000000,0.000000,0.000000,0.009901,0.000000,0.019802,0.004950,0.000000,0.000000,0.000000,0.000000,0.000000,0.000000,0.000000,0.000000,0.000000,0.000000,0.000000,0.000000,0.000000,0.000000
c,7,0.004950,0.004950,0.000000,0.000000,0.019802,0.000000,0.004950,0.000000,0.000000,0.000000,0.000000,0.000000,0.000000,0.000000,0.000000,0.000000,0.000000,0.000000,0.000000,0.000000,0.000000,0.000000
board,7,0.000000,0.000000,0.000000,0.000000,0.024752,0.000000,0.009901,0.000000,0.000000,0.000000,0.000000,0.000000,0.000000,0.000000,0.000000,0.000000,0.000000,0.000000,0.000000,0.000000,0.000000,0.000000
belt,7,0.000000,0.000000,0.000000,0.000000,0.000000,0.000000,0.000000,0.000000,0.000000,0.000000,0.000000,0.000000,0.000000,0.000000,0.000000,0.019802,0.000000,0.014851,0.000000,0.000000,0.000000,0.000000
avwk,7,0.000000,0.000000,0.000000,0.000000,0.004950,0.004950,0.014851,0.004950,0.004950,0.000000,0.000000,0.000000,0.000000,0.000000,0.000000,0.000000,0.000000,0.000000,0.000000,0.000000,0.000000,0.000000
aug,7,0.000000,0.000000,0.000000,0.014851,0.004950,0.000000,0.000000,0.009901,0.004950,0.000000,0.000000,0.000000,0.000000,0.000000,0.000000,0.000000,0.000000,0.000000,0.000000,0.000000,0.000000,0.000000
agreement,7,0.004950,0.000000,0.000000,0.000000,0.004950,0.014851,0.004950,0.000000,0.000000,0.000000,0.000000,0.000000,0.004950,0.000000,0.000000,0.000000,0.000000,0.000000,0.000000,0.000000,0.000000,0.000000
9/93,7,0.000000,0.000000,0.000000,0.000000,0.000000,0.000000,0.034653,0.000000,0.000000,0.000000,0.000000,0.000000,0.000000,0.000000,0.000000,0.000000,0.000000,0.000000,0.000000,0.000000,0.000000,0.000000
8/91,7,0.000000,0.000000,0.000000,0.000000,0.034653,0.000000,0.000000,0.000000,0.000000,0.000000,0.000000,0.000000,0.000000,0.000000,0.000000,0.000000,0.000000,0.000000,0.000000,0.000000,0.000000,0.000000
5/91,7,0.000000,0.000000,0.000000,0.000000,0.034653,0.000000,0.000000,0.000000,0.000000,0.000000,0.000000,0.000000,0.000000,0.000000,0.000000,0.000000,0.000000,0.000000,0.000000,0.000000,0.000000,0.000000
21/93,7,0.000000,0.000000,0.000000,0.000000,0.000000,0.000000,0.034653,0.000000,0.000000,0.000000,0.000000,0.000000,0.000000,0.000000,0.000000,0.000000,0.000000,0.000000,0.000000,0.000000,0.000000,0.000000
test,6,0.014851,0.000000,0.000000,0.004950,0.000000,0.000000,0.009901,0.000000,0.000000,0.000000,0.000000,0.000000,0.000000,0.000000,0.000000,0.000000,0.000000,0.000000,0.000000,0.000000,0.000000,0.000000
radiation,6,0.000000,0.000000,0.000000,0.000000,0.000000,0.000000,0.000000,0.000000,0.000000,0.000000,0.000000,0.000000,0.000000,0.000000,0.000000,0.000000,0.000000,0.024752,0.000000,0.004950,0.000000,0.000000
march,6,0.000000,0.000000,0.000000,0.000000,0.000000,0.000000,0.014851,0.004950,0.000000,0.000000,0.000000,0.004950,0.000000,0.000000,0.000000,0.000000,0.000000,0.000000,0.000000,0.004950,0.000000,0.000000
light,6,0.000000,0.000000,0.000000,0.004950,0.000000,0.000000,0.004950,0.000000,0.000000,0.000000,0.000000,0.000000,0.000000,0.000000,0.004950,0.000000,0.000000,0.000000,0.014851,0.000000,0.000000,0.000000
facility,6,0.000000,0.009901,0.000000,0.000000,0.014851,0.000000,0.004950,0.000000,0.000000,0.000000,0.000000,0.000000,0.000000,0.000000,0.000000,0.000000,0.000000,0.000000,0.000000,0.000000,0.000000,0.000000
exploration,6,0.000000,0.000000,0.000000,0.000000,0.004950,0.000000,0.009901,0.000000,0.000000,0.000000,0.000000,0.000000,0.000000,0.000000,0.000000,0.000000,0.000000,0.000000,0.000000,0.000000,0.000000,0.014851
experiment,6,0.004950,0.009901,0.000000,0.000000,0.004950,0.000000,0.004950,0.000000,0.000000,0.000000,0.000000,0.000000,0.004950,0.000000,0.000000,0.000000,0.000000,0.000000,0.000000,0.000000,0.000000,0.000000
european,6,0.004950,0.004950,0.000000,0.000000,0.009901,0.000000,0.009901,0.000000,0.000000,0.000000,0.000000,0.000000,0.000000,0.000000,0.000000,0.000000,0.000000,0.000000,0.000000,0.000000,0.000000,0.000000
corporation,6,0.004950,0.000000,0.000000,0.000000,0.019802,0.000000,0.000000,0.000000,0.000000,0.000000,0.000000,0.000000,0.000000,0.000000,0.000000,0.000000,0.000000,0.000000,0.000000,0.000000,0.004950,0.000000
company,6,0.004950,0.000000,0.000000,0.000000,0.009901,0.000000,0.000000,0.004950,0.000000,0.000000,0.000000,0.000000,0.000000,0.000000,0.000000,0.000000,0.000000,0.000000,0.000000,0.000000,0.009901,0.000000
collider,6,0.000000,0.000000,0.000000,0.000000,0.000000,0.000000,0.029703,0.000000,0.000000,0.000000,0.000000,0.000000,0.000000,0.000000,0.000000,0.000000,0.000000,0.000000,0.000000,0.000000,0.000000,0.000000
cargo,6,0.000000,0.000000,0.000000,0.000000,0.014851,0.000000,0.004950,0.004950,0.000000,0.000000,0.000000,0.000000,0.000000,0.000000,0.000000,0.000000,0.000000,0.000000,0.000000,0.000000,0.004950,0.000000
aerospace,6,0.009901,0.000000,0.000000,0.000000,0.004950,0.000000,0.009901,0.004950,0.000000,0.000000,0.000000,0.000000,0.000000,0.000000,0.000000,0.000000,0.000000,0.000000,0.000000,0.000000,0.000000,0.000000
7/88,6,0.000000,0.029703,0.000000,0.000000,0.000000,0.000000,0.000000,0.000000,0.000000,0.000000,0.000000,0.000000,0.000000,0.000000,0.000000,0.000000,0.000000,0.000000,0.000000,0.000000,0.000000,0.000000
26/91,6,0.000000,0.000000,0.000000,0.000000,0.029703,0.000000,0.000000,0.000000,0.000000,0.000000,0.000000,0.000000,0.000000,0.000000,0.000000,0.000000,0.000000,0.000000,0.000000,0.000000,0.000000,0.000000
18/91,6,0.000000,0.000000,0.000000,0.000000,0.029703,0.000000,0.000000,0.000000,0.000000,0.000000,0.000000,0.000000,0.000000,0.000000,0.000000,0.000000,0.000000,0.000000,0.000000,0.000000,0.000000,0.000000
16/91,6,0.000000,0.000000,0.000000,0.000000,0.029703,0.000000,0.000000,0.000000,0.000000,0.000000,0.000000,0.000000,0.000000,0.000000,0.000000,0.000000,0.000000,0.000000,0.000000,0.000000,0.000000,0.000000
“hubble,5,0.000000,0.000000,0.000000,0.000000,0.000000,0.000000,0.000000,0.000000,0.000000,0.000000,0.004950,0.000000,0.004950,0.000000,0.004950,0.004950,0.000000,0.000000,0.000000,0.004950,0.000000,0.000000
york,5,0.004950,0.000000,0.000000,0.000000,0.004950,0.000000,0.004950,0.000000,0.000000,0.000000,0.000000,0.000000,0.000000,0.000000,0.000000,0.000000,0.000000,0.009901,0.000000,0.000000,0.000000,0.000000
water,5,0.000000,0.000000,0.000000,0.000000,0.004950,0.000000,0.000000,0.000000,0.000000,0.000000,0.000000,0.000000,0.000000,0.000000,0.000000,0.000000,0.000000,0.000000,0.019802,0.000000,0.000000,0.000000
vote,5,0.000000,0.000000,0.000000,0.000000,0.004950,0.014851,0.004950,0.000000,0.000000,0.000000,0.000000,0.000000,0.000000,0.000000,0.000000,0.000000,0.000000,0.000000,0.000000,0.000000,0.000000,0.000000
vehicle,5,0.000000,0.000000,0.000000,0.000000,0.009901,0.000000,0.004950,0.004950,0.000000,0.000000,0.000000,0.000000,0.000000,0.000000,0.000000,0.000000,0.000000,0.000000,0.000000,0.000000,0.004950,0.000000
value,5,0.000000,0.000000,0.000000,0.000000,0.004950,0.004950,0.009901,0.000000,0.000000,0.000000,0.000000,0.004950,0.000000,0.000000,0.000000,0.000000,0.000000,0.000000,0.000000,0.000000,0.000000,0.000000
university,5,0.000000,0.000000,0.000000,0.000000,0.014851,0.000000,0.009901,0.000000,0.000000,0.000000,0.000000,0.000000,0.000000,0.000000,0.000000,0.000000,0.000000,0.000000,0.000000,0.000000,0.000000,0.000000
universe,5,0.000000,0.000000,0.000000,0.000000,0.004950,0.000000,0.000000,0.000000,0.000000,0.000000,0.004950,0.000000,0.000000,0.000000,0.000000,0.004950,0.000000,0.004950,0.004950,0.000000,0.000000,0.000000
time,5,0.000000,0.000000,0.000000,0.000000,0.000000,0.009901,0.000000,0.004950,0.000000,0.000000,0.000000,0.004950,0.000000,0.004950,0.000000,0.000000,0.000000,0.000000,0.000000,0.000000,0.000000,0.000000
study,5,0.000000,0.004950,0.000000,0.000000,0.009901,0.000000,0.004950,0.000000,0.000000,0.000000,0.000000,0.000000,0.000000,0.000000,0.000000,0.000000,0.000000,0.000000,0.000000,0.004950,0.000000,0.000000
review,5,0.000000,0.004950,0.000000,0.004950,0.004950,0.000000,0.004950,0.004950,0.000000,0.000000,0.000000,0.000000,0.000000,0.000000,0.000000,0.000000,0.000000,0.000000,0.000000,0.000000,0.000000,0.000000
representative,5,0.000000,0.000000,0.000000,0.000000,0.004950,0.009901,0.004950,0.004950,0.000000,0.000000,0.000000,0.000000,0.000000,0.000000,0.000000,0.000000,0.000000,0.000000,0.000000,0.000000,0.000000,0.000000
radar,5,0.000000,0.000000,0.019802,0.004950,0.000000,0.000000,0.000000,0.000000,0.000000,0.000000,0.000000,0.000000,0.000000,0.000000,0.000000,0.000000,0.000000,0.000000,0.000000,0.000000,0.000000,0.000000
propulsion,5,0.000000,0.000000,0.000000,0.000000,0.009901,0.000000,0.009901,0.004950,0.000000,0.000000,0.000000,0.000000,0.000000,0.000000,0.000000,0.000000,0.000000,0.000000,0.000000,0.000000,0.000000,0.000000
progress,5,0.000000,0.000000,0.000000,0.000000,0.014851,0.000000,0.004950,0.000000,0.000000,0.000000,0.000000,0.000000,0.000000,0.000000,0.000000,0.000000,0.000000,0.000000,0.000000,0.000000,0.004950,0.000000
planet,5,0.000000,0.000000,0.000000,0.000000,0.000000,0.000000,0.000000,0.000000,0.000000,0.000000,0.000000,0.000000,0.009901,0.000000,0.004950,0.000000,0.000000,0.004950,0.000000,0.004950,0.000000,0.000000
phase,5,0.014851,0.000000,0.000000,0.000000,0.000000,0.000000,0.004950,0.000000,0.000000,0.000000,0.000000,0.000000,0.000000,0.000000,0.004950,0.000000,0.000000,0.000000,0.000000,0.000000,0.000000,0.000000
panel,5,0.000000,0.000000,0.000000,0.000000,0.000000,0.000000,0.009901,0.000000,0.000000,0.000000,0.000000,0.014851,0.000000,0.000000,0.000000,0.000000,0.000000,0.000000,0.000000,0.000000,0.000000,0.000000
m,5,0.000000,0.000000,0.000000,0.009901,0.004950,0.000000,0.000000,0.000000,0.000000,0.000000,0.004950,0.004950,0.000000,0.000000,0.000000,0.000000,0.000000,0.000000,0.000000,0.000000,0.000000,0.000000
jupiter,5,0.000000,0.000000,0.000000,0.004950,0.000000,0.000000,0.000000,0.004950,0.000000,0.000000,0.000000,0.000000,0.014851,0.000000,0.000000,0.000000,0.000000,0.000000,0.000000,0.000000,0.000000,0.000000
integration,5,0.004950,0.000000,0.000000,0.000000,0.004950,0.000000,0.000000,0.000000,0.004950,0.000000,0.000000,0.004950,0.000000,0.000000,0.000000,0.004950,0.000000,0.000000,0.000000,0.000000,0.000000,0.000000
information,5,0.004950,0.000000,0.000000,0.000000,0.000000,0.000000,0.000000,0.004950,0.000000,0.000000,0.000000,0.004950,0.000000,0.000000,0.000000,0.004950,0.000000,0.000000,0.000000,0.000000,0.004950,0.000000
industry,5,0.009901,0.000000,0.000000,0.000000,0.004950,0.004950,0.004950,0.000000,0.000000,0.000000,0.000000,0.000000,0.000000,0.000000,0.000000,0.000000,0.000000,0.000000,0.000000,0.000000,0.000000,0.000000
image,5,0.000000,0.000000,0.000000,0.000000,0.000000,0.000000,0.000000,0.000000,0.000000,0.000000,0.000000,0.000000,0.000000,0.000000,0.000000,0.000000,0.000000,0.009901,0.014851,0.000000,0.000000,0.000000
htsvl,5,0.000000,0.000000,0.000000,0.000000,0.019802,0.000000,0.000000,0.000000,0.004950,0.000000,0.000000,0.000000,0.000000,0.000000,0.000000,0.000000,0.000000,0.000000,0.000000,0.000000,0.000000,0.000000
group,5,0.000000,0.000000,0.000000,0.000000,0.000000,0.009901,0.000000,0.000000,0.000000,0.000000,0.000000,0.000000,0.004950,0.000000,0.000000,0.000000,0.000000,0.004950,0.004950,0.000000,0.000000,0.000000
fuel,5,0.000000,0.004950,0.000000,0.000000,0.004950,0.000000,0.000000,0.004950,0.000000,0.000000,0.000000,0.004950,0.000000,0.000000,0.000000,0.004950,0.000000,0.000000,0.000000,0.000000,0.000000,0.000000
flight,5,0.000000,0.004950,0.000000,0.000000,0.019802,0.000000,0.000000,0.000000,0.000000,0.000000,0.000000,0.000000,0.000000,0.000000,0.000000,0.000000,0.000000,0.000000,0.000000,0.000000,0.000000,0.000000
field,5,0.000000,0.000000,0.000000,0.000000,0.000000,0.000000,0.004950,0.004950,0.000000,0.000000,0.000000,0.000000,0.000000,0.000000,0.000000,0.000000,0.000000,0.004950,0.000000,0.009901,0.000000,0.000000
docking,5,0.000000,0.000000,0.000000,0.000000,0.009901,0.004950,0.000000,0.009901,0.000000,0.000000,0.000000,0.000000,0.000000,0.000000,0.000000,0.000000,0.000000,0.000000,0.000000,0.000000,0.000000,0.000000
discovery,5,0.000000,0.000000,0.000000,0.000000,0.000000,0.000000,0.014851,0.000000,0.000000,0.000000,0.000000,0.000000,0.000000,0.000000,0.000000,0.004950,0.000000,0.000000,0.004950,0.000000,0.000000,0.000000
country,5,0.000000,0.000000,0.000000,0.000000,0.004950,0.004950,0.014851,0.000000,0.000000,0.000000,0.000000,0.000000,0.000000,0.000000,0.000000,0.000000,0.000000,0.000000,0.000000,0.000000,0.000000,0.000000
construction,5,0.004950,0.000000,0.000000,0.000000,0.000000,0.000000,0.000000,0.004950,0.000000,0.000000,0.000000,0.004950,0.000000,0.004950,0.000000,0.004950,0.000000,0.000000,0.000000,0.000000,0.000000,0.000000
christian,5,0.004950,0.000000,0.000000,0.000000,0.014851,0.000000,0.000000,0.000000,0.000000,0.000000,0.000000,0.000000,0.000000,0.000000,0.000000,0.004950,0.000000,0.000000,0.000000,0.000000,0.000000,0.000000
centrifuge,5,0.000000,0.000000,0.000000,0.000000,0.009901,0.000000,0.009901,0.004950,0.000000,0.000000,0.000000,0.000000,0.000000,0.000000,0.000000,0.000000,0.000000,0.000000,0.000000,0.000000,0.000000,0.000000
center,5,0.000000,0.000000,0.000000,0.000000,0.009901,0.009901,0.000000,0.000000,0.000000,0.000000,0.000000,0.000000,0.000000,0.000000,0.000000,0.000000,0.000000,0.000000,0.000000,0.000000,0.000000,0.004950
canadian,5,0.000000,0.000000,0.000000,0.000000,0.000000,0.000000,0.004950,0.009901,0.000000,0.000000,0.000000,0.000000,0.004950,0.000000,0.000000,0.000000,0.004950,0.000000,0.000000,0.000000,0.000000,0.000000
camera,5,0.009901,0.000000,0.000000,0.000000,0.000000,0.000000,0.000000,0.004950,0.000000,0.000000,0.000000,0.000000,0.000000,0.000000,0.000000,0.000000,0.000000,0.000000,0.009901,0.000000,0.000000,0.000000
boeing,5,0.000000,0.000000,0.000000,0.000000,0.000000,0.000000,0.000000,0.000000,0.000000,0.000000,0.000000,0.014851,0.000000,0.000000,0.000000,0.009901,0.000000,0.000000,0.000000,0.000000,0.000000,0.000000
base,5,0.004950,0.009901,0.000000,0.000000,0.004950,0.000000,0.000000,0.000000,0.000000,0.000000,0.000000,0.000000,0.000000,0.000000,0.000000,0.000000,0.004950,0.000000,0.000000,0.000000,0.000000,0.000000
7/91,5,0.000000,0.000000,0.000000,0.000000,0.024752,0.000000,0.000000,0.000000,0.000000,0.000000,0.000000,0.000000,0.000000,0.000000,0.000000,0.000000,0.000000,0.000000,0.000000,0.000000,0.000000,0.000000
30/92,5,0.000000,0.000000,0.000000,0.000000,0.000000,0.024752,0.000000,0.000000,0.000000,0.000000,0.000000,0.000000,0.000000,0.000000,0.000000,0.000000,0.000000,0.000000,0.000000,0.000000,0.000000,0.000000
28/91,5,0.000000,0.000000,0.000000,0.000000,0.024752,0.000000,0.000000,0.000000,0.000000,0.000000,0.000000,0.000000,0.000000,0.000000,0.000000,0.000000,0.000000,0.000000,0.000000,0.000000,0.000000,0.000000
27/91,5,0.000000,0.000000,0.000000,0.000000,0.024752,0.000000,0.000000,0.000000,0.000000,0.000000,0.000000,0.000000,0.000000,0.000000,0.000000,0.000000,0.000000,0.000000,0.000000,0.000000,0.000000,0.000000
23/92,5,0.000000,0.000000,0.000000,0.000000,0.000000,0.024752,0.000000,0.000000,0.000000,0.000000,0.000000,0.000000,0.000000,0.000000,0.000000,0.000000,0.000000,0.000000,0.000000,0.000000,0.000000,0.000000
2/87,5,0.024752,0.000000,0.000000,0.000000,0.000000,0.000000,0.000000,0.000000,0.000000,0.000000,0.000000,0.000000,0.000000,0.000000,0.000000,0.000000,0.000000,0.000000,0.000000,0.000000,0.000000,0.000000
15/91,5,0.000000,0.000000,0.000000,0.000000,0.024752,0.000000,0.000000,0.000000,0.000000,0.000000,0.000000,0.000000,0.000000,0.000000,0.000000,0.000000,0.000000,0.000000,0.000000,0.000000,0.000000,0.000000
whirlpool,4,0.000000,0.000000,0.000000,0.000000,0.000000,0.000000,0.000000,0.004950,0.000000,0.000000,0.000000,0.000000,0.000000,0.000000,0.000000,0.000000,0.000000,0.000000,0.014851,0.000000,0.000000,0.000000
type,4,0.000000,0.000000,0.000000,0.000000,0.000000,0.000000,0.000000,0.000000,0.000000,0.000000,0.000000,0.004950,0.000000,0.000000,0.004950,0.000000,0.000000,0.000000,0.004950,0.004950,0.000000,0.000000
trin,4,0.000000,0.000000,0.000000,0.000000,0.019802,0.000000,0.000000,0.000000,0.000000,0.000000,0.000000,0.000000,0.000000,0.000000,0.000000,0.000000,0.000000,0.000000,0.000000,0.000000,0.000000,0.000000
third,4,0.000000,0.009901,0.000000,0.000000,0.000000,0.000000,0.004950,0.000000,0.000000,0.000000,0.000000,0.004950,0.000000,0.000000,0.000000,0.000000,0.000000,0.000000,0.000000,0.000000,0.000000,0.000000
service,4,0.000000,0.000000,0.000000,0.000000,0.009901,0.000000,0.004950,0.000000,0.000000,0.000000,0.000000,0.000000,0.000000,0.000000,0.000000,0.000000,0.000000,0.000000,0.000000,0.000000,0.000000,0.004950
schedule,4,0.000000,0.000000,0.000000,0.000000,0.000000,0.009901,0.000000,0.004950,0.004950,0.000000,0.000000,0.000000,0.000000,0.000000,0.000000,0.000000,0.000000,0.000000,0.000000,0.000000,0.000000,0.000000
rotation,4,0.000000,0.000000,0.000000,0.000000,0.000000,0.000000,0.000000,0.000000,0.000000,0.000000,0.000000,0.000000,0.000000,0.000000,0.000000,0.000000,0.000000,0.000000,0.000000,0.019802,0.000000,0.000000
request,4,0.000000,0.000000,0.004950,0.000000,0.009901,0.000000,0.004950,0.000000,0.000000,0.000000,0.000000,0.000000,0.000000,0.000000,0.000000,0.000000,0.000000,0.000000,0.000000,0.000000,0.000000,0.000000
repair,4,0.000000,0.000000,0.000000,0.000000,0.000000,0.000000,0.004950,0.000000,0.000000,0.000000,0.000000,0.009901,0.000000,0.004950,0.000000,0.000000,0.000000,0.000000,0.000000,0.000000,0.000000,0.000000
problem,4,0.000000,0.004950,0.000000,0.009901,0.000000,0.000000,0.004950,0.000000,0.000000,0.000000,0.000000,0.000000,0.000000,0.000000,0.000000,0.000000,0.000000,0.000000,0.000000,0.000000,0.000000,0.000000
press,4,0.000000,0.000000,0.000000,0.000000,0.004950,0.000000,0.000000,0.004950,0.004950,0.000000,0.000000,0.000000,0.004950,0.000000,0.000000,0.000000,0.000000,0.000000,0.000000,0.000000,0.000000,0.000000
orientation,4,0.000000,0.000000,0.000000,0.000000,0.000000,0.000000,0.004950,0.000000,0.000000,0.000000,0.000000,0.009901,0.000000,0.004950,0.000000,0.000000,0.000000,0.000000,0.000000,0.000000,0.000000,0.000000
observation,4,0.000000,0.009901,0.000000,0.000000,0.000000,0.000000,0.000000,0.000000,0.000000,0.000000,0.004950,0.000000,0.000000,0.000000,0.004950,0.000000,0.000000,0.000000,0.000000,0.000000,0.000000,0.000000
november,4,0.000000,0.000000,0.000000,0.000000,0.000000,0.000000,0.000000,0.009901,0.000000,0.000000,0.000000,0.000000,0.000000,0.000000,0.004950,0.000000,0.000000,0.000000,0.000000,0.000000,0.000000,0.004950
measure,4,0.000000,0.000000,0.000000,0.000000,0.000000,0.000000,0.000000,0.000000,0.000000,0.000000,0.000000,0.000000,0.004950,0.000000,0.004950,0.000000,0.000000,0.000000,0.000000,0.004950,0.004950,0.000000
manager,4,0.000000,0.000000,0.000000,0.004950,0.000000,0.000000,0.000000,0.000000,0.000000,0.000000,0.000000,0.000000,0.000000,0.000000,0.000000,0.000000,0.000000,0.000000,0.000000,0.000000,0.000000,0.014851
launch,4,0.000000,0.000000,0.000000,0.000000,0.009901,0.000000,0.004950,0.000000,0.000000,0.000000,0.000000,0.000000,0.000000,0.000000,0.000000,0.000000,0.000000,0.000000,0.004950,0.000000,0.000000,0.000000
kuiper,4,0.000000,0.000000,0.000000,0.000000,0.000000,0.000000,0.000000,0.000000,0.000000,0.000000,0.000000,0.000000,0.000000,0.000000,0.000000,0.019802,0.000000,0.000000,0.000000,0.000000,0.000000,0.000000
japan,4,0.004950,0.009901,0.000000,0.000000,0.000000,0.000000,0.004950,0.000000,0.000000,0.000000,0.000000,0.000000,0.000000,0.000000,0.000000,0.000000,0.000000,0.000000,0.000000,0.000000,0.000000,0.000000
january,4,0.000000,0.000000,0.000000,0.000000,0.000000,0.000000,0.000000,0.004950,0.000000,0.000000,0.000000,0.014851,0.000000,0.000000,0.000000,0.000000,0.000000,0.000000,0.000000,0.000000,0.000000,0.000000
guidance,4,0.000000,0.004950,0.000000,0.004950,0.004950,0.000000,0.000000,0.004950,0.000000,0.000000,0.000000,0.000000,0.000000,0.000000,0.000000,0.000000,0.000000,0.000000,0.000000,0.000000,0.000000,0.000000
grumman,4,0.009901,0.000000,0.000000,0.000000,0.009901,0.000000,0.000000,0.000000,0.000000,0.000000,0.000000,0.000000,0.000000,0.000000,0.000000,0.000000,0.000000,0.000000,0.000000,0.000000,0.000000,0.000000
future,4,0.000000,0.000000,0.000000,0.000000,0.009901,0.004950,0.004950,0.000000,0.000000,0.000000,0.000000,0.000000,0.000000,0.000000,0.000000,0.000000,0.000000,0.000000,0.000000,0.000000,0.000000,0.000000
fisher,4,0.000000,0.000000,0.000000,0.000000,0.000000,0.000000,0.019802,0.000000,0.000000,0.000000,0.000000,0.000000,0.000000,0.000000,0.000000,0.000000,0.000000,0.000000,0.000000,0.000000,0.000000,0.000000
extrasolar,4,0.000000,0.000000,0.000000,0.000000,0.000000,0.000000,0.000000,0.000000,0.000000,0.000000,0.000000,0.000000,0.000000,0.000000,0.004950,0.000000,0.000000,0.000000,0.000000,0.014851,0.000000,0.000000
estimate,4,0.004950,0.000000,0.000000,0.000000,0.000000,0.000000,0.000000,0.000000,0.000000,0.000000,0.000000,0.000000,0.000000,0.000000,0.000000,0.009901,0.000000,0.000000,0.000000,0.004950,0.000000,0.000000
end,4,0.000000,0.000000,0.000000,0.000000,0.004950,0.004950,0.000000,0.000000,0.000000,0.000000,0.000000,0.000000,0.000000,0.000000,0.000000,0.000000,0.004950,0.000000,0.004950,0.000000,0.000000,0.000000
effort,4,0.000000,0.000000,0.000000,0.000000,0.000000,0.000000,0.019802,0.000000,0.000000,0.000000,0.000000,0.000000,0.000000,0.000000,0.000000,0.000000,0.000000,0.000000,0.000000,0.000000,0.000000,0.000000
delay,4,0.000000,0.004950,0.000000,0.000000,0.004950,0.000000,0.009901,0.000000,0.000000,0.000000,0.000000,0.000000,0.000000,0.000000,0.000000,0.000000,0.000000,0.000000,0.000000,0.000000,0.000000,0.000000
decision,4,0.000000,0.000000,0.000000,0.000000,0.004950,0.000000,0.014851,0.000000,0.000000,0.000000,0.000000,0.000000,0.000000,0.000000,0.000000,0.000000,0.000000,0.000000,0.000000,0.000000,0.000000,0.000000
cooperation,4,0.000000,0.009901,0.000000,0.000000,0.004950,0.000000,0.004950,0.000000,0.000000,0.000000,0.000000,0.000000,0.000000,0.000000,0.000000,0.000000,0.000000,0.000000,0.000000,0.000000,0.000000,0.000000
conference,4,0.000000,0.000000,0.000000,0.000000,0.000000,0.000000,0.014851,0.000000,0.004950,0.000000,0.000000,0.000000,0.000000,0.000000,0.000000,0.000000,0.000000,0.000000,0.000000,0.000000,0.000000,0.000000
chronicle,4,0.000000,0.000000,0.000000,0.000000,0.009901,0.000000,0.004950,0.000000,0.000000,0.000000,0.000000,0.000000,0.000000,0.000000,0.000000,0.000000,0.000000,0.004950,0.000000,0.000000,0.000000,0.000000
capability,4,0.004950,0.000000,0.009901,0.000000,0.000000,0.000000,0.004950,0.000000,0.000000,0.000000,0.000000,0.000000,0.000000,0.000000,0.000000,0.000000,0.000000,0.000000,0.000000,0.000000,0.000000,0.000000
canada,4,0.004950,0.009901,0.000000,0.000000,0.000000,0.000000,0.004950,0.000000,0.000000,0.000000,0.000000,0.000000,0.000000,0.000000,0.000000,0.000000,0.000000,0.000000,0.000000,0.000000,0.000000,0.000000
business,4,0.000000,0.000000,0.000000,0.000000,0.004950,0.004950,0.000000,0.009901,0.000000,0.000000,0.000000,0.000000,0.000000,0.000000,0.000000,0.000000,0.000000,0.000000,0.000000,0.000000,0.000000,0.000000
attempt,4,0.000000,0.004950,0.000000,0.000000,0.009901,0.000000,0.004950,0.000000,0.000000,0.000000,0.000000,0.000000,0.000000,0.000000,0.000000,0.000000,0.000000,0.000000,0.000000,0.000000,0.000000,0.000000
age,4,0.000000,0.000000,0.000000,0.000000,0.000000,0.000000,0.000000,0.000000,0.000000,0.000000,0.000000,0.000000,0.000000,0.000000,0.000000,0.019802,0.000000,0.000000,0.000000,0.000000,0.000000,0.000000
28/92,4,0.000000,0.000000,0.000000,0.000000,0.000000,0.019802,0.000000,0.000000,0.000000,0.000000,0.000000,0.000000,0.000000,0.000000,0.000000,0.000000,0.000000,0.000000,0.000000,0.000000,0.000000,0.000000
27/92,4,0.000000,0.000000,0.000000,0.000000,0.000000,0.019802,0.000000,0.000000,0.000000,0.000000,0.000000,0.000000,0.000000,0.000000,0.000000,0.000000,0.000000,0.000000,0.000000,0.000000,0.000000,0.000000
20/94,4,0.000000,0.000000,0.000000,0.000000,0.000000,0.000000,0.000000,0.019802,0.000000,0.000000,0.000000,0.000000,0.000000,0.000000,0.000000,0.000000,0.000000,0.000000,0.000000,0.000000,0.000000,0.000000
14/91,4,0.000000,0.000000,0.000000,0.000000,0.019802,0.000000,0.000000,0.000000,0.000000,0.000000,0.000000,0.000000,0.000000,0.000000,0.000000,0.000000,0.000000,0.000000,0.000000,0.000000,0.000000,0.000000
10/92,4,0.000000,0.000000,0.000000,0.000000,0.000000,0.019802,0.000000,0.000000,0.000000,0.000000,0.000000,0.000000,0.000000,0.000000,0.000000,0.000000,0.000000,0.000000,0.000000,0.000000,0.000000,0.000000
1/91,4,0.000000,0.000000,0.000000,0.000000,0.019802,0.000000,0.000000,0.000000,0.000000,0.000000,0.000000,0.000000,0.000000,0.000000,0.000000,0.000000,0.000000,0.000000,0.000000,0.000000,0.000000,0.000000
ww31,3,0.000000,0.000000,0.000000,0.000000,0.000000,0.000000,0.000000,0.000000,0.000000,0.000000,0.000000,0.000000,0.000000,0.000000,0.000000,0.014851,0.000000,0.000000,0.000000,0.000000,0.000000,0.000000
way,3,0.000000,0.000000,0.000000,0.000000,0.000000,0.000000,0.009901,0.000000,0.000000,0.000000,0.000000,0.000000,0.000000,0.000000,0.000000,0.000000,0.000000,0.000000,0.000000,0.004950,0.000000,0.000000
vision,3,0.000000,0.000000,0.000000,0.000000,0.000000,0.014851,0.000000,0.000000,0.000000,0.000000,0.000000,0.000000,0.000000,0.000000,0.000000,0.000000,0.000000,0.000000,0.000000,0.000000,0.000000,0.000000
union,3,0.000000,0.000000,0.000000,0.000000,0.009901,0.000000,0.004950,0.000000,0.000000,0.000000,0.000000,0.000000,0.000000,0.000000,0.000000,0.000000,0.000000,0.000000,0.000000,0.000000,0.000000,0.000000
tribune,3,0.000000,0.000000,0.000000,0.000000,0.000000,0.000000,0.004950,0.000000,0.000000,0.000000,0.000000,0.004950,0.004950,0.000000,0.000000,0.000000,0.000000,0.000000,0.000000,0.000000,0.000000,0.000000
trib,3,0.004950,0.004950,0.000000,0.000000,0.000000,0.000000,0.004950,0.000000,0.000000,0.000000,0.000000,0.000000,0.000000,0.000000,0.000000,0.000000,0.000000,0.000000,0.000000,0.000000,0.000000,0.000000
tax,3,0.000000,0.000000,0.000000,0.000000,0.000000,0.009901,0.000000,0.004950,0.000000,0.000000,0.000000,0.000000,0.000000,0.000000,0.000000,0.000000,0.000000,0.000000,0.000000,0.000000,0.000000,0.000000
supernova,3,0.000000,0.000000,0.000000,0.000000,0.000000,0.000000,0.000000,0.014851,0.000000,0.000000,0.000000,0.000000,0.000000,0.000000,0.000000,0.000000,0.000000,0.000000,0.000000,0.000000,0.000000,0.000000
superconducting,3,0.000000,0.000000,0.000000,0.000000,0.000000,0.000000,0.014851,0.000000,0.000000,0.000000,0.000000,0.000000,0.000000,0.000000,0.000000,0.000000,0.000000,0.000000,0.000000,0.000000,0.000000,0.000000
subcommittee,3,0.000000,0.000000,0.000000,0.000000,0.014851,0.000000,0.000000,0.000000,0.000000,0.000000,0.000000,0.000000,0.000000,0.000000,0.000000,0.000000,0.000000,0.000000,0.000000,0.000000,0.000000,0.000000
staff,3,0.000000,0.000000,0.000000,0.000000,0.009901,0.000000,0.004950,0.000000,0.000000,0.000000,0.000000,0.000000,0.000000,0.000000,0.000000,0.000000,0.000000,0.000000,0.000000,0.000000,0.000000,0.000000
spacewalk,3,0.000000,0.000000,0.000000,0.000000,0.004950,0.000000,0.000000,0.000000,0.000000,0.000000,0.000000,0.009901,0.000000,0.000000,0.000000,0.000000,0.000000,0.000000,0.000000,0.000000,0.000000,0.000000
spacehab,3,0.000000,0.000000,0.000000,0.004950,0.000000,0.000000,0.000000,0.000000,0.000000,0.000000,0.000000,0.000000,0.009901,0.000000,0.000000,0.000000,0.000000,0.000000,0.000000,0.000000,0.000000,0.000000
six,3,0.000000,0.000000,0.000000,0.000000,0.004950,0.000000,0.004950,0.000000,0.004950,0.000000,0.000000,0.000000,0.000000,0.000000,0.000000,0.000000,0.000000,0.000000,0.000000,0.000000,0.000000,0.000000
site,3,0.000000,0.000000,0.000000,0.000000,0.004950,0.000000,0.000000,0.004950,0.000000,0.000000,0.000000,0.000000,0.004950,0.000000,0.000000,0.000000,0.000000,0.000000,0.000000,0.000000,0.000000,0.000000
second,3,0.000000,0.004950,0.000000,0.004950,0.004950,0.000000,0.000000,0.000000,0.000000,0.000000,0.000000,0.000000,0.000000,0.000000,0.000000,0.000000,0.000000,0.000000,0.000000,0.000000,0.000000,0.000000
scaled-down,3,0.000000,0.000000,0.000000,0.000000,0.004950,0.000000,0.009901,0.000000,0.000000,0.000000,0.000000,0.000000,0.000000,0.000000,0.000000,0.000000,0.000000,0.000000,0.000000,0.000000,0.000000,0.000000
salyut,3,0.000000,0.000000,0.000000,0.000000,0.014851,0.000000,0.000000,0.000000,0.000000,0.000000,0.000000,0.000000,0.000000,0.000000,0.000000,0.000000,0.000000,0.000000,0.000000,0.000000,0.000000,0.000000
rtw,3,0.000000,0.000000,0.000000,0.000000,0.000000,0.000000,0.014851,0.000000,0.000000,0.000000,0.000000,0.000000,0.000000,0.000000,0.000000,0.000000,0.000000,0.000000,0.000000,0.000000,0.000000,0.000000
robot,3,0.000000,0.000000,0.000000,0.000000,0.009901,0.000000,0.000000,0.000000,0.000000,0.000000,0.000000,0.000000,0.000000,0.000000,0.000000,0.000000,0.004950,0.000000,0.000000,0.000000,0.000000,0.000000
richard,3,0.000000,0.000000,0.000000,0.000000,0.000000,0.000000,0.009901,0.000000,0.000000,0.000000,0.000000,0.000000,0.000000,0.000000,0.000000,0.000000,0.000000,0.000000,0.000000,0.000000,0.000000,0.004950
rate,3,0.000000,0.000000,0.000000,0.000000,0.000000,0.000000,0.000000,0.000000,0.000000,0.000000,0.000000,0.000000,0.000000,0.000000,0.000000,0.004950,0.000000,0.000000,0.000000,0.009901,0.000000,0.000000
process,3,0.000000,0.000000,0.000000,0.000000,0.000000,0.000000,0.000000,0.009901,0.000000,0.000000,0.004950,0.000000,0.000000,0.000000,0.000000,0.000000,0.000000,0.000000,0.000000,0.000000,0.000000,0.000000
probe,3,0.000000,0.000000,0.000000,0.000000,0.009901,0.000000,0.000000,0.000000,0.000000,0.000000,0.000000,0.000000,0.004950,0.000000,0.000000,0.000000,0.000000,0.000000,0.000000,0.000000,0.000000,0.000000
pr,3,0.000000,0.000000,0.000000,0.000000,0.014851,0.000000,0.000000,0.000000,0.000000,0.000000,0.000000,0.000000,0.000000,0.000000,0.000000,0.000000,0.000000,0.000000,0.000000,0.000000,0.000000,0.000000
period,3,0.000000,0.000000,0.000000,0.000000,0.004950,0.000000,0.000000,0.000000,0.000000,0.000000,0.000000,0.000000,0.000000,0.000000,0.000000,0.000000,0.000000,0.000000,0.000000,0.009901,0.000000,0.000000
participation,3,0.000000,0.004950,0.000000,0.000000,0.004950,0.000000,0.000000,0.004950,0.000000,0.000000,0.000000,0.000000,0.000000,0.000000,0.000000,0.000000,0.000000,0.000000,0.000000,0.000000,0.000000,0.000000
operation,3,0.000000,0.004950,0.000000,0.004950,0.000000,0.000000,0.000000,0.000000,0.004950,0.000000,0.000000,0.000000,0.000000,0.000000,0.000000,0.000000,0.000000,0.000000,0.000000,0.000000,0.000000,0.000000
october,3,0.000000,0.000000,0.000000,0.000000,0.004950,0.000000,0.000000,0.000000,0.004950,0.000000,0.000000,0.000000,0.000000,0.000000,0.000000,0.000000,0.000000,0.000000,0.000000,0.004950,0.000000,0.000000
number,3,0.000000,0.000000,0.000000,0.004950,0.009901,0.000000,0.000000,0.000000,0.000000,0.000000,0.000000,0.000000,0.000000,0.000000,0.000000,0.000000,0.000000,0.000000,0.000000,0.000000,0.000000,0.000000
npo,3,0.000000,0.000000,0.000000,0.000000,0.000000,0.004950,0.009901,0.000000,0.000000,0.000000,0.000000,0.000000,0.000000,0.000000,0.000000,0.000000,0.000000,0.000000,0.000000,0.000000,0.000000,0.000000
newswire,3,0.000000,0.000000,0.000000,0.000000,0.014851,0.000000,0.000000,0.000000,0.000000,0.000000,0.000000,0.000000,0.000000,0.000000,0.000000,0.000000,0.000000,0.000000,0.000000,0.000000,0.000000,0.000000
nature,3,0.000000,0.000000,0.000000,0.000000,0.000000,0.004950,0.000000,0.000000,0.000000,0.000000,0.000000,0.000000,0.000000,0.000000,0.000000,0.004950,0.000000,0.000000,0.000000,0.004950,0.000000,0.000000
money,3,0.000000,0.000000,0.000000,0.000000,0.009901,0.004950,0.000000,0.000000,0.000000,0.000000,0.000000,0.000000,0.000000,0.000000,0.000000,0.000000,0.000000,0.000000,0.000000,0.000000,0.000000,0.000000
modification,3,0.000000,0.000000,0.000000,0.000000,0.000000,0.000000,0.000000,0.000000,0.000000,0.000000,0.000000,0.009901,0.000000,0.000000,0.000000,0.004950,0.000000,0.000000,0.000000,0.000000,0.000000,0.000000
md,3,0.000000,0.000000,0.000000,0.000000,0.000000,0.000000,0.000000,0.000000,0.000000,0.000000,0.000000,0.000000,0.000000,0.000000,0.000000,0.000000,0.014851,0.000000,0.000000,0.000000,0.000000,0.000000
mass,3,0.000000,0.000000,0.000000,0.000000,0.000000,0.004950,0.000000,0.000000,0.000000,0.000000,0.000000,0.000000,0.004950,0.000000,0.000000,0.000000,0.000000,0.000000,0.000000,0.004950,0.000000,0.000000
maryland,3,0.000000,0.000000,0.000000,0.000000,0.004950,0.000000,0.009901,0.000000,0.000000,0.000000,0.000000,0.000000,0.000000,0.000000,0.000000,0.000000,0.000000,0.000000,0.000000,0.000000,0.000000,0.000000
maintenance,3,0.000000,0.004950,0.000000,0.004950,0.000000,0.000000,0.000000,0.000000,0.000000,0.000000,0.000000,0.000000,0.000000,0.000000,0.000000,0.000000,0.004950,0.000000,0.000000,0.000000,0.000000,0.000000
magazine,3,0.000000,0.000000,0.000000,0.000000,0.000000,0.000000,0.014851,0.000000,0.000000,0.000000,0.000000,0.000000,0.000000,0.000000,0.000000,0.000000,0.000000,0.000000,0.000000,0.000000,0.000000,0.000000
limit,3,0.000000,0.000000,0.000000,0.009901,0.000000,0.004950,0.000000,0.000000,0.000000,0.000000,0.000000,0.000000,0.000000,0.000000,0.000000,0.000000,0.000000,0.000000,0.000000,0.000000,0.000000,0.000000
lifetime,3,0.000000,0.000000,0.000000,0.000000,0.004950,0.009901,0.000000,0.000000,0.000000,0.000000,0.000000,0.000000,0.000000,0.000000,0.000000,0.000000,0.000000,0.000000,0.000000,0.000000,0.000000,0.000000
japanese,3,0.000000,0.004950,0.000000,0.000000,0.004950,0.000000,0.004950,0.000000,0.000000,0.000000,0.000000,0.000000,0.000000,0.000000,0.000000,0.000000,0.000000,0.000000,0.000000,0.000000,0.000000,0.000000
increase,3,0.000000,0.000000,0.000000,0.004950,0.000000,0.004950,0.004950,0.000000,0.000000,0.000000,0.000000,0.000000,0.000000,0.000000,0.000000,0.000000,0.000000,0.000000,0.000000,0.000000,0.000000,0.000000
inc,3,0.000000,0.000000,0.000000,0.000000,0.009901,0.000000,0.000000,0.000000,0.000000,0.000000,0.000000,0.000000,0.004950,0.000000,0.000000,0.000000,0.000000,0.000000,0.000000,0.000000,0.000000,0.000000
headquarters,3,0.000000,0.000000,0.000000,0.000000,0.014851,0.000000,0.000000,0.000000,0.000000,0.000000,0.000000,0.000000,0.000000,0.000000,0.000000,0.000000,0.000000,0.000000,0.000000,0.000000,0.000000,0.000000
half,3,0.000000,0.000000,0.000000,0.000000,0.004950,0.000000,0.000000,0.004950,0.000000,0.000000,0.000000,0.000000,0.004950,0.000000,0.000000,0.000000,0.000000,0.000000,0.000000,0.000000,0.000000,0.000000
gravity,3,0.000000,0.000000,0.000000,0.009901,0.000000,0.000000,0.004950,0.000000,0.000000,0.000000,0.000000,0.000000,0.000000,0.000000,0.000000,0.000000,0.000000,0.000000,0.000000,0.000000,0.000000,0.000000
gilbrech,3,0.000000,0.000000,0.000000,0.000000,0.000000,0.000000,0.000000,0.000000,0.000000,0.000000,0.000000,0.000000,0.000000,0.000000,0.000000,0.000000,0.000000,0.000000,0.000000,0.000000,0.000000,0.014851
freeflying,3,0.000000,0.014851,0.000000,0.000000,0.000000,0.000000,0.000000,0.000000,0.000000,0.000000,0.000000,0.000000,0.000000,0.000000,0.000000,0.000000,0.000000,0.000000,0.000000,0.000000,0.000000,0.000000
food,3,0.000000,0.000000,0.000000,0.000000,0.009901,0.000000,0.000000,0.004950,0.000000,0.000000,0.000000,0.000000,0.000000,0.000000,0.000000,0.000000,0.000000,0.000000,0.000000,0.000000,0.000000,0.000000
florida,3,0.000000,0.000000,0.000000,0.000000,0.004950,0.004950,0.000000,0.000000,0.000000,0.000000,0.000000,0.000000,0.000000,0.004950,0.000000,0.000000,0.000000,0.000000,0.000000,0.000000,0.000000,0.000000
february,3,0.000000,0.000000,0.000000,0.000000,0.004950,0.000000,0.000000,0.000000,0.000000,0.000000,0.000000,0.000000,0.009901,0.000000,0.000000,0.000000,0.000000,0.000000,0.000000,0.000000,0.000000,0.000000
fall,3,0.000000,0.000000,0.000000,0.000000,0.014851,0.000000,0.000000,0.000000,0.000000,0.000000,0.000000,0.000000,0.000000,0.000000,0.000000,0.000000,0.000000,0.000000,0.000000,0.000000,0.000000,0.000000
fairfax,3,0.000000,0.000000,0.000000,0.000000,0.014851,0.000000,0.000000,0.000000,0.000000,0.000000,0.000000,0.000000,0.000000,0.000000,0.000000,0.000000,0.000000,0.000000,0.000000,0.000000,0.000000,0.000000
executive,3,0.000000,0.000000,0.000000,0.000000,0.004950,0.000000,0.004950,0.004950,0.000000,0.000000,0.000000,0.000000,0.000000,0.000000,0.000000,0.000000,0.000000,0.000000,0.000000,0.000000,0.000000,0.000000
europe,3,0.000000,0.009901,0.000000,0.000000,0.000000,0.000000,0.004950,0.000000,0.000000,0.000000,0.000000,0.000000,0.000000,0.000000,0.000000,0.000000,0.000000,0.000000,0.000000,0.000000,0.000000,0.000000
energy,3,0.000000,0.000000,0.000000,0.000000,0.004950,0.000000,0.000000,0.000000,0.000000,0.000000,0.004950,0.004950,0.000000,0.000000,0.000000,0.000000,0.000000,0.000000,0.000000,0.000000,0.000000,0.000000
dwarf,3,0.000000,0.000000,0.000000,0.000000,0.000000,0.000000,0.000000,0.000000,0.000000,0.000000,0.000000,0.000000,0.000000,0.000000,0.000000,0.014851,0.000000,0.000000,0.000000,0.000000,0.000000,0.000000
diameter,3,0.000000,0.000000,0.004950,0.000000,0.000000,0.000000,0.000000,0.000000,0.000000,0.000000,0.000000,0.000000,0.000000,0.000000,0.000000,0.000000,0.000000,0.004950,0.004950,0.000000,0.000000,0.000000
dextre,3,0.000000,0.000000,0.000000,0.000000,0.000000,0.000000,0.000000,0.000000,0.000000,0.000000,0.000000,0.000000,0.000000,0.000000,0.000000,0.000000,0.014851,0.000000,0.000000,0.000000,0.000000,0.000000
deorbit,3,0.000000,0.014851,0.000000,0.000000,0.000000,0.000000,0.000000,0.000000,0.000000,0.000000,0.000000,0.000000,0.000000,0.000000,0.000000,0.000000,0.000000,0.000000,0.000000,0.000000,0.000000,0.000000
deficit,3,0.000000,0.000000,0.000000,0.000000,0.004950,0.000000,0.009901,0.000000,0.000000,0.000000,0.000000,0.000000,0.000000,0.000000,0.000000,0.000000,0.000000,0.000000,0.000000,0.000000,0.000000,0.000000
date,3,0.000000,0.000000,0.000000,0.004950,0.004950,0.000000,0.000000,0.000000,0.000000,0.000000,0.000000,0.000000,0.000000,0.000000,0.000000,0.000000,0.000000,0.000000,0.004950,0.000000,0.000000,0.000000
daniel,3,0.000000,0.000000,0.000000,0.000000,0.004950,0.000000,0.004950,0.004950,0.000000,0.000000,0.000000,0.000000,0.000000,0.000000,0.000000,0.000000,0.000000,0.000000,0.000000,0.000000,0.000000,0.000000
craft,3,0.000000,0.000000,0.000000,0.004950,0.000000,0.000000,0.000000,0.004950,0.000000,0.000000,0.000000,0.000000,0.000000,0.000000,0.000000,0.000000,0.000000,0.000000,0.000000,0.000000,0.004950,0.000000
counterpart,3,0.000000,0.000000,0.000000,0.000000,0.000000,0.000000,0.000000,0.000000,0.000000,0.000000,0.014851,0.000000,0.000000,0.000000,0.000000,0.000000,0.000000,0.000000,0.000000,0.000000,0.000000,0.000000
council,3,0.004950,0.000000,0.000000,0.000000,0.009901,0.000000,0.000000,0.000000,0.000000,0.000000,0.000000,0.000000,0.000000,0.000000,0.000000,0.000000,0.000000,0.000000,0.000000,0.000000,0.000000,0.000000
cooke,3,0.000000,0.000000,0.000000,0.000000,0.000000,0.000000,0.000000,0.000000,0.000000,0.000000,0.000000,0.000000,0.000000,0.000000,0.000000,0.000000,0.000000,0.000000,0.000000,0.000000,0.000000,0.014851
controversy,3,0.000000,0.000000,0.000000,0.000000,0.004950,0.000000,0.009901,0.000000,0.000000,0.000000,0.000000,0.000000,0.000000,0.000000,0.000000,0.000000,0.000000,0.000000,0.000000,0.000000,0.000000,0.000000
configuration,3,0.014851,0.000000,0.000000,0.000000,0.000000,0.000000,0.000000,0.000000,0.000000,0.000000,0.000000,0.000000,0.000000,0.000000,0.000000,0.000000,0.000000,0.000000,0.000000,0.000000,0.000000,0.000000
community,3,0.000000,0.000000,0.000000,0.000000,0.004950,0.004950,0.004950,0.000000,0.000000,0.000000,0.000000,0.000000,0.000000,0.000000,0.000000,0.000000,0.000000,0.000000,0.000000,0.000000,0.000000,0.000000
commitment,3,0.000000,0.004950,0.000000,0.000000,0.000000,0.004950,0.000000,0.004950,0.000000,0.000000,0.000000,0.000000,0.000000,0.000000,0.000000,0.000000,0.000000,0.000000,0.000000,0.000000,0.000000,0.000000
comet,3,0.000000,0.000000,0.000000,0.000000,0.009901,0.000000,0.000000,0.004950,0.000000,0.000000,0.000000,0.000000,0.000000,0.000000,0.000000,0.000000,0.000000,0.000000,0.000000,0.000000,0.000000,0.000000
chairman,3,0.000000,0.000000,0.000000,0.000000,0.004950,0.000000,0.009901,0.000000,0.000000,0.000000,0.000000,0.000000,0.000000,0.000000,0.000000,0.000000,0.000000,0.000000,0.000000,0.000000,0.000000,0.000000
chair,3,0.000000,0.000000,0.000000,0.000000,0.009901,0.000000,0.000000,0.004950,0.000000,0.000000,0.000000,0.000000,0.000000,0.000000,0.000000,0.000000,0.000000,0.000000,0.000000,0.000000,0.000000,0.000000
cause,3,0.000000,0.000000,0.000000,0.000000,0.004950,0.000000,0.000000,0.004950,0.000000,0.000000,0.000000,0.000000,0.000000,0.004950,0.000000,0.000000,0.000000,0.000000,0.000000,0.000000,0.000000,0.000000
capsule,3,0.000000,0.004950,0.000000,0.000000,0.009901,0.000000,0.000000,0.000000,0.000000,0.000000,0.000000,0.000000,0.000000,0.000000,0.000000,0.000000,0.000000,0.000000,0.000000,0.000000,0.000000,0.000000
california,3,0.004950,0.000000,0.000000,0.000000,0.004950,0.000000,0.004950,0.000000,0.000000,0.000000,0.000000,0.000000,0.000000,0.000000,0.000000,0.000000,0.000000,0.000000,0.000000,0.000000,0.000000,0.000000
burst,3,0.000000,0.000000,0.000000,0.000000,0.000000,0.000000,0.000000,0.000000,0.000000,0.000000,0.014851,0.000000,0.000000,0.000000,0.000000,0.000000,0.000000,0.000000,0.000000,0.000000,0.000000,0.000000
block,3,0.000000,0.000000,0.000000,0.000000,0.004950,0.000000,0.000000,0.000000,0.000000,0.000000,0.000000,0.009901,0.000000,0.000000,0.000000,0.000000,0.000000,0.000000,0.000000,0.000000,0.000000,0.000000
bill,3,0.004950,0.000000,0.000000,0.000000,0.004950,0.004950,0.000000,0.000000,0.000000,0.000000,0.000000,0.000000,0.000000,0.000000,0.000000,0.000000,0.000000,0.000000,0.000000,0.000000,0.000000,0.000000
attack,3,0.000000,0.000000,0.000000,0.000000,0.000000,0.009901,0.000000,0.000000,0.004950,0.000000,0.000000,0.000000,0.000000,0.000000,0.000000,0.000000,0.000000,0.000000,0.000000,0.000000,0.000000,0.000000
appropriation,3,0.000000,0.000000,0.000000,0.000000,0.009901,0.000000,0.000000,0.004950,0.000000,0.000000,0.000000,0.000000,0.000000,0.000000,0.000000,0.000000,0.000000,0.000000,0.000000,0.000000,0.000000,0.000000
apn,3,0.000000,0.000000,0.000000,0.000000,0.000000,0.004950,0.009901,0.000000,0.000000,0.000000,0.000000,0.000000,0.000000,0.000000,0.000000,0.000000,0.000000,0.000000,0.000000,0.000000,0.000000,0.000000
amendment,3,0.000000,0.000000,0.000000,0.000000,0.000000,0.014851,0.000000,0.000000,0.000000,0.000000,0.000000,0.000000,0.000000,0.000000,0.000000,0.000000,0.000000,0.000000,0.000000,0.000000,0.000000,0.000000
addition,3,0.000000,0.000000,0.000000,0.000000,0.004950,0.000000,0.000000,0.000000,0.000000,0.000000,0.000000,0.000000,0.000000,0.000000,0.000000,0.000000,0.000000,0.000000,0.009901,0.000000,0.000000,0.000000
8/89,3,0.000000,0.000000,0.014851,0.000000,0.000000,0.000000,0.000000,0.000000,0.000000,0.000000,0.000000,0.000000,0.000000,0.000000,0.000000,0.000000,0.000000,0.000000,0.000000,0.000000,0.000000,0.000000
6/93,3,0.000000,0.000000,0.000000,0.000000,0.000000,0.000000,0.014851,0.000000,0.000000,0.000000,0.000000,0.000000,0.000000,0.000000,0.000000,0.000000,0.000000,0.000000,0.000000,0.000000,0.000000,0.000000
6/91,3,0.000000,0.000000,0.000000,0.000000,0.014851,0.000000,0.000000,0.000000,0.000000,0.000000,0.000000,0.000000,0.000000,0.000000,0.000000,0.000000,0.000000,0.000000,0.000000,0.000000,0.000000,0.000000
29/91,3,0.000000,0.000000,0.000000,0.000000,0.014851,0.000000,0.000000,0.000000,0.000000,0.000000,0.000000,0.000000,0.000000,0.000000,0.000000,0.000000,0.000000,0.000000,0.000000,0.000000,0.000000,0.000000
25/94,3,0.000000,0.000000,0.000000,0.000000,0.000000,0.000000,0.000000,0.014851,0.000000,0.000000,0.000000,0.000000,0.000000,0.000000,0.000000,0.000000,0.000000,0.000000,0.000000,0.000000,0.000000,0.000000
25/91,3,0.000000,0.000000,0.000000,0.000000,0.014851,0.000000,0.000000,0.000000,0.000000,0.000000,0.000000,0.000000,0.000000,0.000000,0.000000,0.000000,0.000000,0.000000,0.000000,0.000000,0.000000,0.000000
22/92,3,0.000000,0.000000,0.000000,0.000000,0.000000,0.014851,0.000000,0.000000,0.000000,0.000000,0.000000,0.000000,0.000000,0.000000,0.000000,0.000000,0.000000,0.000000,0.000000,0.000000,0.000000,0.000000
2/91,3,0.000000,0.000000,0.000000,0.000000,0.014851,0.000000,0.000000,0.000000,0.000000,0.000000,0.000000,0.000000,0.000000,0.000000,0.000000,0.000000,0.000000,0.000000,0.000000,0.000000,0.000000,0.000000
16/93,3,0.000000,0.000000,0.000000,0.000000,0.000000,0.000000,0.014851,0.000000,0.000000,0.000000,0.000000,0.000000,0.000000,0.000000,0.000000,0.000000,0.000000,0.000000,0.000000,0.000000,0.000000,0.000000
15/87,3,0.014851,0.000000,0.000000,0.000000,0.000000,0.000000,0.000000,0.000000,0.000000,0.000000,0.000000,0.000000,0.000000,0.000000,0.000000,0.000000,0.000000,0.000000,0.000000,0.000000,0.000000,0.000000
14/90,3,0.000000,0.000000,0.000000,0.014851,0.000000,0.000000,0.000000,0.000000,0.000000,0.000000,0.000000,0.000000,0.000000,0.000000,0.000000,0.000000,0.000000,0.000000,0.000000,0.000000,0.000000,0.000000
12/91,3,0.000000,0.000000,0.000000,0.000000,0.014851,0.000000,0.000000,0.000000,0.000000,0.000000,0.000000,0.000000,0.000000,0.000000,0.000000,0.000000,0.000000,0.000000,0.000000,0.000000,0.000000,0.000000
