engineering,42,0.007353,0.022059,0.029412,0.014706,0.022059,0.007353,0.014706,0.000000,0.000000,0.029412,0.000000,0.000000,0.007353,0.022059,0.022059,0.007353,0.000000,0.000000,0.000000,0.029412,0.000000,0.000000,0.000000,0.000000,0.022059,0.000000,0.000000,0.000000,0.000000,0.000000,0.007353,0.000000,0.007353,0.007353,0.000000,0.000000,0.000000,0.000000,0.000000,0.007353,0.000000,0.000000,0.022059,0.000000,0.000000,0.000000,0.000000,0.000000
working,30,0.000000,0.007353,0.029412,0.000000,0.022059,0.000000,0.014706,0.022059,0.007353,0.007353,0.000000,0.000000,0.000000,0.000000,0.014706,0.000000,0.007353,0.000000,0.000000,0.000000,0.007353,0.000000,0.000000,0.000000,0.007353,0.000000,0.000000,0.000000,0.000000,0.000000,0.000000,0.007353,0.007353,0.007353,0.007353,0.007353,0.000000,0.000000,0.007353,0.000000,0.007353,0.007353,0.007353,0.000000,0.000000,0.000000,0.007353,0.000000
planning,30,0.007353,0.000000,0.022059,0.022059,0.029412,0.007353,0.014706,0.007353,0.000000,0.036765,0.022059,0.000000,0.000000,0.000000,0.007353,0.000000,0.007353,0.000000,0.000000,0.000000,0.000000,0.000000,0.000000,0.000000,0.000000,0.000000,0.000000,0.000000,0.000000,0.000000,0.000000,0.007353,0.007353,0.007353,0.000000,0.000000,0.000000,0.000000,0.000000,0.000000,0.000000,0.000000,0.000000,0.000000,0.000000,0.000000,0.000000,0.014706
including,30,0.000000,0.007353,0.000000,0.007353,0.007353,0.014706,0.014706,0.014706,0.022059,0.022059,0.007353,0.000000,0.000000,0.022059,0.000000,0.007353,0.022059,0.014706,0.000000,0.007353,0.000000,0.000000,0.000000,0.000000,0.014706,0.000000,0.000000,0.000000,0.000000,0.000000,0.007353,0.007353,0.000000,0.000000,0.000000,0.000000,0.000000,0.000000,0.000000,0.000000,0.000000,0.000000,0.000000,0.000000,0.000000,0.000000,0.000000,0.000000
acting,26,0.000000,0.007353,0.000000,0.000000,0.000000,0.000000,0.000000,0.036765,0.000000,0.036765,0.000000,0.000000,0.000000,0.007353,0.007353,0.000000,0.000000,0.000000,0.000000,0.014706,0.000000,0.000000,0.000000,0.000000,0.000000,0.000000,0.000000,0.000000,0.014706,0.000000,0.000000,0.014706,0.014706,0.000000,0.000000,0.000000,0.000000,0.000000,0.007353,0.007353,0.014706,0.007353,0.000000,0.000000,0.000000,0.000000,0.000000,0.000000
meeting,24,0.014706,0.007353,0.014706,0.014706,0.007353,0.007353,0.007353,0.000000,0.000000,0.014706,0.007353,0.000000,0.000000,0.000000,0.000000,0.000000,0.007353,0.000000,0.000000,0.014706,0.000000,0.000000,0.000000,0.000000,0.007353,0.000000,0.000000,0.000000,0.000000,0.000000,0.000000,0.022059,0.014706,0.000000,0.000000,0.000000,0.000000,0.000000,0.000000,0.000000,0.000000,0.000000,0.000000,0.000000,0.007353,0.000000,0.000000,0.000000
being,24,0.000000,0.000000,0.014706,0.007353,0.014706,0.000000,0.014706,0.007353,0.000000,0.007353,0.022059,0.000000,0.014706,0.000000,0.000000,0.000000,0.014706,0.000000,0.000000,0.000000,0.000000,0.000000,0.000000,0.000000,0.014706,0.000000,0.000000,0.022059,0.000000,0.000000,0.014706,0.000000,0.000000,0.000000,0.007353,0.000000,0.000000,0.000000,0.000000,0.000000,0.000000,0.000000,0.000000,0.000000,0.000000,0.000000,0.000000,0.000000
using,22,0.000000,0.007353,0.014706,0.022059,0.000000,0.000000,0.000000,0.000000,0.000000,0.000000,0.000000,0.000000,0.007353,0.014706,0.007353,0.000000,0.007353,0.007353,0.007353,0.000000,0.007353,0.000000,0.000000,0.000000,0.036765,0.000000,0.000000,0.000000,0.000000,0.000000,0.000000,0.007353,0.000000,0.007353,0.007353,0.000000,0.000000,0.000000,0.000000,0.007353,0.000000,0.000000,0.000000,0.000000,0.000000,0.000000,0.000000,0.000000
according,22,0.007353,0.007353,0.007353,0.007353,0.007353,0.000000,0.007353,0.000000,0.000000,0.000000,0.000000,0.000000,0.000000,0.000000,0.000000,0.014706,0.007353,0.000000,0.000000,0.000000,0.000000,0.000000,0.000000,0.000000,0.022059,0.000000,0.000000,0.000000,0.000000,0.000000,0.007353,0.007353,0.022059,0.007353,0.000000,0.000000,0.007353,0.000000,0.000000,0.007353,0.000000,0.014706,0.000000,0.000000,0.000000,0.000000,0.000000,0.000000
landing,20,0.000000,0.000000,0.014706,0.007353,0.007353,0.000000,0.014706,0.014706,0.000000,0.000000,0.000000,0.007353,0.000000,0.007353,0.000000,0.000000,0.022059,0.014706,0.000000,0.000000,0.007353,0.000000,0.000000,0.007353,0.007353,0.000000,0.000000,0.000000,0.000000,0.000000,0.000000,0.000000,0.000000,0.000000,0.000000,0.000000,0.000000,0.000000,0.000000,0.000000,0.000000,0.007353,0.000000,0.007353,0.000000,0.000000,0.000000,0.000000
going,18,0.000000,0.000000,0.022059,0.000000,0.000000,0.029412,0.000000,0.036765,0.000000,0.014706,0.000000,0.000000,0.000000,0.000000,0.000000,0.000000,0.000000,0.000000,0.000000,0.000000,0.000000,0.000000,0.000000,0.000000,0.007353,0.000000,0.000000,0.007353,0.000000,0.000000,0.000000,0.000000,0.000000,0.014706,0.000000,0.000000,0.000000,0.000000,0.000000,0.000000,0.000000,0.000000,0.000000,0.000000,0.000000,0.000000,0.000000,0.000000
training,16,0.000000,0.000000,0.036765,0.022059,0.007353,0.000000,0.000000,0.000000,0.000000,0.000000,0.000000,0.000000,0.000000,0.000000,0.000000,0.000000,0.007353,0.000000,0.000000,0.007353,0.000000,0.000000,0.000000,0.000000,0.014706,0.014706,0.000000,0.000000,0.000000,0.000000,0.000000,0.000000,0.007353,0.000000,0.000000,0.000000,0.000000,0.000000,0.000000,0.000000,0.000000,0.000000,0.000000,0.000000,0.000000,0.000000,0.000000,0.000000
operating,14,0.000000,0.000000,0.000000,0.007353,0.000000,0.000000,0.000000,0.022059,0.000000,0.014706,0.000000,0.007353,0.000000,0.000000,0.000000,0.007353,0.000000,0.014706,0.000000,0.000000,0.000000,0.000000,0.000000,0.000000,0.014706,0.000000,0.000000,0.000000,0.000000,0.000000,0.000000,0.007353,0.000000,0.000000,0.000000,0.000000,0.000000,0.000000,0.000000,0.000000,0.000000,0.007353,0.000000,0.000000,0.000000,0.000000,0.000000,0.000000
flying,14,0.000000,0.000000,0.007353,0.000000,0.000000,0.000000,0.000000,0.007353,0.000000,0.000000,0.000000,0.000000,0.007353,0.000000,0.000000,0.000000,0.000000,0.014706,0.000000,0.007353,0.000000,0.007353,0.007353,0.000000,0.036765,0.000000,0.000000,0.000000,0.000000,0.000000,0.000000,0.000000,0.000000,0.007353,0.000000,0.000000,0.000000,0.000000,0.000000,0.000000,0.000000,0.000000,0.000000,0.000000,0.000000,0.000000,0.000000,0.000000
spending,13,0.007353,0.000000,0.000000,0.007353,0.007353,0.000000,0.007353,0.014706,0.000000,0.000000,0.014706,0.000000,0.007353,0.000000,0.000000,0.000000,0.000000,0.000000,0.007353,0.000000,0.000000,0.000000,0.000000,0.000000,0.000000,0.000000,0.000000,0.000000,0.000000,0.000000,0.000000,0.007353,0.007353,0.000000,0.007353,0.000000,0.000000,0.000000,0.000000,0.000000,0.000000,0.000000,0.000000,0.000000,0.000000,0.000000,0.000000,0.000000
developing,12,0.000000,0.007353,0.000000,0.000000,0.000000,0.007353,0.007353,0.007353,0.000000,0.000000,0.014706,0.000000,0.000000,0.000000,0.000000,0.000000,0.000000,0.000000,0.000000,0.000000,0.000000,0.000000,0.007353,0.000000,0.007353,0.000000,0.000000,0.000000,0.000000,0.000000,0.000000,0.000000,0.007353,0.000000,0.007353,0.000000,0.000000,0.000000,0.000000,0.007353,0.000000,0.000000,0.000000,0.000000,0.000000,0.000000,0.000000,0.007353
making,11,0.007353,0.000000,0.007353,0.007353,0.000000,0.007353,0.007353,0.007353,0.000000,0.000000,0.000000,0.007353,0.000000,0.000000,0.000000,0.000000,0.000000,0.000000,0.000000,0.000000,0.000000,0.000000,0.000000,0.000000,0.014706,0.000000,0.000000,0.000000,0.000000,0.000000,0.000000,0.000000,0.000000,0.000000,0.000000,0.000000,0.000000,0.000000,0.000000,0.007353,0.000000,0.000000,0.007353,0.000000,0.000000,0.000000,0.000000,0.000000
increasing,10,0.000000,0.000000,0.000000,0.000000,0.007353,0.014706,0.014706,0.007353,0.000000,0.000000,0.000000,0.000000,0.007353,0.000000,0.007353,0.000000,0.000000,0.007353,0.000000,0.000000,0.000000,0.000000,0.007353,0.000000,0.000000,0.000000,0.000000,0.000000,0.000000,0.000000,0.000000,0.000000,0.000000,0.000000,0.000000,0.000000,0.000000,0.000000,0.000000,0.000000,0.000000,0.000000,0.000000,0.000000,0.000000,0.000000,0.000000,0.000000
funding,10,0.000000,0.000000,0.000000,0.000000,0.007353,0.000000,0.000000,0.000000,0.014706,0.000000,0.007353,0.000000,0.000000,0.000000,0.000000,0.000000,0.000000,0.000000,0.007353,0.000000,0.000000,0.000000,0.000000,0.000000,0.007353,0.007353,0.000000,0.000000,0.000000,0.000000,0.000000,0.000000,0.000000,0.014706,0.000000,0.000000,0.000000,0.000000,0.000000,0.000000,0.000000,0.007353,0.000000,0.000000,0.000000,0.000000,0.000000,0.000000
building,10,0.000000,0.000000,0.014706,0.007353,0.007353,0.000000,0.007353,0.000000,0.007353,0.000000,0.000000,0.000000,0.007353,0.000000,0.000000,0.000000,0.000000,0.000000,0.000000,0.000000,0.000000,0.000000,0.000000,0.000000,0.000000,0.000000,0.000000,0.000000,0.000000,0.000000,0.014706,0.007353,0.000000,0.000000,0.000000,0.000000,0.000000,0.000000,0.000000,0.000000,0.000000,0.000000,0.000000,0.000000,0.000000,0.000000,0.000000,0.000000
tracking,9,0.000000,0.000000,0.014706,0.000000,0.014706,0.000000,0.007353,0.000000,0.007353,0.000000,0.000000,0.000000,0.007353,0.000000,0.014706,0.000000,0.000000,0.000000,0.000000,0.000000,0.000000,0.000000,0.000000,0.000000,0.000000,0.000000,0.000000,0.000000,0.000000,0.000000,0.000000,0.000000,0.000000,0.000000,0.000000,0.000000,0.000000,0.000000,0.000000,0.000000,0.000000,0.000000,0.000000,0.000000,0.000000,0.000000,0.000000,0.000000
continuing,9,0.000000,0.007353,0.014706,0.000000,0.000000,0.007353,0.000000,0.007353,0.007353,0.000000,0.000000,0.000000,0.007353,0.000000,0.000000,0.000000,0.000000,0.000000,0.000000,0.000000,0.000000,0.000000,0.000000,0.000000,0.000000,0.000000,0.000000,0.000000,0.000000,0.000000,0.000000,0.000000,0.000000,0.000000,0.000000,0.000000,0.000000,0.000000,0.000000,0.007353,0.000000,0.000000,0.000000,0.007353,0.000000,0.000000,0.000000,0.000000
leading,8,0.000000,0.000000,0.014706,0.000000,0.000000,0.000000,0.000000,0.000000,0.000000,0.000000,0.000000,0.007353,0.000000,0.000000,0.007353,0.000000,0.000000,0.000000,0.000000,0.000000,0.000000,0.000000,0.000000,0.000000,0.007353,0.000000,0.000000,0.000000,0.000000,0.000000,0.000000,0.000000,0.000000,0.007353,0.000000,0.000000,0.000000,0.000000,0.000000,0.007353,0.000000,0.000000,0.007353,0.000000,0.000000,0.000000,0.000000,0.000000
having,8,0.000000,0.000000,0.007353,0.000000,0.007353,0.007353,0.000000,0.000000,0.000000,0.000000,0.000000,0.000000,0.007353,0.000000,0.000000,0.000000,0.000000,0.007353,0.000000,0.000000,0.000000,0.000000,0.000000,0.000000,0.007353,0.000000,0.000000,0.000000,0.000000,0.000000,0.000000,0.000000,0.000000,0.014706,0.000000,0.000000,0.000000,0.000000,0.000000,0.000000,0.000000,0.000000,0.000000,0.000000,0.000000,0.000000,0.000000,0.000000
briefing,8,0.000000,0.000000,0.022059,0.000000,0.000000,0.007353,0.014706,0.000000,0.000000,0.000000,0.000000,0.000000,0.000000,0.000000,0.007353,0.000000,0.000000,0.000000,0.000000,0.007353,0.000000,0.000000,0.000000,0.000000,0.000000,0.000000,0.000000,0.000000,0.000000,0.000000,0.000000,0.000000,0.000000,0.000000,0.000000,0.000000,0.000000,0.000000,0.000000,0.000000,0.000000,0.000000,0.000000,0.000000,0.000000,0.000000,0.000000,0.000000
beginning,8,0.000000,0.007353,0.000000,0.000000,0.000000,0.014706,0.000000,0.007353,0.007353,0.000000,0.000000,0.000000,0.000000,0.000000,0.000000,0.000000,0.007353,0.000000,0.000000,0.000000,0.000000,0.000000,0.000000,0.000000,0.007353,0.000000,0.000000,0.000000,0.000000,0.000000,0.000000,0.000000,0.000000,0.000000,0.000000,0.000000,0.000000,0.000000,0.000000,0.000000,0.007353,0.000000,0.000000,0.000000,0.000000,0.000000,0.000000,0.000000
understanding,7,0.000000,0.000000,0.007353,0.000000,0.000000,0.000000,0.000000,0.000000,0.014706,0.007353,0.000000,0.000000,0.000000,0.000000,0.000000,0.000000,0.000000,0.000000,0.000000,0.000000,0.000000,0.000000,0.000000,0.000000,0.000000,0.000000,0.000000,0.000000,0.000000,0.007353,0.000000,0.007353,0.007353,0.000000,0.000000,0.000000,0.000000,0.000000,0.000000,0.000000,0.000000,0.000000,0.000000,0.000000,0.000000,0.000000,0.000000,0.000000
reducing,7,0.000000,0.000000,0.000000,0.000000,0.000000,0.000000,0.000000,0.007353,0.000000,0.000000,0.007353,0.000000,0.000000,0.000000,0.007353,0.000000,0.000000,0.000000,0.007353,0.000000,0.000000,0.000000,0.000000,0.000000,0.000000,0.000000,0.000000,0.000000,0.000000,0.000000,0.000000,0.000000,0.000000,0.000000,0.022059,0.000000,0.000000,0.000000,0.000000,0.000000,0.000000,0.000000,0.000000,0.000000,0.000000,0.000000,0.000000,0.000000
manufacturing,7,0.000000,0.000000,0.007353,0.000000,0.000000,0.000000,0.007353,0.000000,0.000000,0.007353,0.000000,0.000000,0.000000,0.000000,0.007353,0.000000,0.000000,0.000000,0.000000,0.000000,0.000000,0.000000,0.000000,0.000000,0.000000,0.000000,0.000000,0.000000,0.000000,0.000000,0.000000,0.007353,0.007353,0.000000,0.000000,0.000000,0.000000,0.000000,0.000000,0.000000,0.000000,0.000000,0.000000,0.000000,0.000000,0.000000,0.007353,0.000000
considering,7,0.000000,0.007353,0.007353,0.007353,0.000000,0.000000,0.000000,0.000000,0.000000,0.000000,0.000000,0.000000,0.000000,0.000000,0.000000,0.000000,0.000000,0.000000,0.000000,0.007353,0.000000,0.000000,0.000000,0.000000,0.000000,0.000000,0.000000,0.000000,0.000000,0.000000,0.000000,0.000000,0.014706,0.000000,0.000000,0.000000,0.000000,0.000000,0.000000,0.000000,0.000000,0.000000,0.000000,0.000000,0.000000,0.000000,0.007353,0.000000
spring,6,0.000000,0.000000,0.000000,0.000000,0.000000,0.000000,0.000000,0.000000,0.000000,0.007353,0.007353,0.000000,0.007353,0.000000,0.000000,0.007353,0.000000,0.000000,0.007353,0.000000,0.000000,0.000000,0.000000,0.000000,0.007353,0.000000,0.000000,0.000000,0.000000,0.000000,0.000000,0.000000,0.000000,0.000000,0.000000,0.000000,0.000000,0.000000,0.000000,0.000000,0.000000,0.000000,0.000000,0.000000,0.000000,0.000000,0.000000,0.000000
serving,6,0.000000,0.000000,0.007353,0.007353,0.000000,0.000000,0.000000,0.000000,0.000000,0.000000,0.000000,0.000000,0.000000,0.000000,0.000000,0.000000,0.000000,0.000000,0.000000,0.000000,0.000000,0.000000,0.000000,0.000000,0.000000,0.000000,0.000000,0.000000,0.000000,0.000000,0.000000,0.000000,0.007353,0.000000,0.000000,0.000000,0.000000,0.000000,0.000000,0.000000,0.000000,0.000000,0.014706,0.007353,0.000000,0.000000,0.000000,0.000000
reporting,6,0.000000,0.000000,0.000000,0.000000,0.000000,0.000000,0.000000,0.000000,0.000000,0.000000,0.000000,0.000000,0.000000,0.000000,0.022059,0.007353,0.000000,0.000000,0.000000,0.007353,0.000000,0.000000,0.000000,0.000000,0.000000,0.000000,0.000000,0.000000,0.000000,0.000000,0.007353,0.000000,0.000000,0.000000,0.000000,0.007353,0.000000,0.000000,0.000000,0.000000,0.000000,0.000000,0.000000,0.000000,0.000000,0.000000,0.000000,0.000000
orbiting,6,0.000000,0.000000,0.007353,0.000000,0.000000,0.000000,0.000000,0.000000,0.007353,0.007353,0.000000,0.000000,0.007353,0.014706,0.000000,0.000000,0.000000,0.000000,0.000000,0.000000,0.000000,0.000000,0.000000,0.000000,0.000000,0.000000,0.000000,0.000000,0.000000,0.000000,0.000000,0.000000,0.000000,0.000000,0.000000,0.000000,0.000000,0.000000,0.000000,0.000000,0.000000,0.000000,0.000000,0.000000,0.000000,0.000000,0.000000,0.000000
growing,6,0.000000,0.000000,0.007353,0.000000,0.000000,0.000000,0.007353,0.000000,0.000000,0.000000,0.007353,0.000000,0.000000,0.000000,0.000000,0.000000,0.000000,0.000000,0.000000,0.000000,0.000000,0.000000,0.000000,0.000000,0.000000,0.000000,0.000000,0.000000,0.000000,0.000000,0.000000,0.007353,0.000000,0.007353,0.000000,0.000000,0.000000,0.000000,0.000000,0.007353,0.000000,0.000000,0.000000,0.000000,0.000000,0.000000,0.000000,0.000000
following,6,0.000000,0.007353,0.000000,0.000000,0.000000,0.000000,0.000000,0.000000,0.000000,0.000000,0.000000,0.000000,0.007353,0.014706,0.000000,0.000000,0.000000,0.007353,0.000000,0.000000,0.000000,0.000000,0.007353,0.000000,0.000000,0.000000,0.000000,0.000000,0.000000,0.000000,0.000000,0.000000,0.000000,0.000000,0.000000,0.000000,0.000000,0.000000,0.000000,0.000000,0.000000,0.000000,0.000000,0.000000,0.000000,0.000000,0.000000,0.000000
coming,6,0.000000,0.000000,0.000000,0.000000,0.007353,0.000000,0.007353,0.007353,0.000000,0.000000,0.000000,0.000000,0.000000,0.000000,0.000000,0.007353,0.000000,0.000000,0.000000,0.000000,0.000000,0.000000,0.000000,0.000000,0.000000,0.000000,0.000000,0.000000,0.000000,0.000000,0.000000,0.007353,0.000000,0.000000,0.000000,0.000000,0.000000,0.000000,0.000000,0.000000,0.000000,0.000000,0.000000,0.000000,0.000000,0.007353,0.000000,0.000000
accounting,6,0.000000,0.000000,0.000000,0.000000,0.000000,0.000000,0.000000,0.000000,0.007353,0.000000,0.000000,0.000000,0.014706,0.000000,0.000000,0.000000,0.000000,0.000000,0.000000,0.000000,0.000000,0.000000,0.000000,0.000000,0.000000,0.000000,0.000000,0.000000,0.000000,0.000000,0.007353,0.000000,0.000000,0.007353,0.000000,0.000000,0.000000,0.000000,0.000000,0.000000,0.000000,0.007353,0.000000,0.000000,0.000000,0.000000,0.000000,0.000000
studying,5,0.000000,0.000000,0.007353,0.007353,0.000000,0.000000,0.000000,0.000000,0.007353,0.000000,0.000000,0.000000,0.000000,0.000000,0.007353,0.000000,0.000000,0.000000,0.000000,0.000000,0.000000,0.000000,0.000000,0.000000,0.000000,0.000000,0.000000,0.000000,0.000000,0.000000,0.000000,0.000000,0.000000,0.000000,0.000000,0.000000,0.007353,0.000000,0.000000,0.000000,0.000000,0.000000,0.000000,0.000000,0.000000,0.000000,0.000000,0.000000
speaking,5,0.000000,0.007353,0.000000,0.000000,0.014706,0.000000,0.000000,0.000000,0.000000,0.000000,0.000000,0.000000,0.000000,0.000000,0.007353,0.000000,0.000000,0.000000,0.000000,0.000000,0.000000,0.000000,0.000000,0.000000,0.007353,0.000000,0.000000,0.000000,0.000000,0.000000,0.000000,0.000000,0.000000,0.000000,0.000000,0.000000,0.000000,0.000000,0.000000,0.000000,0.000000,0.000000,0.000000,0.000000,0.000000,0.000000,0.000000,0.000000
sharing,5,0.000000,0.000000,0.000000,0.000000,0.000000,0.000000,0.000000,0.000000,0.000000,0.000000,0.000000,0.000000,0.007353,0.000000,0.000000,0.007353,0.000000,0.000000,0.000000,0.000000,0.000000,0.000000,0.000000,0.000000,0.000000,0.000000,0.000000,0.000000,0.000000,0.000000,0.000000,0.000000,0.000000,0.000000,0.000000,0.000000,0.000000,0.000000,0.000000,0.000000,0.000000,0.022059,0.000000,0.000000,0.000000,0.000000,0.000000,0.000000
saying,5,0.000000,0.000000,0.000000,0.000000,0.000000,0.000000,0.000000,0.000000,0.000000,0.000000,0.000000,0.000000,0.000000,0.007353,0.000000,0.000000,0.000000,0.000000,0.000000,0.000000,0.000000,0.000000,0.000000,0.000000,0.007353,0.000000,0.000000,0.000000,0.000000,0.000000,0.007353,0.000000,0.007353,0.007353,0.000000,0.000000,0.000000,0.000000,0.000000,0.000000,0.000000,0.000000,0.000000,0.000000,0.000000,0.000000,0.000000,0.000000
retiring,5,0.000000,0.000000,0.000000,0.000000,0.007353,0.000000,0.000000,0.007353,0.000000,0.007353,0.007353,0.000000,0.000000,0.000000,0.000000,0.007353,0.000000,0.000000,0.000000,0.000000,0.000000,0.000000,0.000000,0.000000,0.000000,0.000000,0.000000,0.000000,0.000000,0.000000,0.000000,0.000000,0.000000,0.000000,0.000000,0.000000,0.000000,0.000000,0.000000,0.000000,0.000000,0.000000,0.000000,0.000000,0.000000,0.000000,0.000000,0.000000
requiring,5,0.000000,0.000000,0.000000,0.000000,0.000000,0.000000,0.007353,0.000000,0.000000,0.000000,0.000000,0.000000,0.000000,0.014706,0.000000,0.000000,0.000000,0.000000,0.000000,0.000000,0.000000,0.000000,0.000000,0.000000,0.007353,0.000000,0.000000,0.000000,0.000000,0.000000,0.000000,0.000000,0.000000,0.000000,0.000000,0.000000,0.000000,0.000000,0.000000,0.000000,0.000000,0.000000,0.007353,0.000000,0.000000,0.000000,0.000000,0.000000
remaining,5,0.000000,0.007353,0.007353,0.000000,0.000000,0.000000,0.000000,0.000000,0.000000,0.000000,0.007353,0.000000,0.000000,0.000000,0.007353,0.000000,0.007353,0.000000,0.000000,0.000000,0.000000,0.000000,0.000000,0.000000,0.000000,0.000000,0.000000,0.000000,0.000000,0.000000,0.000000,0.000000,0.000000,0.000000,0.000000,0.000000,0.000000,0.000000,0.000000,0.000000,0.000000,0.000000,0.000000,0.000000,0.000000,0.000000,0.000000,0.000000
processing,5,0.000000,0.000000,0.007353,0.000000,0.000000,0.000000,0.000000,0.000000,0.000000,0.000000,0.000000,0.000000,0.000000,0.000000,0.007353,0.000000,0.000000,0.000000,0.000000,0.000000,0.000000,0.000000,0.000000,0.000000,0.000000,0.000000,0.000000,0.000000,0.000000,0.000000,0.007353,0.000000,0.007353,0.000000,0.000000,0.000000,0.000000,0.000000,0.000000,0.000000,0.000000,0.000000,0.014706,0.000000,0.000000,0.000000,0.000000,0.000000
noting,5,0.000000,0.000000,0.000000,0.000000,0.007353,0.000000,0.007353,0.000000,0.000000,0.000000,0.000000,0.000000,0.000000,0.000000,0.000000,0.007353,0.000000,0.000000,0.000000,0.007353,0.000000,0.000000,0.000000,0.000000,0.000000,0.000000,0.000000,0.000000,0.000000,0.000000,0.000000,0.000000,0.007353,0.000000,0.000000,0.000000,0.000000,0.000000,0.000000,0.000000,0.000000,0.000000,0.000000,0.000000,0.000000,0.000000,0.000000,0.000000
managing,5,0.000000,0.000000,0.000000,0.000000,0.000000,0.000000,0.007353,0.000000,0.000000,0.000000,0.000000,0.000000,0.000000,0.007353,0.000000,0.000000,0.000000,0.007353,0.000000,0.000000,0.000000,0.000000,0.000000,0.000000,0.000000,0.000000,0.000000,0.000000,0.000000,0.000000,0.000000,0.000000,0.000000,0.000000,0.000000,0.000000,0.000000,0.000000,0.000000,0.000000,0.000000,0.000000,0.007353,0.000000,0.000000,0.000000,0.000000,0.007353
launching,5,0.000000,0.000000,0.022059,0.000000,0.000000,0.000000,0.000000,0.000000,0.000000,0.000000,0.000000,0.000000,0.000000,0.000000,0.000000,0.000000,0.000000,0.000000,0.000000,0.000000,0.000000,0.000000,0.000000,0.000000,0.000000,0.000000,0.000000,0.000000,0.000000,0.000000,0.000000,0.000000,0.000000,0.000000,0.000000,0.000000,0.000000,0.000000,0.000000,0.007353,0.000000,0.000000,0.000000,0.000000,0.000000,0.000000,0.007353,0.000000
keeping,5,0.000000,0.000000,0.000000,0.007353,0.000000,0.000000,0.000000,0.007353,0.000000,0.000000,0.000000,0.000000,0.000000,0.000000,0.000000,0.000000,0.007353,0.007353,0.000000,0.000000,0.000000,0.000000,0.000000,0.000000,0.000000,0.000000,0.000000,0.000000,0.000000,0.000000,0.000000,0.000000,0.000000,0.000000,0.000000,0.000000,0.000000,0.000000,0.000000,0.007353,0.000000,0.000000,0.000000,0.000000,0.000000,0.000000,0.000000,0.000000
investigating,5,0.000000,0.000000,0.007353,0.000000,0.000000,0.000000,0.000000,0.000000,0.000000,0.000000,0.000000,0.000000,0.000000,0.000000,0.014706,0.007353,0.000000,0.000000,0.000000,0.000000,0.000000,0.000000,0.000000,0.000000,0.000000,0.000000,0.000000,0.000000,0.000000,0.000000,0.007353,0.000000,0.000000,0.000000,0.000000,0.000000,0.000000,0.000000,0.000000,0.000000,0.000000,0.000000,0.000000,0.000000,0.000000,0.000000,0.000000,0.000000
doing,5,0.000000,0.000000,0.000000,0.007353,0.000000,0.000000,0.000000,0.000000,0.000000,0.000000,0.007353,0.007353,0.000000,0.000000,0.000000,0.000000,0.000000,0.000000,0.000000,0.000000,0.000000,0.000000,0.000000,0.000000,0.000000,0.000000,0.000000,0.000000,0.000000,0.000000,0.000000,0.007353,0.007353,0.000000,0.000000,0.000000,0.000000,0.000000,0.000000,0.000000,0.000000,0.000000,0.000000,0.000000,0.000000,0.000000,0.000000,0.000000
coordinating,5,0.000000,0.000000,0.000000,0.014706,0.007353,0.000000,0.000000,0.007353,0.000000,0.000000,0.000000,0.000000,0.000000,0.000000,0.000000,0.000000,0.000000,0.007353,0.000000,0.000000,0.000000,0.000000,0.000000,0.000000,0.000000,0.000000,0.000000,0.000000,0.000000,0.000000,0.000000,0.000000,0.000000,0.000000,0.000000,0.000000,0.000000,0.000000,0.000000,0.000000,0.000000,0.000000,0.000000,0.000000,0.000000,0.000000,0.000000,0.000000
visiting,4,0.000000,0.000000,0.000000,0.000000,0.000000,0.000000,0.000000,0.007353,0.000000,0.007353,0.000000,0.000000,0.000000,0.000000,0.000000,0.000000,0.000000,0.000000,0.000000,0.000000,0.000000,0.000000,0.000000,0.000000,0.000000,0.000000,0.000000,0.000000,0.000000,0.000000,0.007353,0.000000,0.000000,0.007353,0.000000,0.000000,0.000000,0.000000,0.000000,0.000000,0.000000,0.000000,0.000000,0.000000,0.000000,0.000000,0.000000,0.000000
trying,4,0.000000,0.000000,0.014706,0.000000,0.000000,0.000000,0.000000,0.000000,0.000000,0.000000,0.000000,0.007353,0.000000,0.000000,0.000000,0.000000,0.000000,0.000000,0.000000,0.000000,0.007353,0.000000,0.000000,0.000000,0.000000,0.000000,0.000000,0.000000,0.000000,0.000000,0.000000,0.000000,0.000000,0.000000,0.000000,0.000000,0.000000,0.000000,0.000000,0.000000,0.000000,0.000000,0.000000,0.000000,0.000000,0.000000,0.000000,0.000000
testing,4,0.000000,0.000000,0.000000,0.000000,0.000000,0.000000,0.007353,0.000000,0.000000,0.000000,0.000000,0.000000,0.000000,0.000000,0.000000,0.000000,0.000000,0.000000,0.014706,0.000000,0.000000,0.000000,0.000000,0.000000,0.007353,0.000000,0.000000,0.000000,0.000000,0.000000,0.000000,0.000000,0.000000,0.000000,0.000000,0.000000,0.000000,0.000000,0.000000,0.000000,0.000000,0.000000,0.000000,0.000000,0.000000,0.000000,0.000000,0.000000
testifying,4,0.000000,0.000000,0.022059,0.000000,0.000000,0.000000,0.007353,0.000000,0.000000,0.000000,0.000000,0.000000,0.000000,0.000000,0.000000,0.000000,0.000000,0.000000,0.000000,0.000000,0.000000,0.000000,0.000000,0.000000,0.000000,0.000000,0.000000,0.000000,0.000000,0.000000,0.000000,0.000000,0.000000,0.000000,0.000000,0.000000,0.000000,0.000000,0.000000,0.000000,0.000000,0.000000,0.000000,0.000000,0.000000,0.000000,0.000000,0.000000
succeeding,4,0.000000,0.000000,0.000000,0.000000,0.007353,0.000000,0.000000,0.007353,0.000000,0.000000,0.000000,0.000000,0.000000,0.007353,0.000000,0.000000,0.000000,0.000000,0.000000,0.000000,0.000000,0.000000,0.000000,0.000000,0.000000,0.000000,0.000000,0.000000,0.000000,0.000000,0.000000,0.000000,0.000000,0.000000,0.000000,0.000000,0.000000,0.000000,0.000000,0.000000,0.000000,0.007353,0.000000,0.000000,0.000000,0.000000,0.000000,0.000000
setting,4,0.000000,0.007353,0.000000,0.000000,0.000000,0.000000,0.000000,0.007353,0.000000,0.000000,0.000000,0.000000,0.000000,0.000000,0.000000,0.007353,0.000000,0.000000,0.000000,0.000000,0.000000,0.000000,0.000000,0.000000,0.000000,0.000000,0.000000,0.000000,0.000000,0.000000,0.000000,0.007353,0.000000,0.000000,0.000000,0.000000,0.000000,0.000000,0.000000,0.000000,0.000000,0.000000,0.000000,0.000000,0.000000,0.000000,0.000000,0.000000
seeking,4,0.000000,0.000000,0.000000,0.014706,0.000000,0.000000,0.000000,0.000000,0.000000,0.000000,0.000000,0.000000,0.000000,0.000000,0.000000,0.000000,0.000000,0.000000,0.000000,0.007353,0.007353,0.000000,0.000000,0.000000,0.000000,0.000000,0.000000,0.000000,0.000000,0.000000,0.000000,0.000000,0.000000,0.000000,0.000000,0.000000,0.000000,0.000000,0.000000,0.000000,0.000000,0.000000,0.000000,0.000000,0.000000,0.000000,0.000000,0.000000
running,4,0.000000,0.000000,0.000000,0.000000,0.000000,0.000000,0.000000,0.014706,0.000000,0.000000,0.000000,0.000000,0.000000,0.000000,0.000000,0.000000,0.000000,0.000000,0.000000,0.000000,0.000000,0.000000,0.000000,0.000000,0.000000,0.000000,0.000000,0.000000,0.000000,0.000000,0.000000,0.000000,0.007353,0.000000,0.000000,0.000000,0.000000,0.000000,0.000000,0.007353,0.000000,0.000000,0.000000,0.000000,0.000000,0.000000,0.000000,0.000000
resulting,4,0.000000,0.000000,0.000000,0.007353,0.000000,0.000000,0.000000,0.000000,0.000000,0.000000,0.000000,0.000000,0.000000,0.000000,0.000000,0.000000,0.000000,0.007353,0.000000,0.000000,0.000000,0.000000,0.000000,0.000000,0.007353,0.000000,0.000000,0.000000,0.000000,0.000000,0.007353,0.000000,0.000000,0.000000,0.000000,0.000000,0.000000,0.000000,0.000000,0.000000,0.000000,0.000000,0.000000,0.000000,0.000000,0.000000,0.000000,0.000000
providing,4,0.000000,0.000000,0.007353,0.000000,0.000000,0.000000,0.007353,0.007353,0.000000,0.000000,0.000000,0.000000,0.000000,0.000000,0.000000,0.000000,0.000000,0.000000,0.000000,0.000000,0.000000,0.000000,0.000000,0.000000,0.000000,0.000000,0.000000,0.000000,0.000000,0.000000,0.000000,0.000000,0.000000,0.000000,0.000000,0.000000,0.000000,0.000000,0.000000,0.000000,0.000000,0.000000,0.007353,0.000000,0.000000,0.000000,0.000000,0.000000
participating,4,0.000000,0.007353,0.000000,0.007353,0.000000,0.000000,0.000000,0.000000,0.007353,0.000000,0.000000,0.000000,0.000000,0.000000,0.000000,0.000000,0.000000,0.007353,0.000000,0.000000,0.000000,0.000000,0.000000,0.000000,0.000000,0.000000,0.000000,0.000000,0.000000,0.000000,0.000000,0.000000,0.000000,0.000000,0.000000,0.000000,0.000000,0.000000,0.000000,0.000000,0.000000,0.000000,0.000000,0.000000,0.000000,0.000000,0.000000,0.000000
mapping,4,0.000000,0.007353,0.000000,0.007353,0.000000,0.000000,0.000000,0.000000,0.000000,0.000000,0.000000,0.000000,0.000000,0.000000,0.000000,0.000000,0.000000,0.000000,0.000000,0.000000,0.000000,0.000000,0.000000,0.000000,0.007353,0.000000,0.000000,0.000000,0.000000,0.000000,0.000000,0.000000,0.000000,0.000000,0.000000,0.000000,0.000000,0.000000,0.000000,0.007353,0.000000,0.000000,0.000000,0.000000,0.000000,0.000000,0.000000,0.000000
helping,4,0.000000,0.000000,0.000000,0.000000,0.000000,0.007353,0.000000,0.000000,0.000000,0.000000,0.000000,0.000000,0.000000,0.000000,0.000000,0.007353,0.000000,0.000000,0.000000,0.000000,0.000000,0.000000,0.000000,0.000000,0.000000,0.000000,0.000000,0.000000,0.000000,0.000000,0.000000,0.000000,0.014706,0.000000,0.000000,0.000000,0.000000,0.000000,0.000000,0.000000,0.000000,0.000000,0.000000,0.000000,0.000000,0.000000,0.000000,0.000000
existing,4,0.000000,0.000000,0.000000,0.000000,0.000000,0.000000,0.000000,0.000000,0.000000,0.007353,0.000000,0.000000,0.000000,0.000000,0.000000,0.000000,0.000000,0.000000,0.000000,0.000000,0.000000,0.000000,0.000000,0.007353,0.014706,0.000000,0.000000,0.000000,0.000000,0.000000,0.000000,0.000000,0.000000,0.000000,0.000000,0.000000,0.000000,0.000000,0.000000,0.000000,0.000000,0.000000,0.000000,0.000000,0.000000,0.000000,0.000000,0.000000
examining,4,0.000000,0.000000,0.000000,0.000000,0.000000,0.000000,0.000000,0.000000,0.000000,0.000000,0.000000,0.000000,0.000000,0.007353,0.000000,0.000000,0.000000,0.000000,0.000000,0.000000,0.000000,0.000000,0.000000,0.000000,0.007353,0.000000,0.000000,0.000000,0.000000,0.000000,0.000000,0.000000,0.000000,0.007353,0.000000,0.000000,0.000000,0.000000,0.000000,0.000000,0.000000,0.007353,0.000000,0.000000,0.000000,0.000000,0.000000,0.000000
establishing,4,0.000000,0.000000,0.000000,0.007353,0.000000,0.000000,0.007353,0.000000,0.000000,0.000000,0.007353,0.000000,0.000000,0.000000,0.000000,0.000000,0.000000,0.007353,0.000000,0.000000,0.000000,0.000000,0.000000,0.000000,0.000000,0.000000,0.000000,0.000000,0.000000,0.000000,0.000000,0.000000,0.000000,0.000000,0.000000,0.000000,0.000000,0.000000,0.000000,0.000000,0.000000,0.000000,0.000000,0.000000,0.000000,0.000000,0.000000,0.000000
ending,4,0.000000,0.007353,0.000000,0.000000,0.000000,0.000000,0.000000,0.000000,0.000000,0.000000,0.000000,0.000000,0.000000,0.000000,0.000000,0.000000,0.000000,0.000000,0.000000,0.007353,0.000000,0.007353,0.000000,0.000000,0.000000,0.000000,0.000000,0.000000,0.000000,0.000000,0.000000,0.000000,0.000000,0.000000,0.000000,0.000000,0.000000,0.000000,0.000000,0.000000,0.000000,0.000000,0.000000,0.000000,0.007353,0.000000,0.000000,0.000000
bringing,4,0.000000,0.000000,0.000000,0.000000,0.000000,0.000000,0.000000,0.000000,0.000000,0.000000,0.007353,0.000000,0.007353,0.000000,0.000000,0.000000,0.000000,0.000000,0.000000,0.000000,0.000000,0.000000,0.000000,0.000000,0.007353,0.000000,0.000000,0.000000,0.000000,0.000000,0.000000,0.007353,0.000000,0.000000,0.000000,0.000000,0.000000,0.000000,0.000000,0.000000,0.000000,0.000000,0.000000,0.000000,0.000000,0.000000,0.000000,0.000000
attending,4,0.000000,0.007353,0.000000,0.000000,0.000000,0.000000,0.000000,0.000000,0.007353,0.007353,0.000000,0.000000,0.000000,0.000000,0.000000,0.000000,0.000000,0.000000,0.000000,0.000000,0.000000,0.000000,0.000000,0.000000,0.007353,0.000000,0.000000,0.000000,0.000000,0.000000,0.000000,0.000000,0.000000,0.000000,0.000000,0.000000,0.000000,0.000000,0.000000,0.000000,0.000000,0.000000,0.000000,0.000000,0.000000,0.000000,0.000000,0.000000
addressing,4,0.000000,0.000000,0.000000,0.000000,0.007353,0.007353,0.000000,0.000000,0.000000,0.007353,0.000000,0.000000,0.000000,0.000000,0.000000,0.000000,0.000000,0.000000,0.000000,0.000000,0.000000,0.000000,0.000000,0.000000,0.007353,0.000000,0.000000,0.000000,0.000000,0.000000,0.000000,0.000000,0.000000,0.000000,0.000000,0.000000,0.000000,0.000000,0.000000,0.000000,0.000000,0.000000,0.000000,0.000000,0.000000,0.000000,0.000000,0.000000
achieving,4,0.000000,0.007353,0.000000,0.007353,0.000000,0.000000,0.000000,0.007353,0.000000,0.000000,0.000000,0.000000,0.000000,0.000000,0.000000,0.000000,0.000000,0.000000,0.000000,0.000000,0.000000,0.000000,0.000000,0.000000,0.000000,0.000000,0.000000,0.000000,0.000000,0.000000,0.000000,0.000000,0.007353,0.000000,0.000000,0.000000,0.000000,0.000000,0.000000,0.000000,0.000000,0.000000,0.000000,0.000000,0.000000,0.000000,0.000000,0.000000
winning,3,0.000000,0.000000,0.000000,0.000000,0.000000,0.000000,0.000000,0.007353,0.000000,0.007353,0.000000,0.000000,0.000000,0.000000,0.000000,0.000000,0.000000,0.000000,0.000000,0.000000,0.000000,0.000000,0.000000,0.000000,0.007353,0.000000,0.000000,0.000000,0.000000,0.000000,0.000000,0.000000,0.000000,0.000000,0.000000,0.000000,0.000000,0.000000,0.000000,0.000000,0.000000,0.000000,0.000000,0.000000,0.000000,0.000000,0.000000,0.000000
wing,3,0.000000,0.000000,0.000000,0.000000,0.000000,0.000000,0.000000,0.000000,0.000000,0.000000,0.000000,0.000000,0.000000,0.000000,0.000000,0.000000,0.000000,0.000000,0.000000,0.007353,0.007353,0.000000,0.000000,0.000000,0.000000,0.000000,0.000000,0.000000,0.000000,0.000000,0.000000,0.000000,0.000000,0.000000,0.007353,0.000000,0.000000,0.000000,0.000000,0.000000,0.000000,0.000000,0.000000,0.000000,0.000000,0.000000,0.000000,0.000000
waiting,3,0.000000,0.000000,0.007353,0.000000,0.000000,0.000000,0.000000,0.000000,0.000000,0.000000,0.000000,0.007353,0.000000,0.000000,0.000000,0.000000,0.000000,0.000000,0.000000,0.000000,0.000000,0.000000,0.000000,0.000000,0.000000,0.000000,0.000000,0.000000,0.000000,0.000000,0.007353,0.000000,0.000000,0.000000,0.000000,0.000000,0.000000,0.000000,0.000000,0.000000,0.000000,0.000000,0.000000,0.000000,0.000000,0.000000,0.000000,0.000000
traveling,3,0.000000,0.000000,0.000000,0.000000,0.000000,0.000000,0.007353,0.000000,0.000000,0.000000,0.000000,0.000000,0.000000,0.000000,0.000000,0.000000,0.000000,0.000000,0.000000,0.000000,0.000000,0.000000,0.014706,0.000000,0.000000,0.000000,0.000000,0.000000,0.000000,0.000000,0.000000,0.000000,0.000000,0.000000,0.000000,0.000000,0.000000,0.000000,0.000000,0.000000,0.000000,0.000000,0.000000,0.000000,0.000000,0.000000,0.000000,0.000000
totaling,3,0.000000,0.000000,0.000000,0.014706,0.000000,0.000000,0.000000,0.007353,0.000000,0.000000,0.000000,0.000000,0.000000,0.000000,0.000000,0.000000,0.000000,0.000000,0.000000,0.000000,0.000000,0.000000,0.000000,0.000000,0.000000,0.000000,0.000000,0.000000,0.000000,0.000000,0.000000,0.000000,0.000000,0.000000,0.000000,0.000000,0.000000,0.000000,0.000000,0.000000,0.000000,0.000000,0.000000,0.000000,0.000000,0.000000,0.000000,0.000000
thinking,3,0.000000,0.000000,0.000000,0.000000,0.007353,0.007353,0.000000,0.000000,0.000000,0.000000,0.000000,0.000000,0.000000,0.000000,0.000000,0.000000,0.000000,0.000000,0.000000,0.000000,0.000000,0.000000,0.000000,0.000000,0.000000,0.000000,0.000000,0.000000,0.000000,0.000000,0.000000,0.000000,0.007353,0.000000,0.000000,0.000000,0.000000,0.000000,0.000000,0.000000,0.000000,0.000000,0.000000,0.000000,0.000000,0.000000,0.000000,0.000000
taking,3,0.000000,0.000000,0.007353,0.000000,0.000000,0.000000,0.000000,0.000000,0.000000,0.000000,0.000000,0.000000,0.000000,0.000000,0.000000,0.000000,0.000000,0.007353,0.000000,0.000000,0.000000,0.000000,0.000000,0.000000,0.007353,0.000000,0.000000,0.000000,0.000000,0.000000,0.000000,0.000000,0.000000,0.000000,0.000000,0.000000,0.000000,0.000000,0.000000,0.000000,0.000000,0.000000,0.000000,0.000000,0.000000,0.000000,0.000000,0.000000
suggesting,3,0.000000,0.000000,0.000000,0.007353,0.000000,0.000000,0.007353,0.000000,0.000000,0.000000,0.000000,0.000000,0.000000,0.000000,0.000000,0.000000,0.000000,0.000000,0.000000,0.000000,0.000000,0.000000,0.000000,0.000000,0.000000,0.000000,0.000000,0.000000,0.000000,0.000000,0.000000,0.000000,0.000000,0.000000,0.000000,0.000000,0.000000,0.000000,0.000000,0.007353,0.000000,0.000000,0.000000,0.000000,0.000000,0.000000,0.000000,0.000000
signing,3,0.000000,0.000000,0.007353,0.000000,0.007353,0.000000,0.000000,0.000000,0.000000,0.000000,0.000000,0.007353,0.000000,0.000000,0.007353,0.000000,0.000000,0.000000,0.000000,0.000000,0.000000,0.000000,0.000000,0.000000,0.000000,0.000000,0.000000,0.000000,0.000000,0.000000,0.000000,0.000000,0.000000,0.000000,0.000000,0.000000,0.000000,0.000000,0.000000,0.000000,0.000000,0.000000,0.000000,0.000000,0.000000,0.000000,0.000000,0.000000
sending,3,0.000000,0.000000,0.000000,0.000000,0.000000,0.000000,0.000000,0.000000,0.000000,0.007353,0.000000,0.000000,0.000000,0.000000,0.000000,0.000000,0.000000,0.007353,0.000000,0.000000,0.000000,0.000000,0.000000,0.000000,0.000000,0.000000,0.000000,0.000000,0.000000,0.000000,0.000000,0.000000,0.000000,0.007353,0.000000,0.000000,0.000000,0.000000,0.000000,0.000000,0.000000,0.000000,0.000000,0.000000,0.000000,0.000000,0.000000,0.000000
saving,3,0.000000,0.000000,0.000000,0.007353,0.000000,0.000000,0.000000,0.000000,0.000000,0.000000,0.000000,0.000000,0.007353,0.000000,0.000000,0.000000,0.000000,0.000000,0.000000,0.000000,0.007353,0.000000,0.000000,0.000000,0.000000,0.000000,0.000000,0.000000,0.000000,0.000000,0.000000,0.000000,0.000000,0.000000,0.000000,0.000000,0.000000,0.000000,0.000000,0.000000,0.000000,0.000000,0.000000,0.000000,0.000000,0.000000,0.000000,0.000000
responding,3,0.000000,0.000000,0.000000,0.000000,0.000000,0.000000,0.000000,0.000000,0.000000,0.000000,0.007353,0.000000,0.000000,0.000000,0.000000,0.000000,0.000000,0.000000,0.000000,0.000000,0.000000,0.000000,0.000000,0.000000,0.007353,0.000000,0.000000,0.000000,0.000000,0.000000,0.000000,0.000000,0.007353,0.000000,0.000000,0.000000,0.000000,0.000000,0.000000,0.000000,0.000000,0.000000,0.000000,0.000000,0.000000,0.000000,0.000000,0.000000
receiving,3,0.000000,0.000000,0.000000,0.000000,0.000000,0.000000,0.000000,0.000000,0.000000,0.007353,0.000000,0.000000,0.000000,0.000000,0.014706,0.000000,0.000000,0.000000,0.000000,0.000000,0.000000,0.000000,0.000000,0.000000,0.000000,0.000000,0.000000,0.000000,0.000000,0.000000,0.007353,0.000000,0.000000,0.000000,0.000000,0.000000,0.000000,0.000000,0.000000,0.000000,0.000000,0.000000,0.000000,0.000000,0.000000,0.000000,0.000000,0.000000
monitoring,3,0.000000,0.000000,0.000000,0.000000,0.000000,0.000000,0.000000,0.000000,0.000000,0.014706,0.000000,0.000000,0.000000,0.007353,0.000000,0.000000,0.000000,0.000000,0.000000,0.000000,0.000000,0.000000,0.000000,0.000000,0.000000,0.000000,0.000000,0.000000,0.000000,0.000000,0.000000,0.000000,0.000000,0.000000,0.000000,0.000000,0.000000,0.000000,0.000000,0.000000,0.000000,0.000000,0.000000,0.000000,0.000000,0.000000,0.000000,0.000000
measuring,3,0.000000,0.000000,0.000000,0.000000,0.000000,0.000000,0.007353,0.000000,0.000000,0.000000,0.000000,0.000000,0.000000,0.000000,0.000000,0.014706,0.000000,0.000000,0.000000,0.000000,0.000000,0.000000,0.000000,0.000000,0.000000,0.000000,0.000000,0.000000,0.000000,0.000000,0.000000,0.000000,0.000000,0.000000,0.000000,0.000000,0.000000,0.000000,0.000000,0.000000,0.000000,0.000000,0.000000,0.000000,0.000000,0.000000,0.000000,0.000000
maintaining,3,0.000000,0.000000,0.000000,0.000000,0.000000,0.000000,0.000000,0.000000,0.000000,0.000000,0.000000,0.000000,0.000000,0.000000,0.000000,0.000000,0.000000,0.000000,0.007353,0.000000,0.000000,0.000000,0.000000,0.000000,0.000000,0.000000,0.000000,0.000000,0.000000,0.000000,0.000000,0.000000,0.007353,0.000000,0.000000,0.000000,0.000000,0.000000,0.000000,0.000000,0.000000,0.000000,0.000000,0.000000,0.000000,0.000000,0.000000,0.000000
looking,3,0.000000,0.000000,0.014706,0.000000,0.000000,0.000000,0.000000,0.000000,0.000000,0.007353,0.000000,0.000000,0.000000,0.000000,0.000000,0.000000,0.000000,0.000000,0.000000,0.000000,0.000000,0.000000,0.000000,0.000000,0.000000,0.000000,0.000000,0.000000,0.000000,0.000000,0.000000,0.000000,0.000000,0.000000,0.000000,0.000000,0.000000,0.000000,0.000000,0.000000,0.000000,0.000000,0.000000,0.000000,0.000000,0.000000,0.000000,0.000000
licensing,3,0.000000,0.000000,0.000000,0.000000,0.000000,0.000000,0.000000,0.000000,0.000000,0.000000,0.000000,0.000000,0.000000,0.000000,0.000000,0.007353,0.000000,0.000000,0.000000,0.007353,0.000000,0.000000,0.000000,0.000000,0.000000,0.000000,0.000000,0.000000,0.000000,0.000000,0.000000,0.000000,0.000000,0.000000,0.000000,0.000000,0.000000,0.000000,0.000000,0.007353,0.000000,0.000000,0.000000,0.000000,0.000000,0.000000,0.000000,0.000000
leaving,3,0.000000,0.000000,0.000000,0.000000,0.000000,0.000000,0.000000,0.000000,0.000000,0.000000,0.000000,0.000000,0.000000,0.000000,0.000000,0.000000,0.000000,0.000000,0.000000,0.000000,0.000000,0.000000,0.007353,0.000000,0.000000,0.007353,0.000000,0.000000,0.007353,0.000000,0.000000,0.000000,0.000000,0.000000,0.000000,0.000000,0.000000,0.000000,0.000000,0.000000,0.000000,0.000000,0.000000,0.000000,0.000000,0.000000,0.000000,0.000000
integrating,3,0.000000,0.000000,0.000000,0.000000,0.000000,0.000000,0.000000,0.000000,0.000000,0.000000,0.000000,0.000000,0.007353,0.000000,0.000000,0.000000,0.014706,0.000000,0.000000,0.000000,0.000000,0.000000,0.000000,0.000000,0.000000,0.000000,0.000000,0.000000,0.000000,0.000000,0.000000,0.000000,0.000000,0.000000,0.000000,0.000000,0.000000,0.000000,0.000000,0.000000,0.000000,0.000000,0.000000,0.000000,0.000000,0.000000,0.000000,0.000000
initiating,3,0.000000,0.000000,0.000000,0.000000,0.000000,0.000000,0.000000,0.000000,0.000000,0.007353,0.007353,0.000000,0.000000,0.007353,0.000000,0.000000,0.000000,0.000000,0.000000,0.000000,0.000000,0.000000,0.000000,0.000000,0.000000,0.000000,0.000000,0.000000,0.000000,0.000000,0.000000,0.000000,0.000000,0.000000,0.000000,0.000000,0.000000,0.000000,0.000000,0.000000,0.000000,0.000000,0.000000,0.000000,0.000000,0.000000,0.000000,0.000000
indicating,3,0.000000,0.000000,0.000000,0.000000,0.000000,0.000000,0.000000,0.000000,0.000000,0.000000,0.000000,0.000000,0.000000,0.000000,0.000000,0.007353,0.000000,0.000000,0.000000,0.000000,0.000000,0.000000,0.000000,0.000000,0.007353,0.000000,0.000000,0.000000,0.000000,0.000000,0.000000,0.000000,0.000000,0.000000,0.000000,0.000000,0.000000,0.000000,0.000000,0.007353,0.000000,0.000000,0.000000,0.000000,0.000000,0.000000,0.000000,0.000000
identifying,3,0.000000,0.000000,0.000000,0.000000,0.000000,0.000000,0.000000,0.000000,0.000000,0.000000,0.000000,0.000000,0.000000,0.000000,0.007353,0.000000,0.000000,0.007353,0.000000,0.000000,0.000000,0.000000,0.000000,0.000000,0.000000,0.000000,0.000000,0.000000,0.000000,0.000000,0.000000,0.000000,0.000000,0.000000,0.000000,0.000000,0.000000,0.000000,0.000000,0.000000,0.000000,0.000000,0.000000,0.000000,0.000000,0.007353,0.000000,0.000000
housing,3,0.000000,0.000000,0.007353,0.000000,0.000000,0.000000,0.000000,0.000000,0.000000,0.000000,0.000000,0.000000,0.000000,0.007353,0.000000,0.000000,0.000000,0.000000,0.000000,0.000000,0.000000,0.000000,0.000000,0.000000,0.000000,0.000000,0.000000,0.000000,0.000000,0.000000,0.000000,0.000000,0.000000,0.007353,0.000000,0.000000,0.000000,0.000000,0.000000,0.000000,0.000000,0.000000,0.000000,0.000000,0.000000,0.000000,0.000000,0.000000
honoring,3,0.000000,0.007353,0.000000,0.000000,0.007353,0.000000,0.000000,0.000000,0.000000,0.007353,0.000000,0.000000,0.000000,0.000000,0.000000,0.000000,0.000000,0.000000,0.000000,0.000000,0.000000,0.000000,0.000000,0.000000,0.000000,0.000000,0.000000,0.000000,0.000000,0.000000,0.000000,0.000000,0.000000,0.000000,0.000000,0.000000,0.000000,0.000000,0.000000,0.000000,0.000000,0.000000,0.000000,0.000000,0.000000,0.000000,0.000000,0.000000
giving,3,0.000000,0.000000,0.000000,0.000000,0.000000,0.007353,0.000000,0.000000,0.000000,0.007353,0.000000,0.000000,0.000000,0.000000,0.000000,0.000000,0.000000,0.000000,0.000000,0.000000,0.000000,0.000000,0.000000,0.000000,0.000000,0.000000,0.000000,0.000000,0.000000,0.000000,0.000000,0.000000,0.000000,0.000000,0.000000,0.000000,0.000000,0.000000,0.000000,0.007353,0.000000,0.000000,0.000000,0.000000,0.000000,0.000000,0.000000,0.000000
furthering,3,0.000000,0.000000,0.007353,0.007353,0.000000,0.000000,0.000000,0.000000,0.000000,0.000000,0.007353,0.000000,0.000000,0.000000,0.000000,0.000000,0.000000,0.000000,0.000000,0.000000,0.000000,0.000000,0.000000,0.000000,0.000000,0.000000,0.000000,0.000000,0.000000,0.000000,0.000000,0.000000,0.000000,0.000000,0.000000,0.000000,0.000000,0.000000,0.000000,0.000000,0.000000,0.000000,0.000000,0.000000,0.000000,0.000000,0.000000,0.000000
financing,3,0.000000,0.000000,0.000000,0.000000,0.000000,0.007353,0.000000,0.000000,0.000000,0.000000,0.000000,0.000000,0.000000,0.000000,0.000000,0.000000,0.000000,0.000000,0.000000,0.000000,0.000000,0.000000,0.000000,0.000000,0.000000,0.007353,0.000000,0.000000,0.000000,0.000000,0.000000,0.007353,0.000000,0.000000,0.000000,0.000000,0.000000,0.000000,0.000000,0.000000,0.000000,0.000000,0.000000,0.000000,0.000000,0.000000,0.000000,0.000000
facing,3,0.000000,0.000000,0.000000,0.000000,0.000000,0.007353,0.000000,0.000000,0.000000,0.000000,0.000000,0.000000,0.000000,0.000000,0.000000,0.000000,0.000000,0.000000,0.000000,0.000000,0.000000,0.000000,0.000000,0.000000,0.000000,0.000000,0.000000,0.000000,0.000000,0.000000,0.000000,0.007353,0.000000,0.007353,0.000000,0.000000,0.000000,0.000000,0.000000,0.000000,0.000000,0.000000,0.000000,0.000000,0.000000,0.000000,0.000000,0.000000
emerging,3,0.000000,0.000000,0.000000,0.000000,0.000000,0.000000,0.000000,0.000000,0.000000,0.007353,0.007353,0.000000,0.007353,0.000000,0.000000,0.000000,0.000000,0.000000,0.000000,0.000000,0.000000,0.000000,0.000000,0.000000,0.000000,0.000000,0.000000,0.000000,0.000000,0.000000,0.000000,0.000000,0.000000,0.000000,0.000000,0.000000,0.000000,0.000000,0.000000,0.000000,0.000000,0.000000,0.000000,0.000000,0.000000,0.000000,0.000000,0.000000
dragging,3,0.000000,0.000000,0.000000,0.000000,0.000000,0.000000,0.000000,0.000000,0.000000,0.000000,0.000000,0.000000,0.000000,0.000000,0.000000,0.000000,0.000000,0.000000,0.000000,0.000000,0.000000,0.000000,0.000000,0.000000,0.000000,0.000000,0.000000,0.000000,0.000000,0.000000,0.000000,0.000000,0.000000,0.000000,0.000000,0.000000,0.022059,0.000000,0.000000,0.000000,0.000000,0.000000,0.000000,0.000000,0.000000,0.000000,0.000000,0.000000
directing,3,0.000000,0.000000,0.007353,0.000000,0.007353,0.000000,0.000000,0.000000,0.000000,0.000000,0.000000,0.000000,0.000000,0.000000,0.000000,0.000000,0.000000,0.000000,0.000000,0.000000,0.000000,0.000000,0.000000,0.000000,0.000000,0.000000,0.000000,0.000000,0.000000,0.000000,0.000000,0.007353,0.000000,0.000000,0.000000,0.000000,0.000000,0.000000,0.000000,0.000000,0.000000,0.000000,0.000000,0.000000,0.000000,0.000000,0.000000,0.000000
covering,3,0.007353,0.000000,0.007353,0.000000,0.000000,0.007353,0.000000,0.000000,0.000000,0.000000,0.000000,0.000000,0.000000,0.000000,0.000000,0.000000,0.000000,0.000000,0.000000,0.000000,0.000000,0.000000,0.000000,0.000000,0.000000,0.000000,0.000000,0.000000,0.000000,0.000000,0.000000,0.000000,0.000000,0.000000,0.000000,0.000000,0.000000,0.000000,0.000000,0.000000,0.000000,0.000000,0.000000,0.000000,0.000000,0.000000,0.000000,0.000000
cooling,3,0.007353,0.000000,0.000000,0.000000,0.000000,0.000000,0.000000,0.000000,0.000000,0.000000,0.000000,0.000000,0.000000,0.007353,0.000000,0.000000,0.000000,0.007353,0.000000,0.000000,0.000000,0.000000,0.000000,0.000000,0.000000,0.000000,0.000000,0.000000,0.000000,0.000000,0.000000,0.000000,0.000000,0.000000,0.000000,0.000000,0.000000,0.000000,0.000000,0.000000,0.000000,0.000000,0.000000,0.000000,0.000000,0.000000,0.000000,0.000000
contributing,3,0.000000,0.007353,0.000000,0.000000,0.000000,0.000000,0.000000,0.000000,0.000000,0.007353,0.000000,0.000000,0.000000,0.000000,0.000000,0.000000,0.000000,0.000000,0.000000,0.000000,0.000000,0.000000,0.000000,0.000000,0.000000,0.007353,0.000000,0.000000,0.000000,0.000000,0.000000,0.000000,0.000000,0.000000,0.000000,0.000000,0.000000,0.000000,0.000000,0.000000,0.000000,0.000000,0.000000,0.000000,0.000000,0.000000,0.000000,0.000000
contracting,3,0.000000,0.000000,0.000000,0.007353,0.000000,0.000000,0.000000,0.000000,0.000000,0.007353,0.000000,0.000000,0.000000,0.000000,0.000000,0.000000,0.000000,0.000000,0.000000,0.000000,0.000000,0.000000,0.000000,0.000000,0.000000,0.000000,0.000000,0.000000,0.000000,0.000000,0.000000,0.000000,0.007353,0.000000,0.000000,0.000000,0.000000,0.000000,0.000000,0.000000,0.000000,0.000000,0.000000,0.000000,0.000000,0.000000,0.000000,0.000000
commenting,3,0.000000,0.000000,0.000000,0.000000,0.000000,0.007353,0.007353,0.007353,0.000000,0.000000,0.000000,0.000000,0.000000,0.000000,0.000000,0.000000,0.000000,0.000000,0.000000,0.000000,0.000000,0.000000,0.000000,0.000000,0.000000,0.000000,0.000000,0.000000,0.000000,0.000000,0.000000,0.000000,0.000000,0.000000,0.000000,0.000000,0.000000,0.000000,0.000000,0.000000,0.000000,0.000000,0.000000,0.000000,0.000000,0.000000,0.000000,0.000000
citing,3,0.000000,0.000000,0.000000,0.007353,0.000000,0.000000,0.000000,0.000000,0.000000,0.000000,0.000000,0.000000,0.000000,0.000000,0.000000,0.007353,0.000000,0.000000,0.000000,0.000000,0.000000,0.000000,0.000000,0.000000,0.000000,0.000000,0.000000,0.000000,0.000000,0.000000,0.000000,0.000000,0.000000,0.000000,0.000000,0.000000,0.000000,0.000000,0.000000,0.000000,0.000000,0.007353,0.000000,0.000000,0.000000,0.000000,0.000000,0.000000
changing,3,0.000000,0.007353,0.000000,0.000000,0.000000,0.000000,0.000000,0.000000,0.000000,0.000000,0.000000,0.000000,0.000000,0.000000,0.000000,0.000000,0.000000,0.000000,0.000000,0.000000,0.000000,0.000000,0.000000,0.000000,0.007353,0.000000,0.000000,0.000000,0.000000,0.000000,0.000000,0.000000,0.007353,0.000000,0.000000,0.000000,0.000000,0.000000,0.000000,0.000000,0.000000,0.000000,0.000000,0.000000,0.000000,0.000000,0.000000,0.000000
challenging,3,0.000000,0.007353,0.000000,0.000000,0.000000,0.000000,0.000000,0.000000,0.000000,0.000000,0.000000,0.000000,0.000000,0.000000,0.000000,0.000000,0.000000,0.000000,0.000000,0.000000,0.000000,0.000000,0.000000,0.000000,0.007353,0.000000,0.000000,0.000000,0.000000,0.000000,0.000000,0.000000,0.000000,0.000000,0.000000,0.000000,0.000000,0.000000,0.000000,0.007353,0.000000,0.000000,0.000000,0.000000,0.000000,0.000000,0.000000,0.000000
carrying,3,0.000000,0.000000,0.007353,0.000000,0.000000,0.000000,0.000000,0.000000,0.007353,0.000000,0.000000,0.000000,0.000000,0.000000,0.000000,0.000000,0.000000,0.000000,0.007353,0.000000,0.000000,0.000000,0.000000,0.000000,0.000000,0.000000,0.000000,0.000000,0.000000,0.000000,0.000000,0.000000,0.000000,0.000000,0.000000,0.000000,0.000000,0.000000,0.000000,0.000000,0.000000,0.000000,0.000000,0.000000,0.000000,0.000000,0.000000,0.000000
calling,3,0.000000,0.000000,0.000000,0.000000,0.000000,0.007353,0.000000,0.000000,0.007353,0.000000,0.000000,0.000000,0.000000,0.000000,0.000000,0.000000,0.000000,0.000000,0.000000,0.000000,0.000000,0.000000,0.000000,0.000000,0.007353,0.000000,0.000000,0.000000,0.000000,0.000000,0.000000,0.000000,0.000000,0.000000,0.000000,0.000000,0.000000,0.000000,0.000000,0.000000,0.000000,0.000000,0.000000,0.000000,0.000000,0.000000,0.000000,0.000000
becoming,3,0.000000,0.000000,0.000000,0.000000,0.000000,0.000000,0.000000,0.000000,0.000000,0.000000,0.000000,0.000000,0.000000,0.000000,0.000000,0.000000,0.000000,0.000000,0.000000,0.000000,0.000000,0.000000,0.000000,0.000000,0.000000,0.000000,0.000000,0.000000,0.000000,0.000000,0.000000,0.000000,0.000000,0.000000,0.000000,0.000000,0.000000,0.000000,0.000000,0.000000,0.014706,0.000000,0.000000,0.007353,0.000000,0.000000,0.000000,0.000000
approaching,3,0.000000,0.000000,0.007353,0.000000,0.000000,0.000000,0.000000,0.007353,0.000000,0.000000,0.000000,0.000000,0.000000,0.000000,0.000000,0.000000,0.000000,0.000000,0.000000,0.000000,0.000000,0.000000,0.000000,0.000000,0.000000,0.007353,0.000000,0.000000,0.000000,0.000000,0.000000,0.000000,0.000000,0.000000,0.000000,0.000000,0.000000,0.000000,0.000000,0.000000,0.000000,0.000000,0.000000,0.000000,0.000000,0.000000,0.000000,0.000000
allowing,3,0.000000,0.000000,0.000000,0.000000,0.000000,0.000000,0.000000,0.000000,0.000000,0.000000,0.000000,0.000000,0.000000,0.000000,0.000000,0.000000,0.000000,0.000000,0.000000,0.007353,0.000000,0.000000,0.000000,0.000000,0.000000,0.000000,0.000000,0.000000,0.000000,0.000000,0.014706,0.000000,0.000000,0.000000,0.000000,0.000000,0.000000,0.000000,0.000000,0.000000,0.000000,0.000000,0.000000,0.000000,0.000000,0.000000,0.000000,0.000000
accepting,3,0.000000,0.007353,0.000000,0.000000,0.000000,0.000000,0.000000,0.000000,0.000000,0.000000,0.000000,0.000000,0.007353,0.000000,0.000000,0.007353,0.000000,0.000000,0.000000,0.000000,0.000000,0.000000,0.000000,0.000000,0.000000,0.000000,0.000000,0.000000,0.000000,0.000000,0.000000,0.000000,0.000000,0.000000,0.000000,0.000000,0.000000,0.000000,0.000000,0.000000,0.000000,0.000000,0.000000,0.000000,0.000000,0.000000,0.000000,0.000000
