using,65,0.000000,0.000000,0.000000,0.000273,0.001092,0.000546,0.001912,0.000546,0.000819,0.000546,0.000546,0.000000,0.000546,0.001365,0.001638,0.001912,0.000819,0.000546,0.001092,0.001365,0.000546,0.000819
engineering,39,0.000273,0.000000,0.000000,0.001365,0.000819,0.000273,0.001365,0.002731,0.000000,0.000000,0.000000,0.000000,0.000000,0.000546,0.000000,0.000546,0.000546,0.000000,0.000000,0.000000,0.000273,0.000546
according,32,0.000000,0.000000,0.000000,0.000000,0.001638,0.000546,0.001638,0.001365,0.000273,0.000819,0.001092,0.000000,0.000000,0.000000,0.000000,0.000273,0.000273,0.000273,0.000000,0.000000,0.000000,0.000000
including,24,0.000000,0.000273,0.000000,0.000000,0.000273,0.000000,0.000819,0.001092,0.000000,0.000273,0.000000,0.000819,0.000000,0.000000,0.000000,0.000546,0.000000,0.000000,0.000000,0.000546,0.000273,0.000819
testing,20,0.000273,0.000273,0.000000,0.000000,0.000000,0.000273,0.000273,0.000546,0.000000,0.000000,0.000000,0.001092,0.000273,0.000546,0.000000,0.000000,0.000819,0.000000,0.000000,0.000000,0.000273,0.000273
wing,18,0.000000,0.000000,0.000000,0.000000,0.000819,0.000000,0.000000,0.000000,0.000000,0.000000,0.001365,0.000000,0.001092,0.000000,0.000000,0.000000,0.001638,0.000000,0.000000,0.000000,0.000000,0.000000
working,16,0.000000,0.000000,0.000273,0.000000,0.000546,0.000546,0.000546,0.001092,0.000273,0.000000,0.000000,0.000000,0.000273,0.000273,0.000000,0.000273,0.000000,0.000000,0.000273,0.000000,0.000000,0.000000
being,16,0.000273,0.000000,0.000000,0.000000,0.001365,0.000546,0.000546,0.000546,0.000819,0.000000,0.000000,0.000273,0.000000,0.000000,0.000000,0.000000,0.000000,0.000000,0.000000,0.000000,0.000000,0.000000
orbiting,15,0.000000,0.000000,0.000273,0.000000,0.000273,0.000000,0.000000,0.001092,0.000000,0.000000,0.000546,0.000273,0.000000,0.000000,0.000000,0.000273,0.000000,0.000546,0.000273,0.000273,0.000273,0.000000
developing,15,0.000000,0.000273,0.000000,0.000000,0.000546,0.000273,0.000546,0.000546,0.000000,0.000000,0.000273,0.000000,0.000000,0.000000,0.000273,0.000000,0.000273,0.000000,0.000546,0.000273,0.000000,0.000000
understanding,14,0.000000,0.000000,0.000000,0.000000,0.000000,0.000819,0.000819,0.000000,0.000000,0.000273,0.000000,0.000000,0.000000,0.000819,0.000000,0.000273,0.000273,0.000000,0.000000,0.000000,0.000000,0.000546
existing,14,0.000000,0.000273,0.000000,0.000273,0.000819,0.000000,0.000000,0.000819,0.000000,0.000000,0.000000,0.000000,0.000000,0.000273,0.000273,0.000546,0.000000,0.000000,0.000273,0.000000,0.000000,0.000000
mapping,12,0.000000,0.000273,0.000000,0.000546,0.001638,0.000819,0.000000,0.000000,0.000000,0.000000,0.000000,0.000000,0.000000,0.000000,0.000000,0.000000,0.000000,0.000000,0.000000,0.000000,0.000000,0.000000
landing,11,0.000273,0.000000,0.000000,0.000000,0.000273,0.000000,0.000273,0.000000,0.000819,0.000000,0.000000,0.000000,0.000273,0.000273,0.000000,0.000000,0.000819,0.000000,0.000000,0.000000,0.000000,0.000000
funding,10,0.000000,0.000000,0.000000,0.000000,0.000000,0.000000,0.000546,0.000819,0.000000,0.000000,0.000273,0.000000,0.000000,0.000273,0.000000,0.000000,0.000000,0.000000,0.000000,0.000000,0.000000,0.000819
processing,9,0.000000,0.000000,0.000000,0.000273,0.000000,0.000273,0.000546,0.000000,0.000000,0.000000,0.000000,0.000273,0.000000,0.000273,0.000273,0.000000,0.000273,0.000273,0.000000,0.000000,0.000000,0.000000
meeting,9,0.000000,0.000000,0.000000,0.000000,0.000546,0.000273,0.000273,0.000273,0.000000,0.000000,0.000000,0.000000,0.000000,0.000000,0.000000,0.000000,0.000546,0.000000,0.000273,0.000000,0.000000,0.000273
ring,8,0.000000,0.000000,0.001092,0.000000,0.000000,0.000000,0.000000,0.000000,0.000000,0.000000,0.000000,0.000000,0.000273,0.000000,0.000000,0.000819,0.000000,0.000000,0.000000,0.000000,0.000000,0.000000
providing,8,0.000273,0.000000,0.000000,0.000000,0.000000,0.000000,0.000000,0.000000,0.000000,0.000000,0.000000,0.000000,0.000000,0.000546,0.000000,0.000273,0.000546,0.000273,0.000000,0.000000,0.000000,0.000000
observing,8,0.000273,0.000000,0.000273,0.000273,0.000273,0.000000,0.000000,0.000546,0.000000,0.000000,0.000000,0.000000,0.000000,0.000000,0.000000,0.000000,0.000000,0.000000,0.000273,0.000000,0.000000,0.000273
measuring,8,0.000000,0.000000,0.000000,0.000000,0.000000,0.000000,0.000273,0.000000,0.000000,0.000000,0.000000,0.000000,0.000000,0.000819,0.000000,0.000000,0.000000,0.000000,0.000000,0.000546,0.000000,0.000273
making,8,0.000000,0.000000,0.000000,0.000000,0.000000,0.000273,0.000000,0.000546,0.000000,0.000000,0.000000,0.000000,0.000000,0.000000,0.000546,0.000000,0.000000,0.000000,0.000000,0.000000,0.000000,0.000273
leading,8,0.000000,0.000000,0.000000,0.000273,0.000273,0.000273,0.000546,0.000000,0.000000,0.000000,0.000000,0.000000,0.000000,0.000000,0.000000,0.000000,0.000273,0.000000,0.000000,0.000000,0.000000,0.000000
lasting,8,0.000000,0.000000,0.000000,0.000000,0.000000,0.000000,0.000000,0.000000,0.000000,0.000000,0.000273,0.000273,0.000000,0.000000,0.000273,0.000546,0.000000,0.000273,0.000000,0.000000,0.000273,0.000000
flying,8,0.000273,0.000000,0.000000,0.000000,0.000273,0.000273,0.000000,0.000273,0.000000,0.000000,0.000000,0.000273,0.000000,0.000000,0.000000,0.000000,0.000819,0.000000,0.000000,0.000000,0.000000,0.000000
demonstrating,8,0.000000,0.000000,0.000000,0.000000,0.000000,0.000000,0.000000,0.000273,0.000000,0.000000,0.000000,0.000000,0.000000,0.000000,0.000000,0.000000,0.000546,0.000000,0.000000,0.000546,0.000000,0.000000
creating,8,0.000000,0.000000,0.000000,0.000000,0.000000,0.000000,0.000000,0.000000,0.000273,0.000000,0.000000,0.000000,0.000000,0.000273,0.000273,0.000273,0.000273,0.000000,0.000000,0.000273,0.000000,0.000000
beginning,8,0.000000,0.000000,0.000000,0.000000,0.000000,0.000000,0.000000,0.000000,0.000000,0.000273,0.000000,0.000000,0.000000,0.000000,0.000000,0.000273,0.000273,0.000000,0.000546,0.000273,0.000000,0.000546
training,7,0.000000,0.000000,0.000000,0.000000,0.000000,0.000546,0.000546,0.000273,0.000000,0.000000,0.000000,0.000000,0.000000,0.000000,0.000000,0.000273,0.000000,0.000000,0.000273,0.000000,0.000000,0.000000
surrounding,7,0.000000,0.000000,0.000273,0.000000,0.000000,0.000000,0.000000,0.000000,0.000273,0.000000,0.000546,0.000000,0.000000,0.000000,0.000273,0.000273,0.000000,0.000000,0.000000,0.000273,0.000000,0.000000
studying,7,0.000000,0.000000,0.000000,0.000000,0.000000,0.000273,0.000273,0.000546,0.000000,0.000000,0.000000,0.000000,0.000000,0.000000,0.000000,0.000273,0.000273,0.000000,0.000000,0.000273,0.000000,0.000000
planning,7,0.000000,0.000000,0.000000,0.000273,0.000000,0.000000,0.000000,0.000273,0.000000,0.000000,0.000273,0.000000,0.000000,0.000000,0.000000,0.000273,0.000000,0.000273,0.000000,0.000000,0.000273,0.000000
manufacturing,7,0.000000,0.000000,0.000000,0.000000,0.000000,0.000000,0.000000,0.000273,0.000000,0.000000,0.000273,0.000546,0.000000,0.000000,0.000000,0.000273,0.000000,0.000000,0.000000,0.000000,0.000273,0.000273
following,7,0.000000,0.000000,0.000000,0.000000,0.000000,0.000546,0.000000,0.000546,0.000273,0.000000,0.000000,0.000000,0.000000,0.000273,0.000000,0.000000,0.000000,0.000000,0.000000,0.000000,0.000000,0.000273
finding,7,0.000000,0.000000,0.000000,0.000000,0.000000,0.000000,0.000000,0.000000,0.000546,0.000000,0.000273,0.000000,0.000000,0.000000,0.000000,0.000273,0.000000,0.000546,0.000000,0.000273,0.000000,0.000000
enabling,7,0.000000,0.000273,0.000000,0.000000,0.000000,0.000000,0.000000,0.000000,0.000000,0.000000,0.000000,0.000000,0.000273,0.000000,0.000000,0.000000,0.000000,0.000000,0.000546,0.000273,0.000273,0.000273
sensing,6,0.000000,0.000000,0.000000,0.000000,0.000000,0.000000,0.000000,0.000819,0.000000,0.000000,0.000000,0.000000,0.000000,0.000000,0.000273,0.000546,0.000000,0.000000,0.000000,0.000000,0.000000,0.000000
saying,6,0.000000,0.000000,0.000000,0.000000,0.001092,0.000000,0.000273,0.000000,0.000000,0.000000,0.000000,0.000000,0.000000,0.000000,0.000273,0.000000,0.000000,0.000000,0.000000,0.000000,0.000000,0.000000
regarding,6,0.000000,0.000000,0.000000,0.000000,0.000273,0.000000,0.000000,0.000000,0.000000,0.000000,0.000000,0.000273,0.000000,0.000273,0.000000,0.000273,0.000000,0.000000,0.000000,0.000000,0.000000,0.000546
operating,6,0.000000,0.000273,0.000000,0.000000,0.000000,0.000273,0.000000,0.000000,0.000000,0.000273,0.000000,0.000000,0.000000,0.000273,0.000273,0.000000,0.000000,0.000000,0.000000,0.000000,0.000273,0.000000
forming,6,0.000000,0.000000,0.000000,0.000000,0.000000,0.000273,0.000000,0.000000,0.000000,0.000000,0.000000,0.000000,0.000000,0.000000,0.000000,0.000273,0.000000,0.000546,0.000273,0.000273,0.000000,0.000000
emanating,6,0.000000,0.000000,0.000000,0.000000,0.000000,0.000000,0.000000,0.000000,0.000000,0.000000,0.000000,0.000000,0.000000,0.000273,0.000000,0.000273,0.000000,0.000273,0.000000,0.000000,0.000273,0.000000
allowing,6,0.000000,0.000000,0.000000,0.000000,0.000000,0.000000,0.000000,0.000000,0.000000,0.000000,0.000546,0.000273,0.000000,0.000000,0.000273,0.000000,0.000000,0.000000,0.000000,0.000000,0.000273,0.000273
winning,5,0.000000,0.000000,0.000000,0.000000,0.000000,0.000000,0.000273,0.000273,0.000000,0.000273,0.000000,0.000000,0.000000,0.000273,0.000000,0.000000,0.000000,0.000000,0.000000,0.000000,0.000000,0.000000
resulting,5,0.000000,0.000000,0.000000,0.000000,0.000000,0.000000,0.000273,0.000273,0.000000,0.000000,0.000000,0.000000,0.000000,0.000273,0.000000,0.000000,0.000273,0.000000,0.000000,0.000000,0.000000,0.000273
moving,5,0.000000,0.000000,0.000000,0.000273,0.000000,0.000000,0.000000,0.000000,0.000000,0.000000,0.000000,0.000273,0.000000,0.000546,0.000000,0.000000,0.000000,0.000000,0.000000,0.000000,0.000000,0.000273
launching,5,0.000000,0.000000,0.000000,0.000000,0.000273,0.000000,0.000546,0.000000,0.000000,0.000000,0.000273,0.000000,0.000000,0.000000,0.000000,0.000000,0.000000,0.000000,0.000000,0.000273,0.000000,0.000000
indicating,5,0.000000,0.000000,0.000000,0.000000,0.000273,0.000000,0.000000,0.000000,0.000000,0.000000,0.000000,0.000000,0.000000,0.000000,0.000273,0.000000,0.000000,0.000000,0.000000,0.000273,0.000000,0.000000
heating,5,0.000000,0.000000,0.000000,0.000000,0.000546,0.000000,0.000000,0.000273,0.000000,0.000000,0.000000,0.000000,0.000000,0.000546,0.000000,0.000000,0.000000,0.000000,0.000000,0.000000,0.000000,0.000000
hearing,5,0.000000,0.000000,0.000000,0.000000,0.000000,0.000000,0.000000,0.000000,0.000000,0.000000,0.000000,0.000000,0.000000,0.000000,0.000000,0.000000,0.000000,0.000273,0.000000,0.000273,0.000273,0.000546
changing,5,0.000000,0.000000,0.000000,0.000000,0.000273,0.000273,0.000000,0.000000,0.000000,0.000000,0.000000,0.000000,0.000000,0.000000,0.000000,0.000819,0.000000,0.000000,0.000000,0.000000,0.000000,0.000000
analyzing,5,0.000000,0.000000,0.000000,0.000000,0.000273,0.000000,0.000273,0.000000,0.000000,0.000000,0.000000,0.000000,0.000000,0.000000,0.000000,0.000546,0.000000,0.000000,0.000000,0.000000,0.000000,0.000000
warming,4,0.000000,0.000000,0.000000,0.000000,0.000273,0.000819,0.000000,0.000000,0.000000,0.000000,0.000000,0.000000,0.000000,0.000000,0.000000,0.000000,0.000000,0.000000,0.000000,0.000000,0.000000,0.000000
traveling,4,0.000000,0.000000,0.000000,0.000000,0.000000,0.000000,0.000000,0.000000,0.000000,0.000000,0.000000,0.000000,0.000000,0.000273,0.000273,0.000000,0.000000,0.000000,0.000273,0.000000,0.000000,0.000000
tracking,4,0.000000,0.000000,0.000000,0.000000,0.000000,0.000000,0.000000,0.000000,0.000000,0.000000,0.000000,0.000819,0.000000,0.000000,0.000000,0.000000,0.000000,0.000000,0.000000,0.000000,0.000000,0.000273
ranging,4,0.000000,0.000000,0.000000,0.000000,0.000000,0.000000,0.000000,0.000000,0.000000,0.000000,0.000000,0.000000,0.000000,0.000000,0.000000,0.000000,0.000273,0.000273,0.000000,0.000273,0.000000,0.000000
producing,4,0.000000,0.000000,0.000000,0.000000,0.000000,0.000000,0.000000,0.000000,0.000000,0.000546,0.000000,0.000000,0.000000,0.000000,0.000000,0.000273,0.000000,0.000000,0.000000,0.000000,0.000000,0.000000
monitoring,4,0.000000,0.000000,0.000000,0.000000,0.000000,0.000000,0.000546,0.000000,0.000000,0.000000,0.000000,0.000000,0.000000,0.000273,0.000000,0.000546,0.000000,0.000000,0.000000,0.000000,0.000000,0.000000
looking,4,0.000000,0.000000,0.000000,0.000000,0.000546,0.000000,0.000000,0.000273,0.000000,0.000000,0.000000,0.000000,0.000000,0.000000,0.000273,0.000000,0.000000,0.000000,0.000000,0.000000,0.000000,0.000000
learning,4,0.000000,0.000000,0.000000,0.000000,0.000000,0.000273,0.000273,0.000000,0.000000,0.000000,0.000000,0.000000,0.000000,0.000000,0.000000,0.000000,0.000000,0.000000,0.000273,0.000000,0.000000,0.000000
involving,4,0.000000,0.000000,0.000000,0.000000,0.000000,0.000546,0.000000,0.000000,0.000000,0.000273,0.000000,0.000000,0.000000,0.000000,0.000000,0.000000,0.000000,0.000000,0.000000,0.000000,0.000273,0.000000
increasing,4,0.000000,0.000000,0.000000,0.000000,0.000000,0.000273,0.000000,0.000000,0.000000,0.000000,0.000000,0.000000,0.000000,0.000000,0.000273,0.000000,0.000000,0.000000,0.000000,0.000000,0.000273,0.000273
growing,4,0.000000,0.000000,0.000000,0.000000,0.000000,0.000000,0.000000,0.000000,0.000000,0.000000,0.000000,0.000000,0.000000,0.000000,0.000000,0.000000,0.000000,0.000000,0.000819,0.000000,0.000273,0.000000
gathering,4,0.000000,0.000000,0.000000,0.000000,0.000000,0.000000,0.000000,0.000000,0.000000,0.000000,0.000273,0.000000,0.000000,0.000273,0.000000,0.000000,0.000273,0.000000,0.000000,0.000000,0.000000,0.000000
focusing,4,0.000000,0.000000,0.000000,0.000000,0.000273,0.000000,0.000273,0.000000,0.000000,0.000000,0.000000,0.000000,0.000000,0.000000,0.000273,0.000000,0.000000,0.000000,0.000000,0.000000,0.000273,0.000000
exploding,4,0.000273,0.000000,0.000000,0.000000,0.000000,0.000000,0.000000,0.000000,0.000000,0.000000,0.000000,0.000000,0.000000,0.000000,0.000000,0.000273,0.000000,0.000000,0.000000,0.000273,0.000000,0.000273
examining,4,0.000000,0.000000,0.000000,0.000000,0.000000,0.000000,0.000000,0.000000,0.000000,0.000000,0.000000,0.000000,0.000000,0.000273,0.000546,0.000273,0.000000,0.000000,0.000000,0.000000,0.000000,0.000000
building,4,0.000000,0.000000,0.000000,0.000000,0.000000,0.000000,0.000000,0.000000,0.000000,0.000000,0.000000,0.000000,0.000000,0.000273,0.000000,0.000000,0.000273,0.000000,0.000000,0.000273,0.000000,0.000000
trying,3,0.000000,0.000000,0.000000,0.000000,0.000273,0.000000,0.000000,0.000546,0.000000,0.000000,0.000000,0.000000,0.000000,0.000000,0.000000,0.000000,0.000000,0.000000,0.000000,0.000000,0.000000,0.000000
totaling,3,0.000000,0.000000,0.000000,0.000000,0.000000,0.000000,0.000000,0.000000,0.000000,0.000000,0.000000,0.000000,0.000000,0.000000,0.000000,0.000000,0.000000,0.000000,0.000273,0.000000,0.000000,0.000273
supporting,3,0.000000,0.000000,0.000000,0.000000,0.000000,0.000000,0.000000,0.000000,0.000000,0.000000,0.000000,0.000000,0.000000,0.000000,0.000000,0.000000,0.000000,0.000273,0.000000,0.000000,0.000273,0.000000
showing,3,0.000000,0.000000,0.000000,0.000000,0.000000,0.000000,0.000000,0.000000,0.000000,0.000000,0.000000,0.000000,0.000273,0.000000,0.000000,0.000000,0.000000,0.000273,0.000000,0.000000,0.000273,0.000000
seeking,3,0.000000,0.000000,0.000000,0.000000,0.000000,0.000273,0.000273,0.000273,0.000000,0.000000,0.000000,0.000000,0.000000,0.000000,0.000000,0.000000,0.000000,0.000000,0.000000,0.000000,0.000000,0.000000
sampling,3,0.000000,0.000000,0.000000,0.000000,0.000000,0.000273,0.000000,0.000000,0.000000,0.000000,0.000000,0.000000,0.000273,0.000000,0.000273,0.000000,0.000000,0.000000,0.000000,0.000000,0.000000,0.000000
revealing,3,0.000000,0.000000,0.000000,0.000000,0.000000,0.000000,0.000000,0.000000,0.000000,0.000000,0.000000,0.000000,0.000000,0.000000,0.000273,0.000273,0.000000,0.000000,0.000000,0.000000,0.000000,0.000000
returning,3,0.000000,0.000000,0.000000,0.000000,0.000273,0.000000,0.000000,0.000000,0.000000,0.000000,0.000000,0.000000,0.000000,0.000000,0.000273,0.000000,0.000000,0.000000,0.000000,0.000000,0.000000,0.000000
reducing,3,0.000000,0.000000,0.000000,0.000000,0.000000,0.000273,0.000000,0.000000,0.000000,0.000000,0.000273,0.000000,0.000000,0.000000,0.000000,0.000000,0.000000,0.000000,0.000273,0.000000,0.000000,0.000000
recurring,3,0.000000,0.000000,0.000000,0.000000,0.000000,0.000000,0.000000,0.000000,0.000000,0.000000,0.000000,0.000000,0.000000,0.000000,0.000000,0.000819,0.000000,0.000000,0.000000,0.000000,0.000000,0.000000
missing,3,0.000000,0.000000,0.000000,0.000000,0.000000,0.000273,0.000000,0.000000,0.000546,0.000000,0.000000,0.000000,0.000000,0.000000,0.000000,0.000000,0.000000,0.000000,0.000000,0.000000,0.000000,0.000000
marking,3,0.000000,0.000000,0.000000,0.000000,0.000000,0.000000,0.000000,0.000000,0.000000,0.000000,0.000000,0.000273,0.000000,0.000273,0.000000,0.000000,0.000273,0.000000,0.000000,0.000000,0.000000,0.000000
living,3,0.000000,0.000000,0.000000,0.000000,0.000000,0.000000,0.000273,0.000000,0.000273,0.000000,0.000000,0.000000,0.000000,0.000000,0.000000,0.000000,0.000000,0.000000,0.000000,0.000000,0.000273,0.000000
falling,3,0.000000,0.000000,0.000000,0.000000,0.000000,0.000273,0.000000,0.000000,0.000000,0.000000,0.000000,0.000000,0.000000,0.000000,0.000546,0.000000,0.000000,0.000000,0.000000,0.000000,0.000000,0.000000
extending,3,0.000000,0.000000,0.000000,0.000000,0.000000,0.000000,0.000000,0.000000,0.000000,0.000000,0.000000,0.000000,0.000000,0.000273,0.000000,0.000273,0.000000,0.000000,0.000000,0.000000,0.000273,0.000000
evaluating,3,0.000000,0.000000,0.000000,0.000000,0.000000,0.000000,0.000273,0.000000,0.000000,0.000000,0.000000,0.000000,0.000273,0.000000,0.000000,0.000000,0.000273,0.000000,0.000000,0.000000,0.000000,0.000000
ending,3,0.000000,0.000000,0.000000,0.000000,0.000000,0.000000,0.000273,0.000273,0.000000,0.000000,0.000000,0.000000,0.000000,0.000000,0.000000,0.000273,0.000000,0.000000,0.000000,0.000000,0.000000,0.000000
designing,3,0.000000,0.000000,0.000000,0.000000,0.000000,0.000273,0.000000,0.000000,0.000000,0.000000,0.000000,0.000000,0.000273,0.000000,0.000000,0.000000,0.000000,0.000000,0.000000,0.000000,0.000000,0.000273
cooling,3,0.000000,0.000000,0.000000,0.000000,0.000546,0.000000,0.000000,0.000273,0.000000,0.000000,0.000000,0.000000,0.000000,0.000000,0.000000,0.000000,0.000000,0.000000,0.000000,0.000000,0.000000,0.000000
containing,3,0.000000,0.000000,0.000000,0.000000,0.000000,0.000000,0.000000,0.000000,0.000000,0.000000,0.000000,0.000000,0.000000,0.000000,0.000000,0.000273,0.000000,0.000000,0.000273,0.000000,0.000273,0.000000
concerning,3,0.000000,0.000000,0.000000,0.000000,0.000000,0.000000,0.000273,0.000000,0.000000,0.000000,0.000000,0.000000,0.000000,0.000000,0.000000,0.000273,0.000000,0.000273,0.000000,0.000000,0.000000,0.000000
completing,3,0.000000,0.000000,0.000000,0.000000,0.000000,0.000000,0.000000,0.000000,0.000273,0.000000,0.000000,0.000000,0.000000,0.000273,0.000000,0.000000,0.000000,0.000000,0.000000,0.000000,0.000000,0.000000
causing,3,0.000000,0.000000,0.000000,0.000000,0.000000,0.000000,0.000000,0.000000,0.000000,0.000000,0.000000,0.000000,0.000273,0.000000,0.000000,0.000000,0.000000,0.000273,0.000273,0.000000,0.000000,0.000000
carrying,3,0.000000,0.000000,0.000000,0.000000,0.000000,0.000000,0.000000,0.000000,0.000000,0.000000,0.000000,0.000000,0.000000,0.000000,0.000000,0.000000,0.000273,0.000000,0.000273,0.000000,0.000273,0.000000
arriving,3,0.000273,0.000000,0.000000,0.000000,0.000000,0.000000,0.000273,0.000000,0.000000,0.000000,0.000000,0.000000,0.000000,0.000000,0.000000,0.000000,0.000000,0.000000,0.000000,0.000000,0.000273,0.000000
accounting,3,0.000000,0.000000,0.000000,0.000000,0.000273,0.000273,0.000000,0.000273,0.000000,0.000000,0.000000,0.000000,0.000000,0.000000,0.000000,0.000000,0.000000,0.000000,0.000000,0.000000,0.000000,0.000000
