using,45,0.000000,0.000309,0.000309,0.000309,0.001547,0.000619,0.000309,0.000309,0.000000,0.000619,0.000928,0.000000,0.001238,0.000619,0.000619,0.000619,0.000309,0.000000,0.000619,0.000619,0.001238,0.000928
landing,39,0.000000,0.000309,0.000928,0.000000,0.000309,0.000619,0.000309,0.000619,0.000000,0.000928,0.002475,0.000000,0.000928,0.000928,0.000619,0.000000,0.000000,0.000619,0.000619,0.000309,0.000309,0.000619
according,38,0.000309,0.000000,0.000000,0.000000,0.001547,0.001238,0.001547,0.000000,0.000000,0.000619,0.000928,0.000619,0.000000,0.000309,0.000928,0.000000,0.000309,0.001238,0.001238,0.000000,0.000309,0.000309
including,34,0.000000,0.000309,0.000309,0.000309,0.000000,0.000928,0.000000,0.000309,0.000000,0.000309,0.000619,0.000309,0.000619,0.000309,0.000619,0.000619,0.000309,0.000928,0.000619,0.000928,0.000309,0.000619
orbiting,20,0.000000,0.000309,0.000309,0.000309,0.000000,0.000309,0.000928,0.000309,0.000000,0.000000,0.000000,0.000619,0.000000,0.000000,0.000000,0.000619,0.000619,0.000000,0.000619,0.000619,0.000000,0.000619
funding,19,0.000309,0.000000,0.000000,0.000309,0.000309,0.000309,0.000619,0.000309,0.000000,0.000000,0.000000,0.000000,0.000309,0.000619,0.000000,0.000000,0.000619,0.000928,0.000619,0.000000,0.000000,0.000000
testing,15,0.000000,0.000000,0.000000,0.000619,0.000309,0.000309,0.000619,0.000309,0.000309,0.000000,0.000309,0.000309,0.000000,0.000000,0.000309,0.000000,0.000000,0.000309,0.000000,0.000000,0.000309,0.000309
mapping,14,0.000000,0.000000,0.000000,0.000309,0.000000,0.000619,0.000309,0.000000,0.000000,0.000619,0.000619,0.000000,0.001238,0.000000,0.000619,0.000000,0.000000,0.000000,0.000000,0.000000,0.000000,0.000000
following,14,0.000000,0.000309,0.000619,0.000000,0.000000,0.000309,0.000000,0.000000,0.000000,0.000000,0.000619,0.000309,0.000619,0.000619,0.000309,0.000000,0.000309,0.000000,0.000309,0.000000,0.000000,0.000000
studying,11,0.000619,0.000000,0.000309,0.000309,0.000000,0.000000,0.000000,0.000309,0.000000,0.000000,0.000000,0.000000,0.001238,0.000000,0.000000,0.000000,0.000309,0.000000,0.000000,0.000000,0.000309,0.000000
sending,11,0.000000,0.000000,0.000000,0.000309,0.000619,0.000309,0.000000,0.000000,0.000000,0.000000,0.000619,0.000000,0.000309,0.000309,0.000000,0.000000,0.000309,0.000000,0.000000,0.000619,0.000000,0.000000
engineering,11,0.000000,0.000000,0.000000,0.000000,0.000928,0.000309,0.000000,0.000619,0.000000,0.000000,0.000309,0.000000,0.000000,0.000000,0.000309,0.000309,0.000000,0.000000,0.000000,0.000619,0.000000,0.000000
launching,10,0.000928,0.000000,0.000000,0.000000,0.000309,0.000309,0.000000,0.000309,0.000000,0.000000,0.000000,0.000000,0.000309,0.000309,0.000000,0.000000,0.000000,0.000309,0.000000,0.000000,0.000000,0.000309
indicating,10,0.000000,0.000000,0.000000,0.000000,0.000000,0.000000,0.000000,0.000000,0.000000,0.000309,0.000000,0.000309,0.000619,0.000309,0.000309,0.000309,0.000000,0.000000,0.000000,0.000000,0.000000,0.000928
developing,10,0.000000,0.000309,0.000000,0.000000,0.000000,0.000309,0.000309,0.000309,0.000000,0.000000,0.000000,0.000000,0.000309,0.000309,0.000000,0.000309,0.000309,0.000309,0.000309,0.000000,0.000000,0.000000
meeting,9,0.000000,0.000309,0.000000,0.000309,0.000000,0.000000,0.000000,0.000309,0.000000,0.000000,0.000000,0.000619,0.000000,0.000309,0.000000,0.000000,0.000000,0.000000,0.000619,0.000000,0.000000,0.000309
being,9,0.000000,0.000309,0.000000,0.000309,0.000619,0.000000,0.000309,0.000619,0.000619,0.000000,0.000000,0.000000,0.000000,0.000000,0.000000,0.000000,0.000000,0.000000,0.000000,0.000000,0.000000,0.000000
working,8,0.000000,0.000000,0.000000,0.000000,0.000000,0.000309,0.000619,0.000309,0.000000,0.000000,0.000309,0.000000,0.000000,0.000619,0.000000,0.000000,0.000000,0.000000,0.000309,0.000000,0.000000,0.000000
measuring,8,0.000000,0.000000,0.000000,0.000000,0.000000,0.000000,0.000000,0.000000,0.000000,0.000309,0.000000,0.000619,0.000000,0.000000,0.000000,0.000619,0.000000,0.000000,0.000000,0.000000,0.000309,0.000309
exploring,8,0.000309,0.000000,0.000000,0.000000,0.000309,0.000000,0.000000,0.000000,0.000000,0.000000,0.000619,0.000000,0.000000,0.000000,0.000309,0.000000,0.000000,0.000000,0.000000,0.000309,0.000000,0.000000
building,8,0.000309,0.000000,0.000000,0.000619,0.000000,0.000309,0.000000,0.000000,0.000000,0.000000,0.000000,0.000000,0.000309,0.000309,0.000309,0.000000,0.000000,0.000000,0.000000,0.000000,0.000000,0.000000
producing,7,0.000000,0.000000,0.000000,0.000000,0.000309,0.000000,0.000309,0.000000,0.000000,0.000000,0.000000,0.000000,0.000000,0.000000,0.000309,0.000309,0.000000,0.000000,0.000619,0.000000,0.000000,0.000309
planning,7,0.000309,0.000000,0.000000,0.000309,0.000000,0.000309,0.000309,0.000000,0.000309,0.000000,0.000309,0.000000,0.000000,0.000000,0.000000,0.000000,0.000000,0.000000,0.000000,0.000000,0.000000,0.000309
causing,7,0.000000,0.000000,0.000309,0.000000,0.000000,0.000000,0.000000,0.000309,0.000000,0.000000,0.000619,0.000000,0.000309,0.000000,0.000309,0.000000,0.000309,0.000000,0.000000,0.000000,0.000000,0.000000
beginning,7,0.000000,0.000000,0.000000,0.000000,0.000309,0.000000,0.000309,0.000309,0.000000,0.000000,0.000000,0.000000,0.000000,0.000000,0.000000,0.000309,0.000000,0.000000,0.000619,0.000000,0.000000,0.000309
tracking,6,0.000000,0.000619,0.000000,0.000000,0.000000,0.000000,0.000000,0.000000,0.000000,0.000000,0.000000,0.000000,0.001238,0.000000,0.000000,0.000000,0.000000,0.000000,0.000000,0.000000,0.000000,0.000000
showing,6,0.000000,0.000000,0.000000,0.000000,0.000000,0.000000,0.000000,0.000309,0.000000,0.000000,0.000309,0.000309,0.000000,0.000309,0.000000,0.000000,0.000000,0.000000,0.000000,0.000000,0.000309,0.000309
leading,6,0.000000,0.000309,0.000000,0.000000,0.000000,0.000309,0.000309,0.000000,0.000000,0.000000,0.000000,0.000000,0.000000,0.000000,0.000000,0.000000,0.000000,0.000000,0.000000,0.000000,0.000309,0.000309
having,6,0.000000,0.000000,0.000309,0.000000,0.000309,0.000309,0.000000,0.000000,0.000000,0.000000,0.000000,0.000000,0.000000,0.000000,0.000309,0.000000,0.000309,0.000000,0.000309,0.000000,0.000000,0.000000
gathering,6,0.000000,0.000000,0.000000,0.000000,0.000000,0.000000,0.000000,0.000000,0.000000,0.000619,0.000619,0.000000,0.000000,0.000000,0.000309,0.000000,0.000000,0.000000,0.000309,0.000000,0.000000,0.000000
enabling,6,0.000000,0.000309,0.000000,0.000000,0.000000,0.000000,0.000000,0.000000,0.000000,0.000000,0.000309,0.000309,0.000000,0.000000,0.000000,0.000000,0.000309,0.000000,0.000000,0.000309,0.000000,0.000000
suggesting,5,0.000000,0.000000,0.000000,0.000000,0.000000,0.000000,0.000309,0.000000,0.000000,0.000000,0.000000,0.000000,0.000309,0.000309,0.000000,0.000000,0.000000,0.000000,0.000000,0.000309,0.000309,0.000000
spending,5,0.000309,0.000000,0.000000,0.000619,0.000000,0.000000,0.000000,0.000000,0.000000,0.000000,0.000000,0.000000,0.000000,0.000000,0.000000,0.000000,0.000000,0.000000,0.000619,0.000000,0.000000,0.000000
resulting,5,0.000000,0.000000,0.000000,0.000000,0.000000,0.000000,0.000000,0.000619,0.000000,0.000000,0.000000,0.000000,0.000309,0.000000,0.000000,0.000000,0.000000,0.000309,0.000000,0.000000,0.000000,0.000309
regarding,5,0.000000,0.000000,0.000000,0.000000,0.000000,0.000000,0.000000,0.000000,0.000000,0.000000,0.000309,0.000619,0.000000,0.000000,0.000309,0.000000,0.000000,0.000000,0.000309,0.000000,0.000000,0.000000
providing,5,0.000000,0.000000,0.000000,0.000000,0.000000,0.000000,0.000000,0.000000,0.000000,0.000000,0.000000,0.000000,0.000309,0.000000,0.000000,0.000000,0.000000,0.000000,0.000309,0.000000,0.000309,0.000000
preparing,5,0.000000,0.000000,0.000000,0.000000,0.000000,0.000000,0.000000,0.000000,0.000000,0.000000,0.000309,0.000000,0.000309,0.000000,0.000000,0.000000,0.000000,0.000000,0.000000,0.000309,0.000309,0.000000
making,5,0.000000,0.000000,0.000000,0.000000,0.000309,0.000000,0.000000,0.000000,0.000000,0.000000,0.000000,0.000000,0.000000,0.000309,0.000000,0.000619,0.000000,0.000000,0.000309,0.000000,0.000000,0.000000
involving,5,0.000000,0.000000,0.000000,0.000000,0.000000,0.000619,0.000000,0.000309,0.000000,0.000000,0.000000,0.000000,0.000000,0.000309,0.000000,0.000000,0.000000,0.000000,0.000000,0.000000,0.000000,0.000000
investigating,5,0.000000,0.000000,0.000000,0.000000,0.000000,0.000000,0.000000,0.000619,0.000000,0.000000,0.000000,0.000000,0.000309,0.000000,0.000000,0.000000,0.000000,0.000309,0.000309,0.000000,0.000000,0.000000
finding,5,0.000000,0.000000,0.000309,0.000000,0.000000,0.000000,0.000000,0.000000,0.000000,0.000000,0.000000,0.000619,0.000000,0.000000,0.000619,0.000000,0.000000,0.000000,0.000000,0.000000,0.000000,0.000000
conducting,5,0.000000,0.000000,0.000000,0.000000,0.000000,0.000000,0.000000,0.000000,0.000000,0.000309,0.000000,0.000000,0.000000,0.000000,0.000000,0.000000,0.000000,0.000309,0.000619,0.000309,0.000000,0.000000
concerning,5,0.000000,0.000000,0.000000,0.000619,0.000309,0.000000,0.000000,0.000309,0.000000,0.000000,0.000000,0.000000,0.000000,0.000309,0.000000,0.000000,0.000000,0.000000,0.000000,0.000000,0.000000,0.000000
allowing,5,0.000000,0.000000,0.000000,0.000000,0.000000,0.000309,0.000000,0.000000,0.000000,0.000000,0.000309,0.000000,0.000309,0.000000,0.000000,0.000000,0.000000,0.000000,0.000000,0.000000,0.000309,0.000309
weighing,4,0.000000,0.000000,0.000000,0.000000,0.000309,0.000000,0.000000,0.000000,0.000000,0.000000,0.000309,0.000000,0.000000,0.000309,0.000000,0.000000,0.000309,0.000000,0.000000,0.000000,0.000000,0.000000
traveling,4,0.000000,0.000000,0.000000,0.000000,0.000000,0.000000,0.000000,0.000000,0.000000,0.000000,0.000309,0.000000,0.000000,0.000000,0.000000,0.000000,0.000309,0.000000,0.000000,0.000000,0.000000,0.000309
surrounding,4,0.000000,0.000000,0.000309,0.000000,0.000000,0.000000,0.000000,0.000000,0.000000,0.000000,0.000619,0.000000,0.000000,0.000000,0.000000,0.000309,0.000000,0.000000,0.000000,0.000000,0.000000,0.000000
seeking,4,0.000000,0.000000,0.000000,0.000000,0.000309,0.000000,0.000000,0.000309,0.000000,0.000000,0.000309,0.000000,0.000000,0.000000,0.000000,0.000000,0.000000,0.000000,0.000000,0.000000,0.000000,0.000000
searching,4,0.000000,0.000000,0.000000,0.000000,0.000000,0.000000,0.000000,0.000000,0.000000,0.000309,0.000000,0.000309,0.000000,0.000000,0.000309,0.000000,0.000000,0.000000,0.000309,0.000000,0.000000,0.000000
revealing,4,0.000000,0.000000,0.000000,0.000000,0.000000,0.000000,0.000000,0.000000,0.000000,0.000309,0.000309,0.000309,0.000000,0.000000,0.000000,0.000000,0.000000,0.000000,0.000000,0.000000,0.000000,0.000000
representing,4,0.000000,0.000000,0.000000,0.000309,0.000000,0.000619,0.000000,0.000000,0.000000,0.000000,0.000000,0.000000,0.000000,0.000000,0.000000,0.000000,0.000000,0.000000,0.000000,0.000000,0.000000,0.000000
reaching,4,0.000000,0.000000,0.000000,0.000000,0.000000,0.000000,0.000000,0.000000,0.000000,0.000000,0.000309,0.000000,0.000000,0.000619,0.000309,0.000000,0.000000,0.000000,0.000000,0.000000,0.000000,0.000000
placing,4,0.000000,0.000000,0.000000,0.000000,0.000000,0.000000,0.000000,0.000000,0.000000,0.000000,0.000000,0.000000,0.000309,0.000000,0.000000,0.000000,0.000309,0.000000,0.000309,0.000309,0.000000,0.000000
participating,4,0.000000,0.000000,0.000000,0.000000,0.000000,0.000928,0.000000,0.000000,0.000000,0.000000,0.000000,0.000000,0.000000,0.000000,0.000000,0.000000,0.000000,0.000000,0.000000,0.000000,0.000000,0.000000
moving,4,0.000000,0.000000,0.000000,0.000000,0.000000,0.000309,0.000309,0.000000,0.000000,0.000000,0.000000,0.000000,0.000000,0.000309,0.000000,0.000000,0.000000,0.000000,0.000000,0.000000,0.000000,0.000309
looking,4,0.000000,0.000000,0.000000,0.000309,0.000000,0.000000,0.000000,0.000000,0.000000,0.000000,0.000309,0.000000,0.000000,0.000000,0.000309,0.000000,0.000000,0.000000,0.000000,0.000000,0.000000,0.000309
leaving,4,0.000000,0.000000,0.000000,0.000000,0.000000,0.000309,0.000000,0.000000,0.000000,0.000000,0.000000,0.000000,0.000000,0.000000,0.000309,0.000309,0.000000,0.000000,0.000000,0.000000,0.000000,0.000309
learning,4,0.000000,0.000000,0.000000,0.000000,0.000000,0.000000,0.000000,0.000000,0.000000,0.000309,0.000619,0.000000,0.000309,0.000000,0.000000,0.000000,0.000000,0.000000,0.000000,0.000000,0.000000,0.000000
hearing,4,0.000000,0.000000,0.000000,0.000000,0.000000,0.000000,0.000309,0.000000,0.000000,0.000000,0.000000,0.000000,0.000000,0.000000,0.000000,0.000000,0.000000,0.000309,0.000619,0.000000,0.000000,0.000000
going,4,0.000000,0.000309,0.000000,0.000000,0.000000,0.000619,0.000309,0.000000,0.000000,0.000000,0.000000,0.000000,0.000000,0.000000,0.000000,0.000000,0.000000,0.000000,0.000000,0.000000,0.000000,0.000000
flowing,4,0.000000,0.000000,0.000000,0.000000,0.000000,0.000309,0.000000,0.000000,0.000000,0.000000,0.000000,0.000000,0.000000,0.000309,0.000000,0.000000,0.000000,0.000000,0.000000,0.000309,0.000309,0.000000
firing,4,0.000000,0.000000,0.000309,0.000000,0.000000,0.000309,0.000309,0.000000,0.000000,0.000000,0.000000,0.000000,0.000000,0.000000,0.000000,0.000000,0.000309,0.000000,0.000000,0.000000,0.000000,0.000000
entering,4,0.000000,0.000000,0.000000,0.000000,0.000000,0.000000,0.000000,0.000309,0.000000,0.000309,0.000000,0.000000,0.000000,0.000000,0.000000,0.000000,0.000000,0.000000,0.000000,0.000309,0.000309,0.000000
creating,4,0.000000,0.000000,0.000000,0.000309,0.000309,0.000000,0.000000,0.000000,0.000000,0.000000,0.000000,0.000000,0.000000,0.000000,0.000000,0.000000,0.000000,0.000309,0.000309,0.000000,0.000000,0.000000
continuing,4,0.000000,0.000000,0.000000,0.000000,0.000000,0.000000,0.000000,0.000309,0.000000,0.000309,0.000000,0.000000,0.000000,0.000309,0.000000,0.000000,0.000000,0.000000,0.000000,0.000000,0.000309,0.000000
containing,4,0.000000,0.000000,0.000000,0.000000,0.000000,0.000000,0.000000,0.000000,0.000000,0.000309,0.000000,0.000309,0.000000,0.000000,0.000000,0.000000,0.000000,0.000309,0.000000,0.000000,0.000000,0.000309
collecting,4,0.000000,0.000000,0.000000,0.000000,0.000309,0.000000,0.000000,0.000000,0.000000,0.000000,0.000000,0.000000,0.000309,0.000000,0.000309,0.000000,0.000000,0.000000,0.000000,0.000309,0.000000,0.000000
becoming,4,0.000000,0.000000,0.000000,0.000000,0.000000,0.000000,0.000000,0.000309,0.000000,0.000000,0.000000,0.000309,0.000000,0.000000,0.000000,0.000000,0.000000,0.000309,0.000309,0.000000,0.000000,0.000000
writing,3,0.000000,0.000000,0.000000,0.000000,0.000000,0.000000,0.000928,0.000000,0.000000,0.000000,0.000000,0.000000,0.000000,0.000000,0.000000,0.000000,0.000000,0.000000,0.000000,0.000000,0.000000,0.000000
training,3,0.000000,0.000000,0.000000,0.000000,0.000000,0.000000,0.000000,0.000000,0.000000,0.000000,0.000000,0.000000,0.000000,0.000309,0.000000,0.000000,0.000000,0.000000,0.000000,0.000000,0.000309,0.000000
supporting,3,0.000000,0.000000,0.000000,0.000000,0.000000,0.000000,0.000000,0.000000,0.000000,0.000000,0.000000,0.000000,0.000309,0.000000,0.000000,0.000309,0.000000,0.000000,0.000000,0.000309,0.000000,0.000000
speaking,3,0.000000,0.000309,0.000309,0.000000,0.000000,0.000000,0.000309,0.000000,0.000000,0.000000,0.000000,0.000000,0.000000,0.000000,0.000000,0.000000,0.000000,0.000000,0.000000,0.000000,0.000000,0.000000
sharing,3,0.000000,0.000000,0.000000,0.000000,0.000000,0.000000,0.000000,0.000000,0.000000,0.000000,0.000000,0.000000,0.000000,0.000000,0.000000,0.000309,0.000000,0.000309,0.000000,0.000000,0.000000,0.000000
returning,3,0.000000,0.000000,0.000000,0.000000,0.000000,0.000000,0.000000,0.000000,0.000000,0.000000,0.000619,0.000000,0.000000,0.000000,0.000000,0.000000,0.000000,0.000000,0.000000,0.000000,0.000000,0.000000
requiring,3,0.000000,0.000000,0.000000,0.000000,0.000000,0.000000,0.000000,0.000000,0.000000,0.000000,0.000000,0.000000,0.000000,0.000000,0.000000,0.000000,0.000000,0.000000,0.000928,0.000000,0.000000,0.000000
reducing,3,0.000000,0.000000,0.000000,0.000000,0.000000,0.000000,0.000000,0.000309,0.000000,0.000000,0.000000,0.000000,0.000000,0.000000,0.000000,0.000000,0.000000,0.000000,0.000309,0.000309,0.000000,0.000000
overseeing,3,0.000000,0.000000,0.000000,0.000000,0.000000,0.000000,0.000000,0.000000,0.000000,0.000000,0.000309,0.000309,0.000309,0.000000,0.000000,0.000000,0.000000,0.000000,0.000000,0.000000,0.000000,0.000000
operating,3,0.000000,0.000000,0.000000,0.000000,0.000000,0.000309,0.000000,0.000000,0.000000,0.000000,0.000000,0.000000,0.000309,0.000000,0.000000,0.000000,0.000000,0.000309,0.000000,0.000000,0.000000,0.000000
noting,3,0.000000,0.000000,0.000000,0.000000,0.000000,0.000000,0.000309,0.000000,0.000000,0.000000,0.000309,0.000000,0.000000,0.000309,0.000000,0.000000,0.000000,0.000000,0.000000,0.000000,0.000000,0.000000
marking,3,0.000000,0.000000,0.000000,0.000000,0.000000,0.000000,0.000000,0.000000,0.000000,0.000309,0.000000,0.000000,0.000000,0.000000,0.000309,0.000000,0.000000,0.000000,0.000000,0.000000,0.000309,0.000000
maneuvering,3,0.000000,0.000000,0.000000,0.000619,0.000000,0.000000,0.000309,0.000000,0.000000,0.000000,0.000000,0.000000,0.000000,0.000000,0.000000,0.000000,0.000000,0.000000,0.000000,0.000000,0.000000,0.000000
insulating,3,0.000000,0.000000,0.000000,0.000000,0.000000,0.000000,0.000000,0.000000,0.000000,0.000000,0.000928,0.000000,0.000000,0.000000,0.000000,0.000000,0.000000,0.000000,0.000000,0.000000,0.000000,0.000000
increasing,3,0.000000,0.000309,0.000000,0.000000,0.000000,0.000000,0.000000,0.000309,0.000000,0.000000,0.000000,0.000000,0.000000,0.000309,0.000000,0.000000,0.000000,0.000000,0.000000,0.000000,0.000000,0.000000
helping,3,0.000000,0.000000,0.000000,0.000000,0.000000,0.000000,0.000000,0.000000,0.000000,0.000000,0.000000,0.000000,0.000309,0.000000,0.000000,0.000000,0.000000,0.000000,0.000000,0.000000,0.000309,0.000000
heating,3,0.000000,0.000000,0.000000,0.000309,0.000000,0.000000,0.000000,0.000000,0.000000,0.000000,0.000000,0.000000,0.000000,0.000000,0.000309,0.000000,0.000000,0.000000,0.000000,0.000000,0.000000,0.000309
growing,3,0.000000,0.000000,0.000000,0.000000,0.000309,0.000000,0.000309,0.000000,0.000000,0.000000,0.000309,0.000000,0.000000,0.000000,0.000000,0.000000,0.000000,0.000000,0.000000,0.000000,0.000000,0.000000
generating,3,0.000000,0.000000,0.000000,0.000000,0.000000,0.000000,0.000000,0.000000,0.000000,0.000000,0.000309,0.000000,0.000000,0.000000,0.000000,0.000000,0.000000,0.000000,0.000000,0.000000,0.000619,0.000000
flying,3,0.000000,0.000309,0.000000,0.000000,0.000000,0.000000,0.000000,0.000000,0.000309,0.000000,0.000309,0.000000,0.000000,0.000000,0.000000,0.000000,0.000000,0.000000,0.000000,0.000000,0.000000,0.000000
explaining,3,0.000000,0.000000,0.000000,0.000000,0.000000,0.000000,0.000000,0.000000,0.000000,0.000000,0.000000,0.000000,0.000000,0.000309,0.000000,0.000000,0.000000,0.000000,0.000000,0.000309,0.000000,0.000000
driving,3,0.000000,0.000000,0.000000,0.000000,0.000000,0.000000,0.000000,0.000000,0.000000,0.000000,0.000309,0.000000,0.000000,0.000000,0.000000,0.000000,0.000000,0.000000,0.000000,0.000000,0.000309,0.000000
drawing,3,0.000000,0.000000,0.000000,0.000000,0.000000,0.000000,0.000000,0.000309,0.000000,0.000309,0.000000,0.000000,0.000000,0.000309,0.000000,0.000000,0.000000,0.000000,0.000000,0.000000,0.000000,0.000000
determining,3,0.000000,0.000000,0.000000,0.000000,0.000000,0.000000,0.000000,0.000000,0.000000,0.000309,0.000000,0.000000,0.000000,0.000000,0.000000,0.000000,0.000000,0.000309,0.000000,0.000309,0.000000,0.000000
covering,3,0.000000,0.000000,0.000000,0.000000,0.000000,0.000000,0.000000,0.000000,0.000000,0.000000,0.000000,0.000000,0.000000,0.000000,0.000309,0.000000,0.000309,0.000000,0.000000,0.000000,0.000000,0.000000
confirming,3,0.000000,0.000000,0.000000,0.000000,0.000000,0.000000,0.000309,0.000000,0.000000,0.000000,0.000000,0.000000,0.000000,0.000000,0.000000,0.000000,0.000000,0.000000,0.000000,0.000000,0.000000,0.000309
comprising,3,0.000000,0.000000,0.000000,0.000000,0.000000,0.000000,0.000000,0.000000,0.000000,0.000000,0.000000,0.000000,0.000000,0.000000,0.000000,0.000000,0.000000,0.000000,0.000309,0.000000,0.000000,0.000309
completing,3,0.000000,0.000000,0.000000,0.000000,0.000309,0.000000,0.000000,0.000000,0.000000,0.000000,0.000000,0.000000,0.000000,0.000000,0.000000,0.000000,0.000000,0.000000,0.000000,0.000619,0.000000,0.000000
communicating,3,0.000000,0.000000,0.000000,0.000000,0.000000,0.000000,0.000000,0.000000,0.000000,0.000000,0.000000,0.000000,0.000619,0.000000,0.000000,0.000000,0.000000,0.000000,0.000000,0.000000,0.000000,0.000309
carrying,3,0.000000,0.000000,0.000000,0.000000,0.000000,0.000309,0.000000,0.000000,0.000000,0.000000,0.000000,0.000309,0.000309,0.000000,0.000000,0.000000,0.000000,0.000000,0.000000,0.000000,0.000000,0.000000
braking,3,0.000309,0.000000,0.000309,0.000000,0.000000,0.000000,0.000000,0.000309,0.000000,0.000000,0.000000,0.000000,0.000000,0.000000,0.000000,0.000000,0.000000,0.000000,0.000000,0.000000,0.000000,0.000000
arriving,3,0.000000,0.000000,0.000000,0.000000,0.000000,0.000000,0.000000,0.000000,0.000000,0.000000,0.000000,0.000000,0.000000,0.000000,0.000000,0.000000,0.000000,0.000000,0.000309,0.000309,0.000000,0.000000
altering,3,0.000000,0.000000,0.000000,0.000000,0.000000,0.000000,0.000000,0.000000,0.000000,0.000000,0.000309,0.000000,0.000309,0.000000,0.000000,0.000000,0.000000,0.000309,0.000000,0.000000,0.000000,0.000000
acting,3,0.000000,0.000000,0.000000,0.000000,0.000000,0.000000,0.000000,0.000000,0.000000,0.000000,0.000000,0.000000,0.000000,0.000309,0.000000,0.000000,0.000309,0.000309,0.000000,0.000000,0.000000,0.000000
accomplishing,3,0.000000,0.000000,0.000000,0.000309,0.000000,0.000000,0.000000,0.000309,0.000000,0.000000,0.000000,0.000000,0.000000,0.000000,0.000000,0.000000,0.000000,0.000000,0.000000,0.000309,0.000000,0.000000
