the iss,344,0.000000,0.000000,0.000000,0.000000,0.000000,0.000000,0.000000,0.000000,0.000000,0.005292,0.005292,0.006174,0.002646,0.009261,0.022933,0.008820,0.010143,0.009702,0.010143,0.012348,0.014994,0.018964
the russian,315,0.000441,0.000000,0.000000,0.000000,0.000882,0.008820,0.008379,0.016759,0.005292,0.010143,0.020287,0.009261,0.004851,0.011466,0.010143,0.003969,0.003969,0.002646,0.003087,0.006615,0.003087,0.004851
the first,169,0.000882,0.002646,0.000000,0.000000,0.001323,0.004851,0.003087,0.008379,0.004410,0.004851,0.007056,0.005733,0.001323,0.005292,0.002205,0.000882,0.001764,0.000882,0.004851,0.004410,0.002205,0.002646
the space,161,0.000000,0.001323,0.000000,0.000000,0.000882,0.004410,0.003969,0.011907,0.001764,0.003087,0.006174,0.007497,0.001764,0.005292,0.008379,0.000441,0.001323,0.002205,0.000441,0.001764,0.001764,0.001323
a russian,103,0.000000,0.000000,0.000000,0.000000,0.000000,0.007056,0.003528,0.005733,0.001764,0.000441,0.001764,0.001764,0.004851,0.002646,0.000441,0.000882,0.001764,0.000882,0.001323,0.002205,0.003528,0.003087
the crew,102,0.000000,0.000000,0.000000,0.000000,0.000000,0.000441,0.000000,0.001323,0.000000,0.002205,0.005292,0.003528,0.000441,0.003528,0.003087,0.000000,0.001764,0.005292,0.004410,0.005292,0.004851,0.001764
the mir,85,0.000441,0.000882,0.002205,0.000000,0.000882,0.003528,0.004851,0.003087,0.002646,0.004410,0.006615,0.002205,0.001764,0.002646,0.000882,0.000000,0.000000,0.000000,0.000441,0.000000,0.000000,0.000000
the station,81,0.000000,0.000000,0.000000,0.000000,0.000000,0.000000,0.001323,0.006174,0.000441,0.002205,0.003528,0.001764,0.002205,0.006615,0.001764,0.000000,0.001323,0.001323,0.001323,0.001323,0.000000,0.000000
the launch,59,0.000000,0.000882,0.000000,0.000000,0.000000,0.000882,0.000441,0.002646,0.000441,0.001323,0.001323,0.001764,0.004410,0.003087,0.003087,0.000441,0.000882,0.000000,0.001323,0.000441,0.001323,0.000441
the mission,42,0.000000,0.000000,0.000000,0.000000,0.000000,0.000882,0.000882,0.000882,0.000441,0.001323,0.002646,0.000441,0.000000,0.003528,0.003087,0.000441,0.000000,0.000441,0.000441,0.000882,0.001764,0.000000
the soyuz,40,0.000441,0.000000,0.000441,0.000000,0.000000,0.001323,0.000000,0.001764,0.000441,0.000882,0.001323,0.000882,0.000000,0.000000,0.001764,0.001764,0.001764,0.000000,0.000882,0.000000,0.001323,0.001323
the satellite,35,0.000000,0.000441,0.000000,0.000000,0.000000,0.000000,0.000000,0.000882,0.000000,0.000441,0.001764,0.001323,0.001764,0.000441,0.001323,0.000441,0.000882,0.000000,0.002205,0.001323,0.000000,0.001323
the shuttle,32,0.000000,0.000441,0.000000,0.000000,0.000000,0.000882,0.000441,0.002205,0.000441,0.000882,0.002646,0.001323,0.000882,0.001323,0.001323,0.000000,0.000000,0.000000,0.000000,0.000441,0.000000,0.000000
the european,31,0.000000,0.000000,0.000000,0.000000,0.000000,0.001323,0.001764,0.004851,0.000441,0.000000,0.000882,0.000441,0.000882,0.000882,0.000441,0.000000,0.000441,0.000000,0.000000,0.000441,0.000441,0.000441
the baikonur,30,0.000000,0.001323,0.000882,0.000000,0.001764,0.000882,0.001764,0.003087,0.000882,0.000000,0.000000,0.000000,0.000000,0.000000,0.000441,0.000000,0.000000,0.000000,0.000441,0.000441,0.000000,0.001323
the spacewalk,28,0.000000,0.000000,0.000000,0.000000,0.000000,0.000000,0.000000,0.000000,0.000000,0.000000,0.002646,0.001764,0.000882,0.000441,0.000882,0.000000,0.000441,0.001764,0.000000,0.000441,0.001764,0.000882
the craft,28,0.000000,0.000000,0.000000,0.000000,0.000000,0.000000,0.000000,0.000441,0.000441,0.000882,0.001323,0.000000,0.000441,0.000882,0.000441,0.000000,0.001764,0.000000,0.001764,0.000000,0.001764,0.000441
a soyuz,27,0.000441,0.000441,0.000441,0.000000,0.000882,0.000441,0.001323,0.000882,0.000441,0.000000,0.000000,0.000441,0.000000,0.000441,0.000000,0.000000,0.000882,0.000000,0.000882,0.001323,0.000000,0.001764
the agreement,26,0.000000,0.000000,0.000000,0.000000,0.000000,0.000000,0.001764,0.002646,0.000441,0.000441,0.000441,0.000441,0.000441,0.000000,0.001323,0.000000,0.000882,0.000000,0.000441,0.000000,0.001764,0.000000
a spacewalk,26,0.000000,0.000441,0.000000,0.000000,0.000000,0.000441,0.000000,0.000000,0.000441,0.000000,0.000882,0.000441,0.000441,0.000441,0.001764,0.000000,0.000441,0.000441,0.000441,0.001764,0.001323,0.000882
the second,24,0.000882,0.000441,0.000000,0.000000,0.000000,0.000000,0.000000,0.001764,0.000000,0.000441,0.001323,0.001764,0.000882,0.000441,0.000441,0.000000,0.000882,0.000000,0.000441,0.000000,0.000000,0.000441
the project,23,0.000000,0.000441,0.000000,0.000000,0.000000,0.000441,0.000441,0.002646,0.000441,0.001764,0.001764,0.000882,0.000000,0.000882,0.000000,0.000000,0.000000,0.000000,0.000000,0.000000,0.000000,0.000000
an agreement,19,0.000000,0.000000,0.000000,0.000000,0.000000,0.000882,0.001323,0.000882,0.000000,0.000441,0.000000,0.000441,0.000441,0.000441,0.000441,0.000000,0.000441,0.000000,0.001323,0.000000,0.000882,0.000000
a space,19,0.000000,0.000882,0.000000,0.000000,0.000000,0.003087,0.001323,0.000441,0.001323,0.000000,0.000441,0.000441,0.000000,0.000000,0.000000,0.000000,0.000000,0.000000,0.000000,0.000441,0.000000,0.000000
the american,18,0.000000,0.000000,0.000000,0.000000,0.000441,0.000882,0.001323,0.001323,0.000000,0.000441,0.001323,0.000000,0.000000,0.000882,0.000441,0.000000,0.000000,0.000000,0.000000,0.000441,0.000000,0.000441
the spacecraft,17,0.000000,0.000000,0.000000,0.000000,0.000000,0.001323,0.000000,0.000000,0.000000,0.000441,0.000000,0.000441,0.000000,0.000000,0.001764,0.000000,0.000000,0.000000,0.001323,0.000441,0.000000,0.001323
the expedition,17,0.000000,0.000000,0.000000,0.000000,0.000000,0.000441,0.000441,0.000000,0.000000,0.000000,0.000000,0.000000,0.000000,0.000441,0.000000,0.000000,0.000882,0.000441,0.000882,0.000441,0.000441,0.002205
a series,17,0.000000,0.000441,0.000000,0.000000,0.000000,0.000882,0.000882,0.001323,0.001323,0.000000,0.000000,0.000000,0.000000,0.000441,0.000882,0.000000,0.000000,0.000000,0.000441,0.000000,0.000000,0.000000
the third,16,0.000000,0.000000,0.000000,0.000000,0.000000,0.000882,0.000000,0.000441,0.000000,0.000882,0.000441,0.000441,0.000000,0.000441,0.000000,0.000441,0.000441,0.000000,0.000000,0.000441,0.000441,0.000882
the progress,16,0.000000,0.000000,0.000441,0.000441,0.000000,0.000000,0.000000,0.000441,0.000000,0.000000,0.001764,0.000000,0.000882,0.000441,0.001323,0.000000,0.000000,0.000882,0.000441,0.000000,0.000000,0.000000
the module,16,0.000000,0.000000,0.000000,0.000000,0.000000,0.000000,0.000000,0.000441,0.000000,0.000882,0.000000,0.001323,0.000000,0.001764,0.000882,0.000000,0.000000,0.000000,0.000000,0.000000,0.001764,0.000000
the future,16,0.000000,0.000000,0.000000,0.000000,0.000000,0.001323,0.000441,0.000441,0.000000,0.001323,0.000882,0.000882,0.000000,0.000000,0.000441,0.000000,0.000000,0.000000,0.000882,0.000000,0.000441,0.000000
the docking,16,0.000000,0.000000,0.000000,0.000000,0.000000,0.000000,0.000441,0.001323,0.000000,0.000000,0.000441,0.000882,0.000000,0.000000,0.000000,0.000000,0.000000,0.000000,0.000441,0.000441,0.000882,0.001323
the rocket,15,0.000000,0.000000,0.000000,0.000000,0.000441,0.000000,0.000882,0.001323,0.000000,0.000441,0.000000,0.000441,0.000441,0.000000,0.000000,0.000441,0.000441,0.000000,0.000441,0.000000,0.000441,0.000441
a crew,15,0.000000,0.000000,0.000000,0.000000,0.000000,0.000000,0.000000,0.000882,0.000000,0.000882,0.001323,0.000882,0.000000,0.000441,0.000441,0.000000,0.000000,0.000000,0.000882,0.000000,0.000000,0.000441
the house,14,0.000000,0.000000,0.000000,0.000000,0.000000,0.000000,0.000441,0.002646,0.000000,0.000000,0.000441,0.000441,0.000000,0.000000,0.000000,0.000000,0.000000,0.000000,0.000882,0.000000,0.000000,0.000441
the cost,14,0.000000,0.000000,0.000000,0.000000,0.000000,0.000441,0.000000,0.002646,0.000000,0.000882,0.000000,0.001323,0.000441,0.000000,0.000000,0.000000,0.000441,0.000000,0.000000,0.000000,0.000000,0.000000
an american,14,0.000000,0.000000,0.000000,0.000000,0.000000,0.001323,0.000882,0.000441,0.000000,0.000000,0.000882,0.000882,0.000000,0.000000,0.000000,0.000000,0.000000,0.000000,0.000000,0.000000,0.000000,0.001764
the zvezda,13,0.000000,0.000000,0.000000,0.000000,0.000000,0.000000,0.000000,0.000000,0.000000,0.000000,0.000000,0.000000,0.000000,0.001323,0.000000,0.000000,0.000000,0.000000,0.000441,0.000441,0.000882,0.000882
the time,13,0.000000,0.000000,0.000000,0.000000,0.000441,0.000000,0.000441,0.000000,0.000000,0.000882,0.000000,0.000882,0.000000,0.000882,0.000882,0.000000,0.000000,0.000000,0.000882,0.000000,0.000000,0.000000
the program,13,0.000000,0.000000,0.000000,0.000000,0.000000,0.000441,0.000000,0.001323,0.000000,0.000441,0.000441,0.001764,0.000441,0.000441,0.000000,0.000000,0.000000,0.000000,0.000000,0.000441,0.000000,0.000000
a nasa,12,0.000000,0.000000,0.000000,0.000000,0.000000,0.000000,0.000882,0.001323,0.000000,0.000000,0.000882,0.000441,0.000000,0.000000,0.000000,0.000000,0.000000,0.000000,0.000441,0.001323,0.000000,0.000000
a member,12,0.000000,0.000000,0.000000,0.000000,0.000000,0.000000,0.000000,0.000000,0.000000,0.000000,0.000441,0.000441,0.000000,0.000000,0.000441,0.000882,0.000441,0.000882,0.000882,0.000000,0.000882,0.000000
the sun,11,0.000000,0.000000,0.000000,0.000000,0.000000,0.001323,0.000000,0.000882,0.000000,0.000000,0.000882,0.000000,0.000000,0.000441,0.000441,0.000000,0.000000,0.000000,0.000000,0.000000,0.000000,0.000000
the flight,11,0.000000,0.000000,0.000000,0.000000,0.000000,0.000000,0.000441,0.000882,0.000000,0.000441,0.000882,0.000000,0.000882,0.000000,0.000441,0.000000,0.000441,0.000000,0.000000,0.000441,0.000000,0.000000
the experiment,11,0.000000,0.000882,0.000000,0.000000,0.000000,0.000000,0.000882,0.000441,0.000000,0.000000,0.000000,0.000000,0.000441,0.000000,0.000000,0.000000,0.000000,0.000000,0.000000,0.000000,0.000000,0.000882
the event,11,0.000000,0.000000,0.000000,0.000000,0.000000,0.000000,0.000000,0.000000,0.000000,0.000000,0.001764,0.001323,0.000441,0.000000,0.000000,0.000000,0.000000,0.000000,0.000000,0.000441,0.000441,0.000000
the end,11,0.000000,0.000000,0.000000,0.000000,0.000000,0.000441,0.000000,0.000882,0.000000,0.000000,0.000882,0.000000,0.000441,0.000441,0.000882,0.000000,0.000000,0.000000,0.000441,0.000441,0.000000,0.000000
the crash,11,0.000000,0.000000,0.000000,0.000000,0.000000,0.000000,0.000000,0.000000,0.000000,0.000441,0.001764,0.000000,0.002646,0.000000,0.000000,0.000000,0.000000,0.000000,0.000000,0.000000,0.000000,0.000000
the use,10,0.000000,0.000000,0.000000,0.000000,0.000000,0.000441,0.000441,0.000882,0.000000,0.000000,0.000441,0.000000,0.000441,0.000000,0.000441,0.000000,0.000441,0.000000,0.000441,0.000441,0.000000,0.000000
the earth,10,0.000441,0.000441,0.000000,0.000000,0.000441,0.000000,0.000882,0.000441,0.000441,0.000000,0.000000,0.000000,0.000000,0.001323,0.000000,0.000000,0.000000,0.000000,0.000000,0.000000,0.000000,0.000000
the company,10,0.000000,0.000000,0.000000,0.000000,0.000000,0.000000,0.000000,0.000000,0.000000,0.000000,0.000882,0.000000,0.000882,0.001323,0.000882,0.000000,0.000441,0.000000,0.000000,0.000000,0.000000,0.000000
the cargo,10,0.000000,0.000000,0.000000,0.000000,0.000000,0.000000,0.000000,0.000000,0.000882,0.000000,0.000441,0.000882,0.000000,0.000000,0.000882,0.000000,0.000000,0.000000,0.000000,0.000000,0.000000,0.001323
the boeing,10,0.000000,0.000000,0.000000,0.000000,0.000000,0.000441,0.000000,0.000000,0.000441,0.001764,0.000000,0.000882,0.000441,0.000441,0.000000,0.000000,0.000000,0.000000,0.000000,0.000000,0.000000,0.000000
the atmosphere,10,0.000000,0.000441,0.000000,0.000441,0.000000,0.000000,0.000441,0.000441,0.000000,0.000000,0.000882,0.000000,0.000000,0.000882,0.000000,0.000000,0.000000,0.000000,0.000000,0.000000,0.000441,0.000441
a soyuz-u,10,0.000000,0.000000,0.000000,0.000000,0.000000,0.000000,0.000000,0.000000,0.000000,0.000000,0.000000,0.000000,0.000441,0.000000,0.001764,0.000000,0.000441,0.000000,0.000000,0.000882,0.000000,0.000882
a cargo,10,0.000000,0.000000,0.000000,0.000000,0.000000,0.000000,0.000000,0.000441,0.000000,0.000441,0.001323,0.000000,0.000441,0.000441,0.000882,0.000000,0.000000,0.000000,0.000000,0.000000,0.000000,0.000000
the year,9,0.000000,0.000000,0.000000,0.000000,0.000000,0.000882,0.000441,0.000882,0.000441,0.000000,0.000000,0.000000,0.000000,0.000000,0.000441,0.000000,0.000000,0.000000,0.000000,0.000000,0.000441,0.000000
the world,9,0.000000,0.000000,0.000000,0.000000,0.000000,0.001764,0.000000,0.000000,0.000000,0.000000,0.000000,0.000000,0.000441,0.000441,0.000882,0.000000,0.000000,0.000000,0.000000,0.000441,0.000000,0.000000
the week,9,0.000000,0.000000,0.000000,0.000000,0.000000,0.000000,0.000882,0.001764,0.000000,0.000000,0.000000,0.000882,0.000000,0.000441,0.000000,0.000000,0.000000,0.000000,0.000000,0.000000,0.000000,0.000000
the russian-built,9,0.000000,0.000000,0.000000,0.000000,0.000000,0.000441,0.000000,0.000441,0.000000,0.000441,0.000000,0.000441,0.000000,0.001323,0.000000,0.000000,0.000000,0.000000,0.000441,0.000000,0.000000,0.000441
the report,9,0.000000,0.000441,0.000000,0.000000,0.000000,0.000000,0.000441,0.000441,0.000000,0.000441,0.000000,0.001323,0.000441,0.000441,0.000000,0.000000,0.000000,0.000000,0.000000,0.000000,0.000000,0.000000
the contract,9,0.000000,0.000000,0.000000,0.000000,0.000000,0.001323,0.000441,0.000441,0.000441,0.000000,0.000000,0.000000,0.000000,0.000000,0.000000,0.000000,0.000000,0.000000,0.000441,0.000000,0.000000,0.000882
the canadian,9,0.000000,0.000000,0.000000,0.000000,0.000000,0.000000,0.000000,0.000882,0.000000,0.000000,0.000000,0.000441,0.000000,0.000000,0.000882,0.000441,0.000882,0.000000,0.000000,0.000000,0.000000,0.000000
an astronaut,9,0.000000,0.000441,0.000000,0.000000,0.000000,0.000000,0.000000,0.000882,0.000000,0.000441,0.000000,0.000000,0.000000,0.000000,0.000441,0.000000,0.000000,0.000000,0.000441,0.000000,0.000000,0.001323
a year,9,0.000000,0.000000,0.000000,0.000000,0.000000,0.000000,0.000882,0.000000,0.000000,0.000000,0.000000,0.001323,0.000000,0.000882,0.000000,0.000000,0.000441,0.000000,0.000000,0.000000,0.000000,0.000000
a satellite,9,0.000000,0.000000,0.000000,0.000000,0.000000,0.001323,0.000441,0.000441,0.000000,0.000441,0.000000,0.000441,0.000000,0.000000,0.000000,0.000000,0.000000,0.000000,0.000441,0.000441,0.000000,0.000000
a proton,9,0.000000,0.000000,0.000441,0.000000,0.000000,0.000000,0.000000,0.000000,0.000000,0.000000,0.000000,0.000000,0.002205,0.000882,0.000000,0.000000,0.000000,0.000000,0.000000,0.000441,0.000000,0.000000
a german,9,0.000000,0.000000,0.000000,0.000000,0.000000,0.000441,0.000000,0.001764,0.000000,0.000000,0.000441,0.000000,0.000000,0.000000,0.000000,0.000000,0.000000,0.000000,0.000000,0.000000,0.000882,0.000000
the proton,8,0.000000,0.000000,0.000000,0.000000,0.000000,0.000000,0.000441,0.000000,0.000000,0.000000,0.000000,0.000000,0.000882,0.001764,0.000000,0.000000,0.000000,0.000000,0.000000,0.000000,0.000000,0.000000
the problem,8,0.000000,0.000000,0.000000,0.000000,0.000000,0.000000,0.000000,0.000000,0.000000,0.000441,0.000000,0.000882,0.000000,0.001323,0.000000,0.000000,0.000000,0.000000,0.000441,0.000000,0.000441,0.000000
the possibility,8,0.000000,0.000441,0.000000,0.000000,0.000441,0.001323,0.000882,0.000000,0.000000,0.000000,0.000000,0.000000,0.000441,0.000000,0.000000,0.000000,0.000000,0.000000,0.000000,0.000000,0.000000,0.000000
the pair,8,0.000000,0.000000,0.000000,0.000000,0.000000,0.000000,0.000000,0.000000,0.000000,0.000000,0.000000,0.001764,0.000441,0.000000,0.000882,0.000000,0.000000,0.000000,0.000000,0.000000,0.000000,0.000000
the failure,8,0.000000,0.000000,0.000000,0.000000,0.000000,0.000000,0.000000,0.001323,0.000000,0.000441,0.000882,0.000000,0.000882,0.000000,0.000000,0.000000,0.000000,0.000000,0.000000,0.000000,0.000000,0.000000
the delay,8,0.000000,0.000000,0.000000,0.000000,0.000000,0.000000,0.000000,0.000882,0.000000,0.000882,0.000882,0.000441,0.000441,0.000000,0.000000,0.000000,0.000000,0.000000,0.000000,0.000000,0.000000,0.000000
the construction,8,0.000000,0.000000,0.000000,0.000000,0.000000,0.000000,0.000000,0.000000,0.000000,0.000441,0.001323,0.000441,0.000441,0.000000,0.000000,0.000441,0.000441,0.000000,0.000000,0.000000,0.000000,0.000000
the washington,7,0.000000,0.000000,0.000000,0.000000,0.000000,0.000000,0.003087,0.000000,0.000000,0.000000,0.000000,0.000000,0.000000,0.000000,0.000000,0.000000,0.000000,0.000000,0.000000,0.000000,0.000000,0.000000
the tether,7,0.000000,0.000000,0.000000,0.000000,0.000000,0.000000,0.000000,0.000000,0.000000,0.000000,0.000000,0.000000,0.000000,0.000000,0.000000,0.000000,0.000000,0.000000,0.000000,0.000000,0.003087,0.000000
the six,7,0.000000,0.000000,0.000000,0.000000,0.000000,0.000000,0.000000,0.002205,0.000000,0.000000,0.000882,0.000000,0.000000,0.000000,0.000000,0.000000,0.000000,0.000000,0.000000,0.000000,0.000000,0.000000
the purpose,7,0.000000,0.000441,0.000000,0.000000,0.000000,0.000441,0.000000,0.000000,0.000000,0.000000,0.000441,0.000882,0.000000,0.000000,0.000000,0.000000,0.000441,0.000441,0.000000,0.000000,0.000000,0.000000
the plesetsk,7,0.000000,0.000000,0.000000,0.000000,0.000000,0.000000,0.000000,0.001323,0.000000,0.000441,0.000000,0.000000,0.000441,0.000000,0.000441,0.000000,0.000000,0.000000,0.000000,0.000441,0.000000,0.000000
the ozone,7,0.000000,0.000000,0.000000,0.000000,0.000000,0.000000,0.000000,0.003087,0.000000,0.000000,0.000000,0.000000,0.000000,0.000000,0.000000,0.000000,0.000000,0.000000,0.000000,0.000000,0.000000,0.000000
the office,7,0.000000,0.000000,0.000000,0.001764,0.000000,0.000000,0.000000,0.000441,0.000000,0.000000,0.000000,0.000441,0.000000,0.000000,0.000000,0.000000,0.000000,0.000000,0.000000,0.000000,0.000000,0.000000
the moon,7,0.000000,0.000000,0.000000,0.000000,0.000441,0.000000,0.000441,0.000441,0.000441,0.000000,0.000000,0.000000,0.000000,0.000441,0.000000,0.000000,0.000000,0.000000,0.000882,0.000000,0.000000,0.000000
the installation,7,0.000000,0.000000,0.000000,0.000000,0.000000,0.000000,0.000000,0.000882,0.000000,0.000000,0.000000,0.000000,0.000441,0.000000,0.000441,0.000000,0.000000,0.000000,0.000000,0.000000,0.000882,0.000000
the fall,7,0.000000,0.000000,0.000000,0.000000,0.000000,0.000000,0.000000,0.000441,0.000000,0.000441,0.000441,0.000441,0.000000,0.000000,0.000000,0.000000,0.000000,0.000000,0.000000,0.000000,0.000000,0.000441
the development,7,0.000000,0.000000,0.000000,0.000000,0.000000,0.000000,0.000000,0.000000,0.000000,0.000441,0.000000,0.000000,0.000441,0.000441,0.000000,0.000000,0.000000,0.000000,0.000000,0.000000,0.000441,0.000000
the decision,7,0.000000,0.000000,0.000000,0.000000,0.000000,0.000000,0.000441,0.001323,0.000000,0.000000,0.000441,0.000441,0.000000,0.000441,0.000000,0.000000,0.000000,0.000000,0.000000,0.000000,0.000000,0.000000
the collision,7,0.000000,0.000000,0.000000,0.000000,0.000000,0.000000,0.000000,0.000000,0.000000,0.000000,0.002646,0.000000,0.000000,0.000000,0.000000,0.000000,0.000000,0.000000,0.000000,0.000000,0.000000,0.000000
the agency,7,0.000000,0.000000,0.000000,0.000000,0.000000,0.000000,0.000882,0.000441,0.000000,0.000000,0.000000,0.000441,0.000000,0.000441,0.000000,0.000000,0.000000,0.000000,0.000441,0.000000,0.000000,0.000441
a team,7,0.000000,0.000000,0.000000,0.000000,0.000000,0.000000,0.001323,0.000441,0.000441,0.000441,0.000000,0.000000,0.000000,0.000000,0.000000,0.000000,0.000000,0.000000,0.000000,0.000000,0.000000,0.000000
a docking,7,0.000000,0.000000,0.000000,0.000000,0.000000,0.000441,0.000000,0.000441,0.000000,0.000000,0.000441,0.000000,0.000000,0.000000,0.000000,0.000000,0.000441,0.000000,0.000000,0.000000,0.000000,0.000882
a contract,7,0.000000,0.000000,0.000000,0.000000,0.000000,0.000441,0.000882,0.000441,0.000441,0.000000,0.000000,0.000441,0.000000,0.000000,0.000000,0.000000,0.000000,0.000000,0.000441,0.000000,0.000000,0.000000
a collision,7,0.000000,0.000441,0.000000,0.000000,0.000000,0.000000,0.000000,0.000000,0.000000,0.000000,0.000882,0.000882,0.000441,0.000000,0.000441,0.000000,0.000000,0.000000,0.000000,0.000000,0.000000,0.000000
the work,6,0.000000,0.000000,0.000000,0.000000,0.000000,0.000000,0.000000,0.000882,0.000441,0.000000,0.000441,0.000441,0.000000,0.000000,0.000000,0.000000,0.000000,0.000000,0.000000,0.000000,0.000000,0.000000
the test,6,0.000000,0.000000,0.000000,0.000000,0.000000,0.000441,0.000441,0.000000,0.000441,0.000000,0.000000,0.000441,0.000441,0.000000,0.000000,0.000000,0.000000,0.000000,0.000000,0.000000,0.000441,0.000000
the system,6,0.000000,0.000000,0.000000,0.000000,0.000000,0.000441,0.000000,0.000882,0.000000,0.000000,0.000441,0.000000,0.000000,0.000000,0.000000,0.000000,0.000000,0.000000,0.000000,0.000000,0.000882,0.000000
the spektr,6,0.000000,0.000000,0.000000,0.000000,0.000000,0.000000,0.000000,0.000441,0.000000,0.000000,0.001764,0.000441,0.000000,0.000000,0.000000,0.000000,0.000000,0.000000,0.000000,0.000000,0.000000,0.000000
the size,6,0.000000,0.000000,0.000000,0.000000,0.000000,0.000000,0.000000,0.000441,0.000000,0.000441,0.000000,0.000000,0.000000,0.000441,0.000000,0.000000,0.000882,0.000000,0.000000,0.000000,0.000000,0.000000
the sea,6,0.000000,0.000000,0.000000,0.000000,0.000000,0.000000,0.000000,0.000000,0.000000,0.000000,0.000000,0.000000,0.000882,0.000882,0.000000,0.000000,0.000000,0.000000,0.000000,0.000441,0.000441,0.000000
the result,6,0.000000,0.000000,0.000000,0.000000,0.000000,0.000000,0.000000,0.000882,0.000000,0.000000,0.000441,0.000441,0.000000,0.000441,0.000000,0.000000,0.000000,0.000000,0.000000,0.000000,0.000000,0.000000
the research,6,0.000000,0.000000,0.000000,0.000000,0.000441,0.000441,0.000000,0.000441,0.000000,0.000000,0.000441,0.000000,0.000000,0.000000,0.000441,0.000000,0.000000,0.000000,0.000000,0.000000,0.000000,0.000000
the record,6,0.000000,0.000000,0.000000,0.000000,0.000000,0.000000,0.000000,0.001323,0.000000,0.000000,0.000000,0.000000,0.000000,0.000000,0.000000,0.000000,0.000000,0.000000,0.000000,0.000000,0.000000,0.000441
the impact,6,0.000000,0.000882,0.000000,0.000000,0.000000,0.000000,0.000441,0.000000,0.000000,0.000882,0.000000,0.000000,0.000000,0.000000,0.000000,0.000000,0.000000,0.000000,0.000000,0.000000,0.000441,0.000000
the ground,6,0.000000,0.000000,0.000000,0.000000,0.000000,0.000441,0.000000,0.000882,0.000000,0.000000,0.000000,0.000441,0.000441,0.000000,0.000000,0.000000,0.000000,0.000000,0.000000,0.000000,0.000000,0.000000
the government,6,0.000000,0.000000,0.000000,0.000000,0.000000,0.000441,0.000000,0.000000,0.000000,0.000441,0.000000,0.000882,0.000000,0.000441,0.000000,0.000000,0.000441,0.000000,0.000000,0.000000,0.000000,0.000000
the german,6,0.000000,0.000000,0.000000,0.000000,0.000000,0.000000,0.000441,0.001323,0.000000,0.000000,0.000882,0.000000,0.000000,0.000000,0.000000,0.000000,0.000000,0.000000,0.000000,0.000000,0.000000,0.000000
the design,6,0.000000,0.000000,0.000000,0.000000,0.000000,0.000000,0.000882,0.000000,0.000441,0.000000,0.000000,0.000000,0.000441,0.000000,0.000441,0.000000,0.000000,0.000000,0.000441,0.000000,0.000000,0.000000
the course,6,0.000000,0.000000,0.000000,0.000000,0.000000,0.000441,0.000000,0.000000,0.000000,0.000000,0.000441,0.000441,0.000000,0.000882,0.000000,0.000000,0.000000,0.000000,0.000000,0.000000,0.000441,0.000000
the completion,6,0.000000,0.000000,0.000000,0.000441,0.000000,0.000000,0.000000,0.000441,0.000000,0.000441,0.000441,0.000441,0.000000,0.000000,0.000000,0.000000,0.000000,0.000000,0.000000,0.000000,0.000441,0.000000
the clinton,6,0.000000,0.000000,0.000000,0.000000,0.000000,0.000000,0.001323,0.001323,0.000000,0.000000,0.000000,0.000000,0.000000,0.000000,0.000000,0.000000,0.000000,0.000000,0.000000,0.000000,0.000000,0.000000
the atv,6,0.000000,0.000000,0.000000,0.000000,0.000000,0.000000,0.000000,0.000000,0.000000,0.000000,0.000000,0.000000,0.000000,0.000000,0.000000,0.000000,0.000000,0.000000,0.000882,0.000000,0.000441,0.001323
the age,6,0.000000,0.000000,0.000000,0.000000,0.000000,0.000000,0.000000,0.000000,0.000000,0.000000,0.000000,0.000000,0.000441,0.000882,0.000000,0.000000,0.000000,0.000000,0.000000,0.000441,0.000000,0.000441
a variety,6,0.000000,0.000000,0.000000,0.000000,0.000000,0.000000,0.000882,0.000000,0.000000,0.000441,0.000000,0.000000,0.000000,0.000000,0.000000,0.000000,0.000000,0.000000,0.000441,0.000000,0.000441,0.000000
a six-month,6,0.000000,0.000000,0.000000,0.000000,0.000000,0.000000,0.000000,0.000000,0.000000,0.000000,0.000000,0.000441,0.000441,0.000000,0.000000,0.000000,0.000882,0.000441,0.000000,0.000441,0.000000,0.000000
a problem,6,0.000000,0.000000,0.000000,0.000000,0.000441,0.000000,0.000000,0.000882,0.000000,0.000000,0.000882,0.000000,0.000000,0.000000,0.000000,0.000000,0.000000,0.000441,0.000000,0.000000,0.000000,0.000000
a mission,6,0.000000,0.000000,0.000000,0.000000,0.000000,0.000000,0.000000,0.000441,0.000441,0.000000,0.000441,0.000441,0.000441,0.000441,0.000000,0.000000,0.000000,0.000000,0.000000,0.000000,0.000000,0.000000
the way,5,0.000000,0.000000,0.000000,0.000000,0.000000,0.000000,0.000000,0.000000,0.000882,0.000000,0.000000,0.000000,0.000441,0.000000,0.000441,0.000000,0.000000,0.000000,0.000441,0.000000,0.000000,0.000000
the university,5,0.000000,0.000441,0.000000,0.000000,0.000000,0.000441,0.000882,0.000000,0.000000,0.000000,0.000000,0.000000,0.000000,0.000000,0.000000,0.000000,0.000000,0.000000,0.000000,0.000000,0.000441,0.000000
the transfer,5,0.000000,0.000000,0.000000,0.000000,0.000000,0.000441,0.000882,0.000000,0.000000,0.000000,0.000000,0.000441,0.000000,0.000000,0.000441,0.000000,0.000000,0.000000,0.000000,0.000000,0.000000,0.000000
the three-person,5,0.000000,0.000000,0.000000,0.000000,0.000000,0.000000,0.000000,0.000000,0.000000,0.000000,0.000882,0.000000,0.000000,0.000000,0.000882,0.000000,0.000441,0.000000,0.000000,0.000000,0.000000,0.000000
the study,5,0.000000,0.000000,0.000000,0.000000,0.000000,0.000441,0.000000,0.000000,0.000000,0.000000,0.000000,0.000441,0.000882,0.000441,0.000000,0.000000,0.000000,0.000000,0.000000,0.000000,0.000000,0.000000
the safety,5,0.000000,0.000000,0.000000,0.000000,0.000000,0.000000,0.000000,0.000000,0.000000,0.000000,0.000441,0.000441,0.000000,0.000000,0.000441,0.000000,0.000000,0.000000,0.000000,0.000441,0.000441,0.000000
the right,5,0.000000,0.000000,0.000000,0.000000,0.000000,0.000441,0.000000,0.000000,0.000000,0.000000,0.001323,0.000000,0.000000,0.000000,0.000441,0.000000,0.000000,0.000000,0.000000,0.000000,0.000000,0.000000
the repair,5,0.000000,0.000000,0.000000,0.000000,0.000000,0.000000,0.000000,0.000000,0.000000,0.000000,0.001323,0.000882,0.000000,0.000000,0.000000,0.000000,0.000000,0.000000,0.000000,0.000000,0.000000,0.000000
the president,5,0.000000,0.000000,0.000000,0.000000,0.000000,0.000000,0.000000,0.000000,0.000000,0.000441,0.000000,0.000000,0.000441,0.000000,0.000441,0.000000,0.000000,0.000000,0.000441,0.000000,0.000000,0.000441
the panel,5,0.000000,0.000000,0.000000,0.000000,0.000000,0.000000,0.000441,0.000441,0.000000,0.000000,0.000441,0.000441,0.000000,0.000000,0.000000,0.000441,0.000000,0.000000,0.000000,0.000000,0.000000,0.000000
the nasa,5,0.000000,0.000000,0.000000,0.000000,0.000000,0.000000,0.000882,0.000441,0.000000,0.000000,0.000000,0.000000,0.000000,0.000441,0.000000,0.000000,0.000000,0.000000,0.000000,0.000000,0.000000,0.000000
the middle,5,0.000000,0.000000,0.000000,0.000000,0.000000,0.000441,0.000000,0.000441,0.000000,0.000000,0.000000,0.000000,0.000441,0.000000,0.000000,0.000000,0.000441,0.000000,0.000000,0.000441,0.000000,0.000000
the martian,5,0.000000,0.000000,0.000000,0.000000,0.000000,0.000000,0.000882,0.000000,0.000000,0.000000,0.000000,0.000000,0.000000,0.000000,0.000000,0.000000,0.000000,0.000000,0.000000,0.000000,0.001323,0.000000
the khrunichev,5,0.000000,0.000000,0.000000,0.000000,0.000000,0.000000,0.000000,0.000000,0.000441,0.000000,0.000000,0.000000,0.000000,0.000000,0.000882,0.000000,0.000000,0.000000,0.000882,0.000000,0.000000,0.000000
the june,5,0.000000,0.000000,0.000000,0.000000,0.000000,0.000000,0.000000,0.000441,0.000000,0.000000,0.001323,0.000000,0.000000,0.000441,0.000000,0.000000,0.000000,0.000000,0.000000,0.000000,0.000000,0.000000
the iran,5,0.000000,0.000000,0.000000,0.000000,0.000000,0.000000,0.000000,0.000000,0.000000,0.000000,0.000000,0.000000,0.000000,0.000000,0.000000,0.000000,0.000882,0.000000,0.000882,0.000000,0.000000,0.000441
the group,5,0.000000,0.000000,0.000000,0.000000,0.000000,0.000000,0.000882,0.000000,0.000000,0.000000,0.000000,0.000441,0.000882,0.000000,0.000000,0.000000,0.000000,0.000000,0.000000,0.000000,0.000000,0.000000
the effort,5,0.000000,0.000000,0.000000,0.000000,0.000000,0.000882,0.000441,0.000000,0.000000,0.000441,0.000441,0.000000,0.000000,0.000000,0.000000,0.000000,0.000000,0.000000,0.000000,0.000000,0.000000,0.000000
the effect,5,0.000000,0.000441,0.000000,0.000000,0.000000,0.000441,0.000000,0.000441,0.000000,0.000000,0.000000,0.000000,0.000000,0.000000,0.000441,0.000000,0.000000,0.000000,0.000000,0.000000,0.000441,0.000000
the cause,5,0.000000,0.000000,0.000000,0.000000,0.000000,0.000000,0.000000,0.000000,0.000000,0.000000,0.000000,0.000000,0.000441,0.000882,0.000000,0.000000,0.000000,0.000000,0.000000,0.000000,0.000441,0.000441
the buran,5,0.000000,0.000441,0.000000,0.000000,0.000000,0.000882,0.000000,0.000441,0.000000,0.000000,0.000000,0.000000,0.000000,0.000441,0.000000,0.000000,0.000000,0.000000,0.000000,0.000000,0.000000,0.000000
the backup,5,0.000000,0.000000,0.000000,0.000000,0.000000,0.000000,0.000441,0.000000,0.000000,0.000000,0.000000,0.000000,0.000000,0.000000,0.000000,0.000441,0.000000,0.001323,0.000000,0.000000,0.000000,0.000000
the appointment,5,0.000000,0.000000,0.000000,0.000000,0.000000,0.000441,0.000000,0.000441,0.000000,0.000000,0.000000,0.000000,0.000882,0.000000,0.000000,0.000000,0.000000,0.000000,0.000000,0.000441,0.000000,0.000000
an emergency,5,0.000000,0.000000,0.000000,0.000000,0.000000,0.000000,0.000000,0.000000,0.000000,0.000000,0.000441,0.000000,0.000000,0.000441,0.000441,0.000441,0.000000,0.000000,0.000441,0.000000,0.000000,0.000000
a waiver,5,0.000000,0.000000,0.000000,0.000000,0.000000,0.000000,0.000000,0.000000,0.000000,0.000000,0.000000,0.000000,0.000000,0.000000,0.000441,0.000000,0.001323,0.000000,0.000000,0.000000,0.000000,0.000441
a system,5,0.000000,0.000000,0.000000,0.000000,0.000000,0.000441,0.000000,0.000441,0.000000,0.000000,0.000000,0.000000,0.000000,0.000000,0.000000,0.000000,0.000000,0.000000,0.000441,0.000441,0.000000,0.000000
a pair,5,0.000000,0.000000,0.000000,0.000000,0.000000,0.000441,0.000441,0.000000,0.000000,0.000000,0.000000,0.000000,0.000000,0.000441,0.000000,0.000000,0.000000,0.000000,0.000000,0.000441,0.000000,0.000000
a module,5,0.000000,0.000000,0.000000,0.000000,0.000000,0.000441,0.000000,0.000000,0.000000,0.000000,0.000000,0.000000,0.000000,0.000882,0.000441,0.000000,0.000000,0.000000,0.000000,0.000000,0.000441,0.000000
a delay,5,0.000000,0.000000,0.000000,0.000000,0.000000,0.000000,0.000441,0.000441,0.000000,0.000000,0.000000,0.000441,0.000441,0.000000,0.000000,0.000000,0.000000,0.000000,0.000000,0.000000,0.000000,0.000441
the trip,4,0.000000,0.000000,0.000000,0.000000,0.000000,0.000882,0.000000,0.000441,0.000000,0.000000,0.000000,0.000000,0.000000,0.000000,0.000441,0.000000,0.000000,0.000000,0.000000,0.000000,0.000000,0.000000
the son,4,0.000000,0.000000,0.000000,0.000000,0.000000,0.000000,0.000000,0.000000,0.000000,0.000000,0.000441,0.000000,0.000000,0.000000,0.000000,0.000000,0.000000,0.000000,0.000000,0.000000,0.000000,0.001323
the shenzhou,4,0.000000,0.000000,0.000000,0.000000,0.000000,0.000000,0.000000,0.000000,0.000000,0.000000,0.000000,0.000000,0.000000,0.000000,0.000441,0.000000,0.001323,0.000000,0.000000,0.000000,0.000000,0.000000
the service,4,0.000000,0.000000,0.000000,0.000000,0.000000,0.000000,0.000000,0.000000,0.000000,0.000441,0.000441,0.000441,0.000000,0.000441,0.000000,0.000000,0.000000,0.000000,0.000000,0.000000,0.000000,0.000000
the series,4,0.000000,0.000000,0.000000,0.000000,0.000000,0.000441,0.000000,0.000441,0.000000,0.000000,0.000000,0.000441,0.000000,0.000000,0.000000,0.000000,0.000000,0.000000,0.000441,0.000000,0.000000,0.000000
the selection,4,0.000000,0.000000,0.000000,0.000000,0.000000,0.000441,0.000000,0.000882,0.000000,0.000000,0.000000,0.000000,0.000000,0.000000,0.000000,0.000000,0.000000,0.000000,0.000000,0.000000,0.000441,0.000000
the return,4,0.000000,0.000000,0.000000,0.000000,0.000000,0.000000,0.000000,0.000000,0.000000,0.000441,0.000000,0.000441,0.000000,0.000441,0.000000,0.000000,0.000000,0.000000,0.000000,0.000000,0.000441,0.000000
the radar,4,0.000000,0.000000,0.000000,0.000000,0.000441,0.000000,0.000000,0.001323,0.000000,0.000000,0.000000,0.000000,0.000000,0.000000,0.000000,0.000000,0.000000,0.000000,0.000000,0.000000,0.000000,0.000000
the production,4,0.000000,0.000000,0.000000,0.000000,0.000000,0.000000,0.000000,0.000000,0.000000,0.001323,0.000000,0.000441,0.000000,0.000000,0.000000,0.000000,0.000000,0.000000,0.000000,0.000000,0.000000,0.000000
the probe,4,0.000000,0.000000,0.000000,0.000000,0.000000,0.000882,0.000000,0.000000,0.000000,0.000882,0.000000,0.000000,0.000000,0.000000,0.000000,0.000000,0.000000,0.000000,0.000000,0.000000,0.000000,0.000000
the prince,4,0.000000,0.000000,0.000000,0.000000,0.000000,0.000000,0.000000,0.000000,0.000000,0.000000,0.000000,0.000000,0.000000,0.000000,0.001764,0.000000,0.000000,0.000000,0.000000,0.000000,0.000000,0.000000
the presence,4,0.000000,0.000000,0.000000,0.000000,0.000000,0.000000,0.000000,0.000441,0.000000,0.000000,0.000000,0.000000,0.000000,0.000882,0.000000,0.000441,0.000000,0.000000,0.000000,0.000000,0.000000,0.000000
the plan,4,0.000000,0.000000,0.000000,0.000000,0.000000,0.000882,0.000000,0.000000,0.000000,0.000441,0.000000,0.000000,0.000000,0.000000,0.000441,0.000000,0.000000,0.000000,0.000000,0.000000,0.000000,0.000000
the kazakhstan,4,0.000000,0.000000,0.000000,0.000000,0.000000,0.000441,0.000000,0.000000,0.000000,0.000000,0.000000,0.000000,0.001323,0.000000,0.000000,0.000000,0.000000,0.000000,0.000000,0.000000,0.000000,0.000000
the johnson,4,0.000000,0.000000,0.000000,0.000000,0.000000,0.000000,0.000441,0.000882,0.000441,0.000000,0.000000,0.000000,0.000000,0.000000,0.000000,0.000000,0.000000,0.000000,0.000000,0.000000,0.000000,0.000000
the itar-tass,4,0.000000,0.000000,0.000000,0.000000,0.000000,0.000882,0.000441,0.000441,0.000000,0.000000,0.000000,0.000000,0.000000,0.000000,0.000000,0.000000,0.000000,0.000000,0.000000,0.000000,0.000000,0.000000
the history,4,0.000000,0.000000,0.000000,0.000000,0.000000,0.000000,0.000000,0.000000,0.000000,0.000000,0.000882,0.000000,0.000000,0.000000,0.000441,0.000000,0.000000,0.000000,0.000000,0.000000,0.000441,0.000000
the formation,4,0.000000,0.000000,0.000000,0.000000,0.000000,0.000441,0.000441,0.000000,0.000000,0.000000,0.000000,0.000000,0.000000,0.000000,0.000000,0.000000,0.000000,0.000000,0.000000,0.000000,0.000000,0.000441
the fire,4,0.000000,0.000000,0.000000,0.000000,0.000000,0.000000,0.000000,0.000000,0.000000,0.000000,0.001764,0.000000,0.000000,0.000000,0.000000,0.000000,0.000000,0.000000,0.000000,0.000000,0.000000,0.000000
the facility,4,0.000000,0.000000,0.000441,0.000000,0.000000,0.000000,0.000000,0.000441,0.000000,0.000000,0.000000,0.000000,0.000882,0.000000,0.000000,0.000000,0.000000,0.000000,0.000000,0.000000,0.000000,0.000000
the esa,4,0.000000,0.000000,0.000000,0.000000,0.000000,0.000000,0.000882,0.000000,0.000000,0.000000,0.000000,0.000000,0.000000,0.000000,0.000000,0.000000,0.000441,0.000000,0.000000,0.000000,0.000441,0.000000
the creation,4,0.000000,0.000000,0.000000,0.000000,0.000000,0.000000,0.000441,0.000000,0.000000,0.000000,0.000000,0.000000,0.000000,0.000441,0.000000,0.000000,0.000000,0.000000,0.000000,0.000000,0.000000,0.000000
the cosmonauts’,4,0.000000,0.000000,0.000000,0.000000,0.000000,0.000000,0.000000,0.000000,0.000000,0.000000,0.000000,0.000882,0.000000,0.000441,0.000000,0.000000,0.000000,0.000000,0.000000,0.000000,0.000000,0.000441
the commonwealth,4,0.000000,0.000000,0.000000,0.000000,0.000000,0.001323,0.000000,0.000000,0.000000,0.000000,0.000000,0.000000,0.000441,0.000000,0.000000,0.000000,0.000000,0.000000,0.000000,0.000000,0.000000,0.000000
the committee,4,0.000000,0.000000,0.000000,0.000000,0.000000,0.000000,0.000000,0.000882,0.000000,0.000000,0.000000,0.000000,0.000000,0.000000,0.000000,0.000000,0.000000,0.000000,0.000882,0.000000,0.000000,0.000000
the capsule,4,0.000000,0.000000,0.000000,0.000000,0.000000,0.000000,0.000000,0.000000,0.000000,0.000000,0.000000,0.000441,0.000000,0.000000,0.000000,0.000000,0.000441,0.000000,0.000000,0.000000,0.000882,0.000000
the capability,4,0.000000,0.000000,0.000000,0.000000,0.000000,0.000000,0.000441,0.000441,0.000000,0.000000,0.000441,0.000000,0.000000,0.000000,0.000000,0.000000,0.000000,0.000000,0.000441,0.000000,0.000000,0.000000
the booster,4,0.000000,0.000000,0.000000,0.000000,0.000000,0.000000,0.000441,0.000882,0.000000,0.000000,0.000000,0.000000,0.000441,0.000000,0.000000,0.000000,0.000000,0.000000,0.000000,0.000000,0.000000,0.000000
the bolt,4,0.000000,0.000000,0.000000,0.000000,0.000000,0.000000,0.000000,0.000000,0.000000,0.000000,0.000000,0.000441,0.000000,0.000000,0.000000,0.000000,0.000000,0.000000,0.000000,0.000000,0.000000,0.001323
the ban,4,0.000000,0.000000,0.000000,0.000000,0.000000,0.000000,0.000000,0.000000,0.000000,0.000000,0.000000,0.000000,0.001764,0.000000,0.000000,0.000000,0.000000,0.000000,0.000000,0.000000,0.000000,0.000000
the award,4,0.000000,0.000000,0.000000,0.000000,0.000000,0.000000,0.000000,0.000000,0.000000,0.000882,0.000000,0.000000,0.000000,0.000000,0.000882,0.000000,0.000000,0.000000,0.000000,0.000000,0.000000,0.000000
the apollo-soyuz,4,0.000000,0.000000,0.000000,0.000000,0.000000,0.000000,0.000000,0.000441,0.000441,0.000000,0.000000,0.000000,0.000000,0.000441,0.000000,0.000000,0.000000,0.000000,0.000000,0.000441,0.000000,0.000000
the antenna,4,0.000000,0.000000,0.000000,0.000000,0.000000,0.000000,0.000000,0.000000,0.000000,0.000000,0.000000,0.000000,0.000441,0.000000,0.000000,0.000000,0.000000,0.000000,0.000000,0.000000,0.000882,0.000441
an antenna,4,0.000000,0.000000,0.000000,0.000000,0.000000,0.000441,0.000000,0.000000,0.000000,0.000000,0.000000,0.000000,0.000000,0.000000,0.000000,0.000000,0.000000,0.000000,0.000000,0.000000,0.000882,0.000441
an airlock,4,0.000000,0.000000,0.000000,0.000000,0.000000,0.000000,0.000000,0.000000,0.000000,0.000000,0.000000,0.000441,0.000000,0.000000,0.000441,0.000000,0.000000,0.000000,0.000441,0.000000,0.000000,0.000000
a visit,4,0.000000,0.000000,0.000000,0.000000,0.000000,0.000000,0.000000,0.001323,0.000000,0.000000,0.000000,0.000000,0.000441,0.000000,0.000000,0.000000,0.000000,0.000000,0.000000,0.000000,0.000000,0.000000
a test,4,0.000000,0.000000,0.000000,0.000000,0.000441,0.000441,0.000000,0.000000,0.000000,0.000000,0.000000,0.000000,0.000000,0.000000,0.000000,0.000000,0.000000,0.000000,0.000000,0.000000,0.000000,0.000441
a shuttle,4,0.000000,0.000000,0.000000,0.000000,0.000000,0.000000,0.000000,0.000000,0.000441,0.000000,0.000000,0.000000,0.000000,0.000441,0.000441,0.000000,0.000000,0.000000,0.000000,0.000441,0.000000,0.000000
a second,4,0.000000,0.000000,0.000000,0.000441,0.000000,0.000441,0.000000,0.000000,0.000441,0.000000,0.000000,0.000000,0.000000,0.000000,0.000000,0.000000,0.000000,0.000000,0.000000,0.000000,0.000000,0.000000
a result,4,0.000000,0.000441,0.000000,0.000000,0.000000,0.000000,0.000882,0.000441,0.000000,0.000000,0.000000,0.000000,0.000000,0.000000,0.000000,0.000000,0.000000,0.000000,0.000000,0.000000,0.000000,0.000000
a report,4,0.000000,0.000000,0.000000,0.000000,0.000000,0.000000,0.000000,0.000441,0.000000,0.000000,0.000000,0.000000,0.000000,0.000441,0.000000,0.000000,0.000000,0.000000,0.000000,0.000000,0.000441,0.000000
a proton-k,4,0.000000,0.000000,0.000000,0.000000,0.000000,0.000000,0.000000,0.000000,0.000000,0.000000,0.000000,0.000441,0.000441,0.000441,0.000000,0.000000,0.000441,0.000000,0.000000,0.000000,0.000000,0.000000
a progress,4,0.000000,0.000000,0.000000,0.000000,0.000000,0.000000,0.000000,0.000000,0.000000,0.000000,0.000000,0.000441,0.000441,0.000882,0.000000,0.000000,0.000000,0.000000,0.000000,0.000000,0.000000,0.000000
a plan,4,0.000000,0.000000,0.000000,0.000000,0.000000,0.000882,0.000000,0.000000,0.000000,0.000000,0.000000,0.000000,0.000441,0.000000,0.000000,0.000000,0.000441,0.000000,0.000000,0.000000,0.000000,0.000000
a partnership,4,0.000000,0.000000,0.000000,0.000000,0.000000,0.000000,0.000000,0.000441,0.000000,0.000000,0.000000,0.000441,0.000000,0.000441,0.000000,0.000000,0.000000,0.000000,0.000000,0.000000,0.000000,0.000000
a number,4,0.000000,0.000000,0.000000,0.000000,0.000000,0.000000,0.000441,0.000441,0.000441,0.000000,0.000000,0.000000,0.000000,0.000000,0.000000,0.000000,0.000000,0.000000,0.000000,0.000000,0.000441,0.000000
a news,4,0.000000,0.000000,0.000000,0.000000,0.000000,0.000441,0.000441,0.000882,0.000000,0.000000,0.000000,0.000000,0.000000,0.000000,0.000000,0.000000,0.000000,0.000000,0.000000,0.000000,0.000000,0.000000
a launch,4,0.000000,0.000000,0.000000,0.000000,0.000000,0.000000,0.000000,0.000441,0.000000,0.000000,0.000000,0.000000,0.000441,0.000000,0.000000,0.000000,0.000441,0.000000,0.000000,0.000441,0.000000,0.000000
a group,4,0.000000,0.000000,0.000000,0.000000,0.000000,0.000441,0.000441,0.000000,0.000000,0.000441,0.000000,0.000000,0.000000,0.000000,0.000000,0.000000,0.000000,0.000000,0.000441,0.000000,0.000000,0.000000
a future,4,0.000000,0.000000,0.000000,0.000000,0.000000,0.000000,0.000000,0.000441,0.000882,0.000000,0.000000,0.000000,0.000000,0.000000,0.000000,0.000000,0.000000,0.000000,0.000441,0.000000,0.000000,0.000000
a cosmonaut,4,0.000000,0.000000,0.000000,0.000000,0.000000,0.000441,0.000000,0.000882,0.000000,0.000000,0.000000,0.000000,0.000000,0.000000,0.000000,0.000000,0.000441,0.000000,0.000000,0.000000,0.000000,0.000000
