carrying,63,0.000000,0.000221,0.000221,0.000000,0.000221,0.000441,0.000000,0.000662,0.000000,0.000882,0.001103,0.001544,0.001544,0.001323,0.001323,0.000221,0.000882,0.000000,0.000662,0.000441,0.000882,0.000221
including,50,0.000000,0.000000,0.000000,0.000000,0.000000,0.000441,0.000441,0.000882,0.000441,0.000441,0.000221,0.000662,0.000221,0.000662,0.000662,0.000221,0.000441,0.000000,0.001103,0.001103,0.000882,0.001103
training,45,0.000000,0.000000,0.000000,0.000000,0.000000,0.000221,0.001103,0.003749,0.000221,0.000882,0.000441,0.000441,0.000000,0.000221,0.000882,0.000221,0.000441,0.000000,0.000221,0.000221,0.000221,0.000221
landing,37,0.000000,0.000000,0.000000,0.000000,0.000000,0.000221,0.000221,0.000441,0.000000,0.000000,0.000000,0.000221,0.000000,0.000662,0.000662,0.000000,0.002205,0.000441,0.000221,0.000441,0.000882,0.000662
according,37,0.000000,0.000221,0.000000,0.000000,0.000662,0.000221,0.001103,0.001103,0.000000,0.000221,0.001544,0.000441,0.000221,0.000441,0.000221,0.000000,0.000221,0.000000,0.000882,0.000000,0.000221,0.000000
using,36,0.000000,0.000000,0.000000,0.000000,0.000221,0.000882,0.000662,0.000882,0.000000,0.000221,0.001103,0.000662,0.000441,0.000221,0.000441,0.000441,0.000882,0.000000,0.000000,0.000662,0.000000,0.000000
orbiting,33,0.000441,0.000000,0.000000,0.000000,0.000000,0.000662,0.000662,0.000662,0.000000,0.000441,0.000882,0.000000,0.000000,0.000882,0.000662,0.000000,0.000441,0.000221,0.000662,0.000221,0.000221,0.000221
funding,31,0.000000,0.000000,0.000221,0.000000,0.000000,0.000000,0.000000,0.001103,0.000221,0.001103,0.001323,0.001323,0.000000,0.000662,0.000221,0.000000,0.000000,0.000000,0.000221,0.000000,0.000000,0.000441
following,29,0.000000,0.000441,0.000000,0.000000,0.000000,0.000441,0.000662,0.001323,0.000000,0.000000,0.000662,0.000662,0.001103,0.000441,0.000000,0.000000,0.000221,0.000000,0.000221,0.000000,0.000000,0.000000
building,28,0.000000,0.000000,0.000000,0.000000,0.000000,0.000441,0.000882,0.001323,0.000221,0.001323,0.000662,0.000000,0.000662,0.000662,0.000000,0.000000,0.000000,0.000000,0.000000,0.000000,0.000000,0.000000
meeting,27,0.000000,0.000000,0.000000,0.000000,0.000000,0.000662,0.000000,0.001544,0.000000,0.000441,0.000441,0.001323,0.000000,0.000000,0.000000,0.000441,0.000000,0.000441,0.000221,0.000000,0.000221,0.000221
working,23,0.000000,0.000000,0.000000,0.000000,0.000000,0.000441,0.000441,0.001544,0.000000,0.000000,0.000000,0.000441,0.000441,0.000221,0.000000,0.000000,0.000221,0.000000,0.000000,0.000441,0.000221,0.000000
returning,22,0.000000,0.000000,0.000000,0.000000,0.000000,0.000000,0.000000,0.000000,0.000000,0.000221,0.000662,0.000662,0.000000,0.000221,0.000000,0.000000,0.001323,0.000441,0.000441,0.000000,0.000221,0.000441
launching,19,0.000000,0.000000,0.000000,0.000000,0.000000,0.000662,0.000221,0.000882,0.000221,0.000221,0.000221,0.000000,0.000221,0.000441,0.000221,0.000000,0.000662,0.000000,0.000000,0.000000,0.000000,0.000221
being,15,0.000000,0.000000,0.000000,0.000000,0.000000,0.000441,0.000441,0.002205,0.000221,0.000000,0.000000,0.000000,0.000000,0.000000,0.000000,0.000000,0.000000,0.000000,0.000000,0.000000,0.000000,0.000000
allowing,14,0.000000,0.000000,0.000000,0.000000,0.000000,0.000221,0.000000,0.000221,0.000000,0.000221,0.000221,0.000000,0.000221,0.000221,0.000662,0.000000,0.000221,0.000000,0.000441,0.000000,0.000221,0.000221
participating,13,0.000000,0.000000,0.000000,0.000000,0.000000,0.000662,0.000000,0.000000,0.000000,0.000000,0.000221,0.000882,0.000221,0.000000,0.000221,0.000221,0.000000,0.000221,0.000000,0.000000,0.000000,0.000000
regarding,12,0.000000,0.000000,0.000000,0.000000,0.000000,0.000000,0.000000,0.000000,0.000000,0.000000,0.000221,0.000441,0.000000,0.000441,0.000882,0.000221,0.000221,0.000000,0.000221,0.000000,0.000000,0.000000
monitoring,12,0.000000,0.000221,0.000000,0.000000,0.000000,0.000662,0.000000,0.000221,0.000000,0.000000,0.000441,0.000221,0.000000,0.000000,0.000221,0.000221,0.000221,0.000000,0.000000,0.000000,0.000000,0.000000
making,12,0.000000,0.000000,0.000000,0.000000,0.000000,0.000221,0.000000,0.000000,0.000000,0.000662,0.000221,0.000221,0.000000,0.000000,0.000000,0.000000,0.000000,0.000000,0.000000,0.000441,0.000000,0.000441
flying,12,0.000000,0.000000,0.000000,0.000000,0.000221,0.000221,0.000221,0.000221,0.000000,0.000000,0.000221,0.000441,0.000000,0.000441,0.000000,0.000000,0.000000,0.000000,0.000221,0.000000,0.000000,0.000000
conducting,12,0.000000,0.000000,0.000000,0.000000,0.000000,0.000000,0.000000,0.000221,0.000000,0.000000,0.000000,0.000000,0.000221,0.000662,0.000000,0.000000,0.000000,0.000221,0.000000,0.000662,0.000000,0.000441
sending,11,0.000000,0.000000,0.000000,0.000000,0.000000,0.000221,0.000441,0.000000,0.000000,0.000000,0.000441,0.000000,0.000221,0.000000,0.000441,0.000221,0.000000,0.000000,0.000000,0.000221,0.000221,0.000000
providing,11,0.000000,0.000000,0.000000,0.000000,0.000000,0.000000,0.000000,0.000221,0.000000,0.000441,0.000221,0.000221,0.000000,0.000441,0.000221,0.000000,0.000221,0.000000,0.000221,0.000000,0.000221,0.000000
operating,11,0.000000,0.000000,0.000000,0.000000,0.000000,0.000000,0.000441,0.000441,0.000000,0.000000,0.000662,0.000221,0.000221,0.000000,0.000000,0.000000,0.000000,0.000000,0.000000,0.000000,0.000221,0.000221
leaving,11,0.000000,0.000000,0.000000,0.000000,0.000000,0.000000,0.000221,0.000221,0.000000,0.000221,0.000000,0.000221,0.000221,0.000000,0.000221,0.000000,0.000221,0.000221,0.000000,0.000221,0.000221,0.000221
hearing,11,0.000000,0.000000,0.000000,0.000000,0.000000,0.000000,0.000000,0.000000,0.000000,0.000000,0.000441,0.000882,0.000000,0.000000,0.000000,0.000000,0.000000,0.000000,0.000882,0.000000,0.000000,0.000221
remaining,10,0.000000,0.000000,0.000000,0.000000,0.000000,0.000000,0.000000,0.000441,0.000000,0.000000,0.000000,0.000221,0.000000,0.000000,0.000221,0.000221,0.000221,0.000221,0.000000,0.000221,0.000000,0.000000
having,10,0.000000,0.000000,0.000000,0.000000,0.000000,0.000000,0.000000,0.000221,0.000221,0.000441,0.000221,0.000000,0.000000,0.000441,0.000441,0.000000,0.000000,0.000000,0.000000,0.000000,0.000000,0.000000
developing,10,0.000000,0.000000,0.000000,0.000000,0.000000,0.000221,0.000000,0.000221,0.000000,0.000221,0.000000,0.000000,0.000441,0.000221,0.000000,0.000221,0.000000,0.000000,0.000441,0.000000,0.000221,0.000000
causing,10,0.000000,0.000000,0.000000,0.000000,0.000221,0.000000,0.000000,0.000221,0.000000,0.000000,0.000000,0.000000,0.000221,0.000221,0.000000,0.000000,0.000000,0.000000,0.000000,0.000000,0.000882,0.000441
aging,10,0.000000,0.000000,0.000000,0.000000,0.000000,0.000000,0.000000,0.000441,0.000000,0.000441,0.000221,0.000221,0.000221,0.000221,0.000441,0.000000,0.000000,0.000000,0.000000,0.000000,0.000000,0.000000
acting,10,0.000000,0.000000,0.000000,0.000000,0.000000,0.000000,0.000000,0.000000,0.000000,0.000000,0.000662,0.000662,0.000221,0.000000,0.000000,0.000221,0.000000,0.000000,0.000000,0.000221,0.000000,0.000000
testing,9,0.000000,0.000000,0.000000,0.000000,0.000000,0.000000,0.000000,0.000662,0.000221,0.000221,0.000000,0.000000,0.000000,0.000221,0.000000,0.000000,0.000000,0.000000,0.000000,0.000000,0.000000,0.000221
living,9,0.000000,0.000000,0.000221,0.000000,0.000000,0.000000,0.000000,0.000221,0.000221,0.000000,0.000221,0.000000,0.000000,0.000662,0.000000,0.000000,0.000221,0.000000,0.000000,0.000000,0.000221,0.000000
increasing,9,0.000000,0.000000,0.000000,0.000000,0.000221,0.000000,0.000000,0.000221,0.000000,0.000000,0.000221,0.000441,0.000221,0.000441,0.000221,0.000000,0.000000,0.000000,0.000000,0.000000,0.000000,0.000000
engineering,9,0.000000,0.000000,0.000000,0.000000,0.000000,0.000000,0.000221,0.000441,0.000000,0.000000,0.000221,0.000000,0.000000,0.000221,0.000000,0.000221,0.000000,0.000000,0.000000,0.000000,0.000221,0.000221
continuing,9,0.000000,0.000000,0.000000,0.000000,0.000000,0.000000,0.000000,0.000000,0.000000,0.000441,0.000221,0.000221,0.000221,0.000441,0.000000,0.000000,0.000000,0.000000,0.000000,0.000221,0.000000,0.000221
completing,9,0.000000,0.000221,0.000000,0.000000,0.000000,0.000221,0.000000,0.000221,0.000000,0.000000,0.000441,0.000221,0.000000,0.000000,0.000000,0.000000,0.000221,0.000000,0.000000,0.000221,0.000000,0.000221
beginning,9,0.000000,0.000000,0.000000,0.000000,0.000000,0.000221,0.000221,0.000221,0.000221,0.000000,0.000000,0.000000,0.000000,0.000000,0.000000,0.000221,0.000221,0.000000,0.000000,0.000221,0.000000,0.000441
studying,8,0.000000,0.000000,0.000000,0.000000,0.000000,0.000221,0.000221,0.000221,0.000000,0.000000,0.000000,0.000000,0.000441,0.000000,0.000000,0.000000,0.000221,0.000000,0.000000,0.000000,0.000221,0.000221
spending,8,0.000000,0.000000,0.000000,0.000000,0.000221,0.000221,0.000000,0.000000,0.000000,0.000000,0.000441,0.000441,0.000000,0.000221,0.000000,0.000000,0.000000,0.000221,0.000000,0.000000,0.000000,0.000000
installing,8,0.000000,0.000000,0.000000,0.000000,0.000000,0.000000,0.000000,0.000000,0.000000,0.000000,0.000221,0.000000,0.000221,0.000441,0.000441,0.000000,0.000000,0.000000,0.000000,0.000221,0.000221,0.000000
saying,7,0.000000,0.000000,0.000000,0.000000,0.000000,0.000000,0.000000,0.001103,0.000000,0.000000,0.000000,0.000000,0.000000,0.000221,0.000221,0.000000,0.000000,0.000000,0.000000,0.000000,0.000000,0.000000
planning,7,0.000000,0.000000,0.000000,0.000000,0.000000,0.000221,0.000221,0.000000,0.000221,0.000221,0.000221,0.000221,0.000000,0.000000,0.000000,0.000000,0.000000,0.000000,0.000000,0.000000,0.000221,0.000000
leading,7,0.000000,0.000000,0.000000,0.000000,0.000000,0.000000,0.000221,0.000221,0.000000,0.000000,0.000221,0.000221,0.000000,0.000221,0.000221,0.000000,0.000221,0.000000,0.000000,0.000000,0.000000,0.000000
involving,7,0.000000,0.000000,0.000000,0.000000,0.000000,0.000662,0.000000,0.000441,0.000000,0.000000,0.000000,0.000000,0.000000,0.000000,0.000000,0.000000,0.000000,0.000000,0.000000,0.000000,0.000000,0.000000
financing,7,0.000000,0.000000,0.000000,0.000000,0.000221,0.000221,0.000221,0.000221,0.000221,0.000000,0.000000,0.000000,0.000000,0.000441,0.000000,0.000000,0.000000,0.000000,0.000000,0.000000,0.000000,0.000000
enabling,7,0.000000,0.000000,0.000000,0.000000,0.000000,0.000221,0.000000,0.000221,0.000000,0.000000,0.000000,0.000000,0.000000,0.000000,0.000000,0.000221,0.000221,0.000000,0.000221,0.000221,0.000221,0.000000
wearing,6,0.000000,0.000000,0.000000,0.000000,0.000000,0.000000,0.000000,0.000000,0.000000,0.000000,0.000221,0.000000,0.000000,0.000000,0.000221,0.000000,0.000000,0.000000,0.000000,0.000221,0.000000,0.000000
understanding,6,0.000000,0.000000,0.000000,0.000000,0.000000,0.000000,0.000221,0.000441,0.000000,0.000000,0.000000,0.000221,0.000000,0.000221,0.000221,0.000000,0.000000,0.000000,0.000000,0.000000,0.000000,0.000000
traveling,6,0.000000,0.000000,0.000000,0.000000,0.000000,0.000000,0.000000,0.000000,0.000000,0.000000,0.000221,0.000000,0.000000,0.000000,0.000221,0.000000,0.000221,0.000000,0.000000,0.000221,0.000000,0.000441
setting,6,0.000000,0.000000,0.000000,0.000000,0.000000,0.000000,0.000221,0.000221,0.000000,0.000221,0.000441,0.000221,0.000000,0.000000,0.000000,0.000000,0.000000,0.000000,0.000000,0.000000,0.000000,0.000000
serving,6,0.000000,0.000000,0.000000,0.000000,0.000000,0.000000,0.000000,0.000000,0.000000,0.000000,0.000221,0.000000,0.000221,0.000000,0.000000,0.000000,0.000000,0.000000,0.000441,0.000221,0.000000,0.000000
seeking,6,0.000000,0.000000,0.000000,0.000000,0.000000,0.000221,0.000221,0.000221,0.000000,0.000000,0.000000,0.000000,0.000000,0.000000,0.000000,0.000000,0.000441,0.000000,0.000000,0.000000,0.000000,0.000000
resulting,6,0.000000,0.000221,0.000000,0.000000,0.000000,0.000000,0.000000,0.000662,0.000000,0.000000,0.000000,0.000000,0.000000,0.000000,0.000000,0.000000,0.000221,0.000000,0.000221,0.000000,0.000000,0.000000
representing,6,0.000000,0.000000,0.000000,0.000000,0.000000,0.000221,0.000000,0.000000,0.000000,0.000000,0.000000,0.000000,0.000000,0.000221,0.000441,0.000000,0.000000,0.000000,0.000000,0.000000,0.000000,0.000000
reaching,6,0.000000,0.000000,0.000000,0.000000,0.000000,0.000000,0.000000,0.000221,0.000000,0.000000,0.000000,0.000221,0.000441,0.000000,0.000000,0.000000,0.000221,0.000000,0.000000,0.000000,0.000000,0.000221
preparing,6,0.000000,0.000000,0.000000,0.000000,0.000000,0.000000,0.000000,0.000221,0.000000,0.000000,0.000221,0.000000,0.000000,0.000000,0.000000,0.000000,0.000221,0.000000,0.000221,0.000000,0.000000,0.000000
marking,6,0.000000,0.000000,0.000000,0.000000,0.000000,0.000000,0.000000,0.000221,0.000000,0.000000,0.000000,0.000221,0.000000,0.000000,0.000000,0.000000,0.000000,0.000000,0.000000,0.000221,0.000221,0.000221
joining,6,0.000000,0.000000,0.000000,0.000000,0.000000,0.000221,0.000000,0.000221,0.000000,0.000000,0.000000,0.000000,0.000221,0.000000,0.000000,0.000000,0.000000,0.000000,0.000000,0.000221,0.000221,0.000000
forcing,6,0.000000,0.000000,0.000000,0.000000,0.000000,0.000000,0.000000,0.000000,0.000000,0.000000,0.001103,0.000221,0.000000,0.000000,0.000000,0.000000,0.000000,0.000000,0.000000,0.000000,0.000000,0.000000
finding,6,0.000000,0.000000,0.000000,0.000000,0.000000,0.000000,0.000221,0.000221,0.000000,0.000000,0.000221,0.000221,0.000000,0.000000,0.000000,0.000000,0.000000,0.000000,0.000000,0.000000,0.000221,0.000000
existing,6,0.000000,0.000000,0.000000,0.000000,0.000000,0.000000,0.000000,0.000662,0.000000,0.000000,0.000000,0.000221,0.000221,0.000000,0.000000,0.000000,0.000000,0.000000,0.000221,0.000000,0.000000,0.000000
concerning,6,0.000000,0.000000,0.000000,0.000000,0.000221,0.000000,0.000000,0.000882,0.000000,0.000000,0.000000,0.000000,0.000000,0.000000,0.000000,0.000000,0.000000,0.000000,0.000221,0.000000,0.000000,0.000000
comprising,6,0.000000,0.000000,0.000000,0.000000,0.000000,0.000000,0.000000,0.000000,0.000000,0.000000,0.000000,0.000000,0.000221,0.000000,0.000000,0.000000,0.000000,0.000000,0.000662,0.000221,0.000000,0.000000
attempting,6,0.000000,0.000000,0.000000,0.000000,0.000000,0.000000,0.000000,0.000000,0.000000,0.000221,0.000662,0.000000,0.000221,0.000221,0.000000,0.000000,0.000000,0.000000,0.000000,0.000000,0.000000,0.000000
analyzing,6,0.000000,0.000000,0.000000,0.000000,0.000000,0.000000,0.000221,0.000000,0.000000,0.000221,0.000000,0.000441,0.000000,0.000000,0.000000,0.000221,0.000000,0.000000,0.000221,0.000000,0.000000,0.000000
accounting,6,0.000000,0.000000,0.000000,0.000000,0.000000,0.000000,0.000000,0.000221,0.000000,0.000221,0.000000,0.000000,0.000221,0.000441,0.000221,0.000000,0.000000,0.000000,0.000000,0.000000,0.000000,0.000000
weighing,5,0.000000,0.000000,0.000000,0.000000,0.000000,0.000000,0.000000,0.000000,0.000441,0.000000,0.000221,0.000000,0.000000,0.000000,0.000000,0.000000,0.000000,0.000000,0.000441,0.000000,0.000000,0.000000
taking,5,0.000000,0.000000,0.000000,0.000000,0.000221,0.000000,0.000000,0.000221,0.000221,0.000000,0.000441,0.000000,0.000000,0.000000,0.000000,0.000000,0.000000,0.000000,0.000000,0.000000,0.000000,0.000000
replacing,5,0.000000,0.000000,0.000000,0.000000,0.000000,0.000000,0.000000,0.000000,0.000000,0.000000,0.000221,0.000000,0.000000,0.000221,0.000000,0.000000,0.000221,0.000000,0.000221,0.000000,0.000221,0.000000
ranging,5,0.000000,0.000221,0.000000,0.000000,0.000000,0.000000,0.000000,0.000221,0.000000,0.000000,0.000221,0.000000,0.000000,0.000000,0.000000,0.000000,0.000000,0.000000,0.000000,0.000221,0.000000,0.000221
marketing,5,0.000000,0.000000,0.000000,0.000000,0.000000,0.000221,0.000000,0.000000,0.000000,0.000441,0.000221,0.000000,0.000000,0.000000,0.000000,0.000000,0.000221,0.000000,0.000000,0.000000,0.000000,0.000000
lasting,5,0.000000,0.000000,0.000000,0.000000,0.000000,0.000000,0.000000,0.000000,0.000000,0.000000,0.000000,0.000221,0.000000,0.000000,0.000000,0.000000,0.000000,0.000000,0.000000,0.000000,0.000441,0.000221
failing,5,0.000000,0.000000,0.000000,0.000000,0.000000,0.000000,0.000000,0.000000,0.000000,0.000000,0.000662,0.000000,0.000000,0.000221,0.000221,0.000000,0.000000,0.000000,0.000000,0.000000,0.000000,0.000000
experiencing,5,0.000000,0.000000,0.000000,0.000000,0.000000,0.000000,0.000000,0.000441,0.000000,0.000000,0.000000,0.000221,0.000000,0.000000,0.000000,0.000000,0.000000,0.000221,0.000000,0.000000,0.000000,0.000221
delivering,5,0.000000,0.000000,0.000000,0.000000,0.000000,0.000000,0.000000,0.000000,0.000000,0.000000,0.000000,0.000221,0.000000,0.000662,0.000000,0.000000,0.000000,0.000000,0.000000,0.000000,0.000000,0.000000
constructing,5,0.000000,0.000000,0.000000,0.000000,0.000000,0.000000,0.000000,0.000000,0.000221,0.000221,0.000441,0.000221,0.000000,0.000000,0.000000,0.000000,0.000000,0.000000,0.000000,0.000000,0.000000,0.000000
calling,5,0.000000,0.000000,0.000000,0.000000,0.000000,0.000000,0.000000,0.000000,0.000000,0.000000,0.000441,0.000221,0.000000,0.000221,0.000221,0.000000,0.000000,0.000000,0.000000,0.000000,0.000000,0.000000
bringing,5,0.000000,0.000000,0.000000,0.000000,0.000000,0.000221,0.000000,0.000221,0.000221,0.000000,0.000000,0.000000,0.000000,0.000000,0.000000,0.000000,0.000000,0.000000,0.000000,0.000000,0.000000,0.000000
undertaking,4,0.000000,0.000000,0.000000,0.000000,0.000000,0.000000,0.000000,0.000000,0.000000,0.000000,0.000221,0.000441,0.000000,0.000000,0.000000,0.000000,0.000000,0.000000,0.000000,0.000000,0.000221,0.000000
transporting,4,0.000000,0.000000,0.000000,0.000000,0.000000,0.000000,0.000000,0.000000,0.000000,0.000441,0.000000,0.000000,0.000000,0.000000,0.000000,0.000000,0.000000,0.000000,0.000221,0.000000,0.000000,0.000221
stating,4,0.000000,0.000000,0.000000,0.000000,0.000000,0.000000,0.000000,0.000221,0.000000,0.000000,0.000000,0.000221,0.000000,0.000441,0.000000,0.000000,0.000000,0.000000,0.000000,0.000000,0.000000,0.000000
spring,4,0.000000,0.000000,0.000000,0.000000,0.000000,0.000000,0.000000,0.000000,0.000000,0.000000,0.000000,0.000000,0.000000,0.000000,0.000000,0.000000,0.000000,0.000000,0.000000,0.000000,0.000000,0.000221
retiring,4,0.000000,0.000000,0.000000,0.000000,0.000000,0.000000,0.000000,0.000000,0.000000,0.000000,0.000221,0.000000,0.000221,0.000000,0.000000,0.000000,0.000000,0.000000,0.000221,0.000000,0.000000,0.000221
permitting,4,0.000000,0.000000,0.000000,0.000000,0.000000,0.000000,0.000000,0.000000,0.000000,0.000000,0.000000,0.000000,0.000662,0.000000,0.000221,0.000000,0.000000,0.000000,0.000000,0.000000,0.000000,0.000000
performing,4,0.000000,0.000000,0.000000,0.000000,0.000000,0.000000,0.000000,0.000000,0.000000,0.000000,0.000000,0.000000,0.000000,0.000000,0.000000,0.000000,0.000221,0.000000,0.000221,0.000221,0.000000,0.000221
opening,4,0.000000,0.000000,0.000000,0.000000,0.000000,0.000000,0.000000,0.000000,0.000000,0.000000,0.000441,0.000221,0.000221,0.000000,0.000000,0.000000,0.000000,0.000000,0.000000,0.000000,0.000000,0.000000
offering,4,0.000000,0.000000,0.000000,0.000000,0.000000,0.000000,0.000000,0.000000,0.000000,0.000221,0.000000,0.000000,0.000441,0.000000,0.000000,0.000221,0.000000,0.000000,0.000000,0.000000,0.000000,0.000000
moving,4,0.000000,0.000221,0.000000,0.000000,0.000000,0.000000,0.000000,0.000221,0.000221,0.000000,0.000000,0.000221,0.000000,0.000000,0.000000,0.000000,0.000000,0.000000,0.000000,0.000000,0.000000,0.000000
measuring,4,0.000000,0.000000,0.000000,0.000000,0.000000,0.000000,0.000000,0.000221,0.000000,0.000000,0.000000,0.000000,0.000000,0.000000,0.000000,0.000000,0.000000,0.000000,0.000000,0.000000,0.000441,0.000000
manufacturing,4,0.000000,0.000000,0.000221,0.000000,0.000221,0.000000,0.000221,0.000000,0.000000,0.000000,0.000000,0.000000,0.000221,0.000000,0.000000,0.000000,0.000000,0.000000,0.000000,0.000000,0.000000,0.000000
maintaining,4,0.000000,0.000000,0.000000,0.000000,0.000000,0.000000,0.000000,0.000221,0.000000,0.000000,0.000000,0.000441,0.000000,0.000000,0.000000,0.000000,0.000000,0.000000,0.000221,0.000000,0.000000,0.000000
looking,4,0.000000,0.000000,0.000000,0.000000,0.000000,0.000000,0.000221,0.000441,0.000000,0.000000,0.000000,0.000000,0.000221,0.000000,0.000000,0.000000,0.000000,0.000000,0.000000,0.000000,0.000000,0.000000
learning,4,0.000000,0.000000,0.000000,0.000000,0.000000,0.000000,0.000000,0.000221,0.000000,0.000000,0.000441,0.000000,0.000000,0.000000,0.000221,0.000000,0.000000,0.000000,0.000000,0.000000,0.000000,0.000000
helping,4,0.000000,0.000000,0.000000,0.000000,0.000000,0.000000,0.000441,0.000221,0.000000,0.000000,0.000000,0.000000,0.000221,0.000000,0.000000,0.000000,0.000000,0.000000,0.000000,0.000000,0.000000,0.000000
establishing,4,0.000000,0.000000,0.000000,0.000000,0.000000,0.000000,0.000000,0.000662,0.000000,0.000000,0.000221,0.000000,0.000000,0.000000,0.000000,0.000000,0.000000,0.000000,0.000000,0.000000,0.000000,0.000000
entering,4,0.000000,0.000221,0.000000,0.000000,0.000000,0.000000,0.000000,0.000221,0.000000,0.000221,0.000221,0.000000,0.000000,0.000000,0.000000,0.000000,0.000000,0.000000,0.000000,0.000000,0.000000,0.000000
considering,4,0.000000,0.000000,0.000000,0.000000,0.000000,0.000000,0.000441,0.000441,0.000000,0.000000,0.000000,0.000000,0.000000,0.000000,0.000000,0.000000,0.000000,0.000000,0.000000,0.000000,0.000000,0.000000
connecting,4,0.000000,0.000000,0.000000,0.000000,0.000000,0.000000,0.000000,0.000000,0.000000,0.000221,0.000000,0.000441,0.000000,0.000000,0.000000,0.000000,0.000000,0.000000,0.000221,0.000000,0.000000,0.000000
accompanying,4,0.000000,0.000000,0.000000,0.000000,0.000000,0.000000,0.000221,0.000000,0.000000,0.000000,0.000000,0.000000,0.000000,0.000000,0.000000,0.000000,0.000000,0.000000,0.000221,0.000441,0.000000,0.000000
