the iss,27,0.000000,0.000000,0.000000,0.000000,0.000000,0.000000,0.000000,0.000000,0.000000,0.005722,0.000000,0.002861,0.000000,0.005722,0.008584,0.005722,0.000000,0.000000,0.000000,0.017167,0.008584,0.014306
the first,20,0.000000,0.000000,0.000000,0.000000,0.000000,0.002861,0.000000,0.000000,0.000000,0.005722,0.000000,0.000000,0.000000,0.002861,0.002861,0.002861,0.005722,0.000000,0.000000,0.008584,0.014306,0.005722
the shuttle,8,0.000000,0.000000,0.000000,0.000000,0.002861,0.008584,0.002861,0.000000,0.000000,0.000000,0.002861,0.000000,0.000000,0.002861,0.000000,0.000000,0.000000,0.000000,0.000000,0.000000,0.000000,0.000000
the second,5,0.000000,0.000000,0.000000,0.000000,0.000000,0.000000,0.000000,0.002861,0.000000,0.000000,0.000000,0.000000,0.000000,0.000000,0.002861,0.000000,0.000000,0.000000,0.000000,0.005722,0.002861,0.000000
the crew,5,0.000000,0.000000,0.000000,0.000000,0.002861,0.000000,0.002861,0.000000,0.000000,0.000000,0.000000,0.000000,0.000000,0.002861,0.000000,0.000000,0.000000,0.000000,0.000000,0.000000,0.000000,0.000000
the astronaut,5,0.000000,0.000000,0.000000,0.000000,0.002861,0.000000,0.000000,0.000000,0.000000,0.000000,0.000000,0.000000,0.000000,0.000000,0.000000,0.000000,0.000000,0.002861,0.000000,0.000000,0.005722,0.000000
the system,4,0.000000,0.000000,0.000000,0.000000,0.000000,0.000000,0.005722,0.000000,0.000000,0.000000,0.000000,0.000000,0.000000,0.000000,0.000000,0.000000,0.002861,0.000000,0.000000,0.000000,0.002861,0.000000
the spacewalk,4,0.000000,0.000000,0.000000,0.000000,0.000000,0.000000,0.000000,0.000000,0.000000,0.000000,0.000000,0.000000,0.000000,0.000000,0.002861,0.000000,0.000000,0.000000,0.000000,0.002861,0.005722,0.000000
the launch,4,0.000000,0.000000,0.000000,0.000000,0.002861,0.000000,0.000000,0.000000,0.000000,0.000000,0.000000,0.000000,0.000000,0.000000,0.000000,0.000000,0.008584,0.000000,0.000000,0.000000,0.000000,0.000000
the ground,4,0.000000,0.000000,0.000000,0.000000,0.005722,0.000000,0.000000,0.000000,0.000000,0.000000,0.000000,0.000000,0.000000,0.000000,0.000000,0.000000,0.002861,0.000000,0.000000,0.000000,0.002861,0.000000
the flight,4,0.000000,0.000000,0.000000,0.000000,0.002861,0.000000,0.000000,0.002861,0.000000,0.000000,0.000000,0.000000,0.000000,0.000000,0.000000,0.000000,0.002861,0.000000,0.000000,0.000000,0.000000,0.002861
an astronaut,4,0.000000,0.000000,0.000000,0.000000,0.000000,0.000000,0.000000,0.002861,0.000000,0.000000,0.000000,0.000000,0.000000,0.000000,0.000000,0.000000,0.002861,0.000000,0.000000,0.000000,0.002861,0.002861
the sun,3,0.000000,0.000000,0.000000,0.000000,0.000000,0.000000,0.000000,0.000000,0.000000,0.000000,0.000000,0.000000,0.000000,0.000000,0.000000,0.000000,0.002861,0.000000,0.000000,0.005722,0.000000,0.000000
the station,3,0.000000,0.000000,0.000000,0.000000,0.000000,0.000000,0.000000,0.000000,0.000000,0.002861,0.000000,0.000000,0.000000,0.000000,0.000000,0.000000,0.000000,0.000000,0.000000,0.002861,0.000000,0.000000
the space,3,0.000000,0.000000,0.000000,0.000000,0.000000,0.000000,0.005722,0.000000,0.000000,0.000000,0.000000,0.000000,0.000000,0.000000,0.002861,0.000000,0.000000,0.000000,0.000000,0.000000,0.000000,0.000000
the software,3,0.000000,0.000000,0.000000,0.000000,0.000000,0.000000,0.000000,0.000000,0.000000,0.000000,0.005722,0.000000,0.000000,0.000000,0.000000,0.000000,0.000000,0.000000,0.000000,0.000000,0.002861,0.000000
the selection,3,0.000000,0.000000,0.000000,0.000000,0.000000,0.000000,0.000000,0.000000,0.000000,0.000000,0.000000,0.000000,0.000000,0.000000,0.000000,0.000000,0.000000,0.002861,0.000000,0.000000,0.000000,0.000000
the sarj,3,0.000000,0.000000,0.000000,0.000000,0.000000,0.000000,0.000000,0.000000,0.000000,0.000000,0.000000,0.000000,0.000000,0.000000,0.000000,0.000000,0.000000,0.000000,0.000000,0.000000,0.008584,0.000000
the program,3,0.000000,0.000000,0.000000,0.000000,0.000000,0.000000,0.000000,0.002861,0.000000,0.000000,0.005722,0.000000,0.000000,0.000000,0.000000,0.000000,0.000000,0.000000,0.000000,0.000000,0.000000,0.000000
the press,3,0.000000,0.000000,0.000000,0.000000,0.008584,0.000000,0.000000,0.000000,0.000000,0.000000,0.000000,0.000000,0.000000,0.000000,0.000000,0.000000,0.000000,0.000000,0.000000,0.000000,0.000000,0.000000
the pair,3,0.000000,0.000000,0.000000,0.000000,0.000000,0.000000,0.000000,0.000000,0.000000,0.000000,0.000000,0.000000,0.000000,0.002861,0.002861,0.000000,0.000000,0.000000,0.000000,0.000000,0.002861,0.000000
the coolant,3,0.000000,0.000000,0.000000,0.000000,0.000000,0.000000,0.000000,0.000000,0.000000,0.000000,0.000000,0.000000,0.000000,0.000000,0.000000,0.000000,0.000000,0.000000,0.000000,0.000000,0.008584,0.000000
the contract,3,0.000000,0.000000,0.000000,0.000000,0.000000,0.000000,0.000000,0.000000,0.000000,0.000000,0.000000,0.000000,0.000000,0.000000,0.000000,0.000000,0.000000,0.000000,0.000000,0.000000,0.000000,0.008584
the completion,3,0.000000,0.000000,0.000000,0.000000,0.002861,0.000000,0.000000,0.000000,0.000000,0.002861,0.000000,0.000000,0.000000,0.000000,0.000000,0.000000,0.000000,0.000000,0.000000,0.002861,0.000000,0.000000
a second,3,0.000000,0.000000,0.000000,0.000000,0.002861,0.002861,0.000000,0.000000,0.000000,0.000000,0.000000,0.000000,0.000000,0.000000,0.000000,0.000000,0.000000,0.000000,0.000000,0.002861,0.000000,0.000000
a nasa,3,0.000000,0.000000,0.000000,0.000000,0.000000,0.002861,0.002861,0.000000,0.000000,0.000000,0.000000,0.000000,0.000000,0.000000,0.000000,0.000000,0.000000,0.000000,0.000000,0.000000,0.002861,0.000000
a day,3,0.000000,0.000000,0.000000,0.000000,0.000000,0.002861,0.002861,0.002861,0.000000,0.000000,0.000000,0.000000,0.000000,0.000000,0.000000,0.000000,0.000000,0.000000,0.000000,0.000000,0.000000,0.000000
