nasa,119,0.004292,0.000000,0.000000,0.002861,0.018598,0.004292,0.021459,0.015737,0.004292,0.002861,0.002861,0.002861,0.000000,0.007153,0.002861,0.002861,0.011445,0.001431,0.000000,0.004292,0.031474,0.008584
astronaut,44,0.000000,0.000000,0.000000,0.001431,0.008584,0.000000,0.005722,0.004292,0.005722,0.001431,0.001431,0.001431,0.000000,0.002861,0.000000,0.001431,0.001431,0.002861,0.000000,0.001431,0.011445,0.002861
iss,34,0.000000,0.000000,0.000000,0.000000,0.000000,0.000000,0.000000,0.000000,0.000000,0.002861,0.000000,0.001431,0.000000,0.002861,0.005722,0.005722,0.000000,0.000000,0.000000,0.008584,0.008584,0.007153
mission,32,0.001431,0.000000,0.000000,0.001431,0.002861,0.002861,0.004292,0.002861,0.001431,0.000000,0.000000,0.000000,0.000000,0.008584,0.002861,0.001431,0.000000,0.000000,0.000000,0.005722,0.005722,0.001431
space,29,0.001431,0.000000,0.000000,0.000000,0.002861,0.002861,0.007153,0.002861,0.001431,0.000000,0.000000,0.000000,0.000000,0.008584,0.001431,0.000000,0.004292,0.001431,0.000000,0.001431,0.001431,0.002861
first,28,0.000000,0.000000,0.000000,0.000000,0.001431,0.002861,0.002861,0.001431,0.000000,0.002861,0.000000,0.000000,0.000000,0.001431,0.001431,0.001431,0.002861,0.001431,0.000000,0.004292,0.007153,0.002861
system,23,0.001431,0.000000,0.000000,0.000000,0.000000,0.000000,0.004292,0.000000,0.000000,0.000000,0.001431,0.000000,0.000000,0.000000,0.002861,0.000000,0.005722,0.000000,0.000000,0.002861,0.007153,0.005722
spacewalk,23,0.000000,0.000000,0.000000,0.000000,0.002861,0.000000,0.000000,0.000000,0.000000,0.000000,0.000000,0.000000,0.000000,0.001431,0.007153,0.000000,0.000000,0.000000,0.000000,0.011445,0.008584,0.001431
shuttle,22,0.000000,0.000000,0.000000,0.000000,0.001431,0.007153,0.004292,0.001431,0.000000,0.001431,0.004292,0.000000,0.000000,0.007153,0.000000,0.000000,0.000000,0.000000,0.000000,0.000000,0.002861,0.000000
release,18,0.001431,0.000000,0.000000,0.001431,0.002861,0.000000,0.004292,0.004292,0.002861,0.000000,0.001431,0.000000,0.000000,0.001431,0.000000,0.001431,0.001431,0.000000,0.000000,0.000000,0.001431,0.000000
flight,17,0.000000,0.000000,0.000000,0.000000,0.002861,0.000000,0.000000,0.004292,0.000000,0.001431,0.001431,0.000000,0.000000,0.000000,0.002861,0.000000,0.004292,0.000000,0.000000,0.000000,0.005722,0.001431
crew,15,0.000000,0.000000,0.000000,0.000000,0.001431,0.000000,0.001431,0.001431,0.000000,0.000000,0.000000,0.000000,0.000000,0.002861,0.000000,0.000000,0.000000,0.000000,0.000000,0.002861,0.001431,0.000000
p,11,0.000000,0.000000,0.000000,0.000000,0.007153,0.001431,0.002861,0.000000,0.000000,0.000000,0.000000,0.000000,0.000000,0.002861,0.000000,0.000000,0.001431,0.000000,0.000000,0.000000,0.000000,0.000000
jun,11,0.000000,0.000000,0.000000,0.000000,0.014306,0.000000,0.000000,0.001431,0.000000,0.000000,0.000000,0.000000,0.000000,0.000000,0.000000,0.000000,0.000000,0.000000,0.000000,0.000000,0.000000,0.000000
6/91,11,0.000000,0.000000,0.000000,0.000000,0.015737,0.000000,0.000000,0.000000,0.000000,0.000000,0.000000,0.000000,0.000000,0.000000,0.000000,0.000000,0.000000,0.000000,0.000000,0.000000,0.000000,0.000000
time,10,0.000000,0.000000,0.000000,0.000000,0.001431,0.001431,0.000000,0.002861,0.000000,0.000000,0.000000,0.000000,0.000000,0.002861,0.000000,0.000000,0.001431,0.000000,0.000000,0.001431,0.001431,0.000000
program,10,0.000000,0.000000,0.000000,0.000000,0.001431,0.000000,0.000000,0.001431,0.000000,0.000000,0.002861,0.001431,0.000000,0.000000,0.000000,0.000000,0.001431,0.000000,0.000000,0.000000,0.001431,0.001431
glove,10,0.000000,0.000000,0.000000,0.000000,0.000000,0.000000,0.000000,0.000000,0.000000,0.000000,0.000000,0.000000,0.000000,0.000000,0.000000,0.000000,0.000000,0.000000,0.000000,0.000000,0.002861,0.000000
contract,10,0.000000,0.000000,0.000000,0.000000,0.000000,0.000000,0.000000,0.000000,0.000000,0.000000,0.000000,0.000000,0.000000,0.000000,0.000000,0.000000,0.000000,0.000000,0.000000,0.000000,0.000000,0.005722
ap,10,0.000000,0.000000,0.000000,0.000000,0.004292,0.004292,0.004292,0.001431,0.000000,0.000000,0.000000,0.000000,0.000000,0.000000,0.000000,0.000000,0.000000,0.000000,0.000000,0.000000,0.000000,0.000000
sun,9,0.000000,0.000000,0.000000,0.000000,0.001431,0.001431,0.000000,0.005722,0.000000,0.000000,0.000000,0.000000,0.000000,0.000000,0.000000,0.000000,0.001431,0.000000,0.000000,0.002861,0.000000,0.000000
second,9,0.000000,0.000000,0.000000,0.000000,0.001431,0.001431,0.000000,0.001431,0.000000,0.000000,0.000000,0.000000,0.000000,0.000000,0.001431,0.000000,0.000000,0.000000,0.000000,0.004292,0.001431,0.000000
module,9,0.000000,0.000000,0.000000,0.000000,0.000000,0.002861,0.000000,0.000000,0.000000,0.000000,0.000000,0.000000,0.000000,0.000000,0.002861,0.001431,0.000000,0.000000,0.000000,0.000000,0.002861,0.000000
march,9,0.000000,0.000000,0.000000,0.000000,0.000000,0.000000,0.000000,0.000000,0.001431,0.000000,0.000000,0.000000,0.000000,0.001431,0.000000,0.001431,0.000000,0.000000,0.000000,0.000000,0.002861,0.000000
earth,9,0.001431,0.000000,0.000000,0.000000,0.001431,0.000000,0.000000,0.000000,0.000000,0.000000,0.000000,0.000000,0.000000,0.004292,0.000000,0.000000,0.000000,0.000000,0.000000,0.002861,0.000000,0.002861
use,8,0.000000,0.000000,0.000000,0.000000,0.000000,0.000000,0.002861,0.001431,0.000000,0.000000,0.002861,0.000000,0.000000,0.001431,0.000000,0.000000,0.000000,0.000000,0.000000,0.000000,0.000000,0.002861
truss,8,0.000000,0.000000,0.000000,0.000000,0.000000,0.000000,0.000000,0.000000,0.000000,0.000000,0.000000,0.000000,0.000000,0.000000,0.001431,0.000000,0.000000,0.000000,0.000000,0.005722,0.005722,0.000000
software,8,0.000000,0.000000,0.000000,0.000000,0.000000,0.000000,0.001431,0.000000,0.000000,0.000000,0.007153,0.000000,0.000000,0.000000,0.000000,0.000000,0.000000,0.000000,0.000000,0.000000,0.002861,0.000000
power,8,0.000000,0.000000,0.000000,0.000000,0.000000,0.000000,0.000000,0.000000,0.000000,0.000000,0.000000,0.000000,0.000000,0.000000,0.002861,0.000000,0.000000,0.000000,0.000000,0.005722,0.001431,0.000000
m,8,0.000000,0.000000,0.000000,0.000000,0.000000,0.000000,0.001431,0.000000,0.001431,0.001431,0.000000,0.000000,0.000000,0.001431,0.000000,0.000000,0.000000,0.000000,0.000000,0.000000,0.005722,0.000000
june,8,0.000000,0.000000,0.000000,0.000000,0.004292,0.000000,0.001431,0.000000,0.000000,0.000000,0.000000,0.000000,0.000000,0.001431,0.000000,0.000000,0.001431,0.001431,0.000000,0.000000,0.000000,0.000000
class,8,0.000000,0.000000,0.000000,0.000000,0.000000,0.000000,0.000000,0.000000,0.002861,0.000000,0.000000,0.000000,0.000000,0.000000,0.000000,0.000000,0.000000,0.002861,0.000000,0.000000,0.001431,0.000000
apr,8,0.000000,0.000000,0.000000,0.000000,0.001431,0.001431,0.004292,0.004292,0.000000,0.000000,0.000000,0.000000,0.000000,0.000000,0.000000,0.000000,0.000000,0.000000,0.000000,0.000000,0.000000,0.000000
work,7,0.000000,0.000000,0.000000,0.000000,0.000000,0.000000,0.002861,0.000000,0.000000,0.000000,0.000000,0.000000,0.000000,0.001431,0.001431,0.000000,0.000000,0.000000,0.000000,0.001431,0.000000,0.000000
upi,7,0.000000,0.000000,0.000000,0.000000,0.007153,0.002861,0.000000,0.000000,0.000000,0.000000,0.000000,0.000000,0.000000,0.000000,0.000000,0.000000,0.000000,0.000000,0.000000,0.000000,0.000000,0.000000
test,7,0.000000,0.000000,0.000000,0.000000,0.002861,0.000000,0.001431,0.000000,0.000000,0.000000,0.000000,0.000000,0.000000,0.000000,0.000000,0.000000,0.001431,0.000000,0.000000,0.000000,0.001431,0.000000
technology,7,0.001431,0.000000,0.000000,0.000000,0.000000,0.000000,0.002861,0.000000,0.000000,0.000000,0.000000,0.000000,0.000000,0.001431,0.000000,0.000000,0.000000,0.000000,0.000000,0.000000,0.000000,0.001431
spacecraft,7,0.001431,0.000000,0.000000,0.000000,0.000000,0.000000,0.000000,0.000000,0.000000,0.000000,0.000000,0.000000,0.000000,0.002861,0.001431,0.000000,0.004292,0.000000,0.000000,0.000000,0.000000,0.000000
safety,7,0.001431,0.000000,0.000000,0.000000,0.000000,0.000000,0.000000,0.000000,0.000000,0.000000,0.000000,0.000000,0.000000,0.000000,0.000000,0.002861,0.001431,0.000000,0.000000,0.000000,0.004292,0.000000
part,7,0.000000,0.000000,0.000000,0.000000,0.000000,0.002861,0.000000,0.001431,0.000000,0.001431,0.001431,0.000000,0.000000,0.000000,0.001431,0.000000,0.000000,0.000000,0.000000,0.001431,0.000000,0.000000
news,7,0.000000,0.000000,0.000000,0.000000,0.000000,0.000000,0.000000,0.000000,0.000000,0.000000,0.001431,0.001431,0.000000,0.002861,0.000000,0.001431,0.000000,0.000000,0.000000,0.000000,0.001431,0.000000
laboratory,7,0.000000,0.000000,0.000000,0.000000,0.000000,0.000000,0.000000,0.001431,0.000000,0.000000,0.000000,0.000000,0.000000,0.000000,0.001431,0.001431,0.002861,0.000000,0.000000,0.001431,0.001431,0.000000
jsc,7,0.000000,0.000000,0.000000,0.000000,0.000000,0.000000,0.000000,0.000000,0.000000,0.000000,0.001431,0.000000,0.000000,0.000000,0.000000,0.002861,0.000000,0.001431,0.000000,0.000000,0.002861,0.000000
day,7,0.000000,0.000000,0.000000,0.000000,0.000000,0.001431,0.002861,0.001431,0.000000,0.000000,0.000000,0.000000,0.000000,0.002861,0.000000,0.000000,0.000000,0.000000,0.000000,0.001431,0.000000,0.000000
coolant,7,0.000000,0.000000,0.000000,0.000000,0.000000,0.000000,0.001431,0.000000,0.000000,0.000000,0.000000,0.000000,0.000000,0.000000,0.004292,0.000000,0.000000,0.000000,0.000000,0.000000,0.004292,0.000000
aviation,7,0.000000,0.000000,0.000000,0.000000,0.000000,0.000000,0.000000,0.000000,0.000000,0.000000,0.001431,0.000000,0.000000,0.000000,0.000000,0.008584,0.000000,0.000000,0.000000,0.000000,0.000000,0.000000
today,6,0.000000,0.000000,0.000000,0.000000,0.001431,0.002861,0.001431,0.001431,0.000000,0.000000,0.000000,0.000000,0.000000,0.000000,0.000000,0.000000,0.000000,0.000000,0.000000,0.000000,0.000000,0.000000
spaceflight,6,0.000000,0.000000,0.000000,0.000000,0.000000,0.000000,0.000000,0.000000,0.000000,0.000000,0.000000,0.000000,0.000000,0.000000,0.000000,0.001431,0.002861,0.000000,0.000000,0.000000,0.004292,0.000000
return,6,0.000000,0.000000,0.000000,0.000000,0.001431,0.000000,0.000000,0.002861,0.000000,0.000000,0.000000,0.000000,0.000000,0.000000,0.000000,0.000000,0.001431,0.000000,0.000000,0.001431,0.000000,0.000000
radiation,6,0.000000,0.000000,0.000000,0.000000,0.000000,0.000000,0.000000,0.002861,0.000000,0.000000,0.000000,0.000000,0.000000,0.000000,0.001431,0.000000,0.004292,0.000000,0.000000,0.000000,0.000000,0.000000
r,6,0.000000,0.000000,0.000000,0.000000,0.000000,0.000000,0.000000,0.000000,0.000000,0.001431,0.002861,0.000000,0.000000,0.001431,0.000000,0.000000,0.000000,0.000000,0.000000,0.000000,0.002861,0.000000
million,6,0.000000,0.000000,0.000000,0.000000,0.000000,0.000000,0.000000,0.000000,0.000000,0.000000,0.000000,0.000000,0.000000,0.001431,0.000000,0.000000,0.001431,0.000000,0.000000,0.000000,0.000000,0.002861
l,6,0.000000,0.000000,0.000000,0.000000,0.000000,0.000000,0.000000,0.000000,0.000000,0.000000,0.000000,0.000000,0.000000,0.002861,0.000000,0.000000,0.000000,0.000000,0.000000,0.002861,0.002861,0.000000
jr,6,0.000000,0.000000,0.000000,0.000000,0.001431,0.000000,0.001431,0.001431,0.000000,0.000000,0.000000,0.001431,0.000000,0.000000,0.000000,0.000000,0.000000,0.000000,0.000000,0.002861,0.000000,0.000000
j,6,0.000000,0.000000,0.000000,0.000000,0.000000,0.000000,0.000000,0.000000,0.001431,0.000000,0.000000,0.000000,0.000000,0.001431,0.001431,0.001431,0.000000,0.000000,0.000000,0.000000,0.001431,0.000000
inq,6,0.000000,0.000000,0.000000,0.000000,0.007153,0.001431,0.000000,0.000000,0.000000,0.000000,0.000000,0.000000,0.000000,0.000000,0.000000,0.000000,0.000000,0.000000,0.000000,0.000000,0.000000,0.000000
homer,6,0.000000,0.000000,0.000000,0.000000,0.000000,0.000000,0.000000,0.000000,0.000000,0.000000,0.000000,0.000000,0.000000,0.000000,0.000000,0.000000,0.000000,0.000000,0.000000,0.000000,0.004292,0.000000
ground,6,0.000000,0.000000,0.000000,0.000000,0.004292,0.000000,0.000000,0.000000,0.000000,0.000000,0.000000,0.000000,0.000000,0.000000,0.000000,0.000000,0.001431,0.000000,0.000000,0.000000,0.002861,0.000000
experiment,6,0.000000,0.000000,0.000000,0.000000,0.001431,0.001431,0.000000,0.000000,0.000000,0.000000,0.000000,0.000000,0.000000,0.000000,0.001431,0.001431,0.000000,0.000000,0.000000,0.000000,0.000000,0.000000
endeavour,6,0.000000,0.000000,0.000000,0.000000,0.000000,0.000000,0.000000,0.002861,0.000000,0.000000,0.000000,0.000000,0.000000,0.004292,0.000000,0.000000,0.000000,0.000000,0.000000,0.000000,0.000000,0.001431
daniel,6,0.000000,0.000000,0.000000,0.000000,0.000000,0.000000,0.000000,0.000000,0.000000,0.000000,0.000000,0.000000,0.000000,0.000000,0.002861,0.000000,0.000000,0.000000,0.000000,0.001431,0.004292,0.000000
challenge,6,0.000000,0.000000,0.000000,0.000000,0.000000,0.000000,0.000000,0.000000,0.000000,0.000000,0.000000,0.000000,0.000000,0.000000,0.000000,0.000000,0.000000,0.000000,0.000000,0.000000,0.002861,0.002861
award,6,0.000000,0.000000,0.000000,0.000000,0.000000,0.000000,0.000000,0.000000,0.000000,0.000000,0.000000,0.000000,0.000000,0.001431,0.000000,0.004292,0.000000,0.000000,0.000000,0.000000,0.000000,0.000000
aircraft,6,0.000000,0.000000,0.000000,0.000000,0.000000,0.000000,0.000000,0.000000,0.000000,0.000000,0.001431,0.000000,0.000000,0.000000,0.000000,0.002861,0.004292,0.000000,0.000000,0.000000,0.000000,0.000000
whitson,5,0.000000,0.000000,0.000000,0.000000,0.000000,0.000000,0.000000,0.000000,0.000000,0.000000,0.000000,0.000000,0.000000,0.000000,0.000000,0.000000,0.000000,0.000000,0.000000,0.000000,0.007153,0.000000
water,5,0.000000,0.000000,0.000000,0.000000,0.000000,0.000000,0.000000,0.000000,0.000000,0.000000,0.000000,0.000000,0.000000,0.000000,0.000000,0.000000,0.000000,0.000000,0.000000,0.000000,0.000000,0.004292
usa,5,0.000000,0.000000,0.000000,0.000000,0.001431,0.002861,0.001431,0.001431,0.000000,0.000000,0.000000,0.000000,0.000000,0.000000,0.000000,0.000000,0.000000,0.000000,0.000000,0.000000,0.000000,0.000000
tani,5,0.000000,0.000000,0.000000,0.000000,0.000000,0.000000,0.000000,0.000000,0.000000,0.000000,0.000000,0.000000,0.000000,0.000000,0.000000,0.000000,0.000000,0.000000,0.000000,0.000000,0.007153,0.000000
square,5,0.000000,0.000000,0.000000,0.000000,0.000000,0.000000,0.000000,0.000000,0.000000,0.000000,0.000000,0.000000,0.000000,0.001431,0.000000,0.000000,0.000000,0.000000,0.000000,0.000000,0.000000,0.000000
selection,5,0.000000,0.000000,0.000000,0.000000,0.000000,0.000000,0.000000,0.000000,0.001431,0.000000,0.000000,0.000000,0.000000,0.000000,0.000000,0.000000,0.000000,0.001431,0.000000,0.000000,0.001431,0.000000
rutan,5,0.000000,0.000000,0.000000,0.000000,0.000000,0.000000,0.000000,0.000000,0.000000,0.000000,0.000000,0.000000,0.000000,0.000000,0.000000,0.000000,0.007153,0.000000,0.000000,0.000000,0.000000,0.000000
richard,5,0.000000,0.000000,0.000000,0.000000,0.000000,0.001431,0.000000,0.000000,0.001431,0.000000,0.000000,0.000000,0.000000,0.000000,0.000000,0.000000,0.001431,0.000000,0.000000,0.000000,0.002861,0.000000
research,5,0.001431,0.000000,0.000000,0.000000,0.001431,0.001431,0.001431,0.001431,0.000000,0.000000,0.000000,0.000000,0.000000,0.000000,0.000000,0.000000,0.000000,0.000000,0.000000,0.000000,0.000000,0.000000
record,5,0.000000,0.000000,0.000000,0.000000,0.000000,0.001431,0.000000,0.000000,0.000000,0.000000,0.000000,0.000000,0.000000,0.000000,0.001431,0.001431,0.000000,0.000000,0.000000,0.000000,0.002861,0.000000
press,5,0.000000,0.000000,0.000000,0.000000,0.004292,0.000000,0.000000,0.000000,0.000000,0.000000,0.000000,0.000000,0.000000,0.002861,0.000000,0.000000,0.000000,0.000000,0.000000,0.000000,0.000000,0.000000
post,5,0.000000,0.000000,0.000000,0.000000,0.004292,0.001431,0.000000,0.001431,0.000000,0.000000,0.000000,0.000000,0.000000,0.000000,0.000000,0.000000,0.000000,0.000000,0.000000,0.000000,0.000000,0.000000
oceaneering,5,0.000000,0.000000,0.000000,0.000000,0.000000,0.000000,0.000000,0.000000,0.000000,0.000000,0.000000,0.000000,0.000000,0.000000,0.000000,0.000000,0.000000,0.000000,0.000000,0.000000,0.000000,0.000000
ny,5,0.000000,0.000000,0.000000,0.000000,0.004292,0.001431,0.000000,0.001431,0.000000,0.000000,0.000000,0.000000,0.000000,0.000000,0.000000,0.000000,0.000000,0.000000,0.000000,0.000000,0.000000,0.000000
japanese,5,0.000000,0.000000,0.000000,0.000000,0.000000,0.000000,0.000000,0.001431,0.001431,0.000000,0.000000,0.000000,0.000000,0.000000,0.000000,0.001431,0.000000,0.000000,0.000000,0.001431,0.000000,0.000000
five,5,0.000000,0.000000,0.000000,0.000000,0.000000,0.000000,0.000000,0.000000,0.000000,0.000000,0.000000,0.000000,0.000000,0.000000,0.000000,0.000000,0.000000,0.000000,0.000000,0.000000,0.000000,0.001431
equipment,5,0.000000,0.000000,0.000000,0.000000,0.000000,0.000000,0.001431,0.000000,0.000000,0.000000,0.000000,0.000000,0.000000,0.000000,0.001431,0.000000,0.000000,0.000000,0.000000,0.000000,0.000000,0.004292
discovery,5,0.000000,0.000000,0.000000,0.000000,0.004292,0.000000,0.000000,0.000000,0.000000,0.000000,0.000000,0.000000,0.000000,0.000000,0.000000,0.000000,0.000000,0.000000,0.000000,0.002861,0.000000,0.000000
damage,5,0.000000,0.000000,0.000000,0.000000,0.000000,0.000000,0.000000,0.000000,0.000000,0.000000,0.000000,0.000000,0.000000,0.000000,0.000000,0.000000,0.000000,0.000000,0.000000,0.002861,0.005722,0.000000
company,5,0.000000,0.000000,0.000000,0.000000,0.000000,0.001431,0.002861,0.000000,0.000000,0.000000,0.000000,0.000000,0.000000,0.001431,0.000000,0.000000,0.000000,0.000000,0.000000,0.000000,0.000000,0.000000
business,5,0.000000,0.000000,0.000000,0.000000,0.001431,0.000000,0.000000,0.000000,0.001431,0.000000,0.000000,0.002861,0.000000,0.000000,0.000000,0.000000,0.000000,0.000000,0.000000,0.000000,0.000000,0.001431
b,5,0.000000,0.000000,0.000000,0.000000,0.001431,0.001431,0.000000,0.004292,0.000000,0.000000,0.000000,0.000000,0.000000,0.000000,0.000000,0.000000,0.000000,0.000000,0.000000,0.000000,0.000000,0.000000
arm,5,0.000000,0.000000,0.000000,0.000000,0.000000,0.000000,0.000000,0.000000,0.000000,0.000000,0.000000,0.000000,0.000000,0.000000,0.000000,0.000000,0.000000,0.000000,0.000000,0.002861,0.001431,0.000000
air,5,0.000000,0.000000,0.000000,0.000000,0.002861,0.000000,0.001431,0.000000,0.000000,0.000000,0.000000,0.000000,0.000000,0.000000,0.000000,0.000000,0.000000,0.000000,0.000000,0.000000,0.000000,0.001431
4/91,5,0.000000,0.000000,0.000000,0.000000,0.007153,0.000000,0.000000,0.000000,0.000000,0.000000,0.000000,0.000000,0.000000,0.000000,0.000000,0.000000,0.000000,0.000000,0.000000,0.000000,0.000000,0.000000
31/92,5,0.000000,0.000000,0.000000,0.000000,0.000000,0.007153,0.000000,0.000000,0.000000,0.000000,0.000000,0.000000,0.000000,0.000000,0.000000,0.000000,0.000000,0.000000,0.000000,0.000000,0.000000,0.000000
voss,4,0.000000,0.000000,0.000000,0.000000,0.000000,0.000000,0.000000,0.000000,0.000000,0.000000,0.000000,0.000000,0.000000,0.002861,0.002861,0.000000,0.000000,0.000000,0.000000,0.000000,0.000000,0.000000
university,4,0.000000,0.000000,0.000000,0.000000,0.001431,0.000000,0.000000,0.002861,0.000000,0.000000,0.000000,0.000000,0.000000,0.001431,0.000000,0.000000,0.000000,0.000000,0.000000,0.000000,0.000000,0.000000
surface,4,0.000000,0.000000,0.000000,0.000000,0.000000,0.000000,0.001431,0.000000,0.000000,0.000000,0.000000,0.000000,0.000000,0.001431,0.000000,0.000000,0.000000,0.000000,0.000000,0.000000,0.000000,0.001431
six,4,0.000000,0.000000,0.000000,0.000000,0.000000,0.000000,0.000000,0.002861,0.000000,0.000000,0.000000,0.000000,0.000000,0.000000,0.000000,0.000000,0.000000,0.000000,0.000000,0.001431,0.000000,0.000000
sept,4,0.000000,0.000000,0.000000,0.000000,0.000000,0.005722,0.000000,0.000000,0.000000,0.000000,0.000000,0.000000,0.000000,0.000000,0.000000,0.000000,0.000000,0.000000,0.000000,0.000000,0.000000,0.000000
sarj,4,0.000000,0.000000,0.000000,0.000000,0.000000,0.000000,0.000000,0.000000,0.000000,0.000000,0.000000,0.000000,0.000000,0.000000,0.000000,0.000000,0.000000,0.000000,0.000000,0.000000,0.005722,0.000000
review,4,0.000000,0.000000,0.000000,0.000000,0.000000,0.000000,0.000000,0.000000,0.000000,0.000000,0.000000,0.000000,0.000000,0.000000,0.000000,0.000000,0.000000,0.000000,0.000000,0.000000,0.005722,0.000000
project,4,0.000000,0.000000,0.000000,0.000000,0.000000,0.000000,0.000000,0.002861,0.000000,0.001431,0.000000,0.000000,0.000000,0.000000,0.000000,0.000000,0.000000,0.000000,0.000000,0.001431,0.000000,0.000000
process,4,0.000000,0.000000,0.000000,0.000000,0.000000,0.000000,0.000000,0.000000,0.000000,0.001431,0.000000,0.000000,0.000000,0.000000,0.000000,0.000000,0.000000,0.000000,0.000000,0.000000,0.000000,0.002861
port,4,0.000000,0.000000,0.000000,0.000000,0.000000,0.000000,0.000000,0.000000,0.000000,0.000000,0.000000,0.000000,0.000000,0.000000,0.001431,0.000000,0.000000,0.000000,0.000000,0.000000,0.002861,0.000000
platform,4,0.000000,0.000000,0.000000,0.000000,0.000000,0.000000,0.000000,0.000000,0.000000,0.000000,0.000000,0.000000,0.000000,0.000000,0.000000,0.000000,0.002861,0.000000,0.000000,0.000000,0.000000,0.000000
pair,4,0.000000,0.000000,0.000000,0.000000,0.000000,0.000000,0.000000,0.000000,0.000000,0.000000,0.000000,0.000000,0.000000,0.001431,0.001431,0.000000,0.000000,0.000000,0.000000,0.000000,0.001431,0.000000
nowak,4,0.000000,0.000000,0.000000,0.000000,0.000000,0.000000,0.000000,0.000000,0.000000,0.000000,0.000000,0.000000,0.000000,0.000000,0.000000,0.000000,0.000000,0.000000,0.000000,0.000000,0.005722,0.000000
november,4,0.000000,0.000000,0.000000,0.000000,0.000000,0.000000,0.000000,0.001431,0.000000,0.000000,0.000000,0.000000,0.000000,0.000000,0.000000,0.000000,0.000000,0.000000,0.000000,0.000000,0.001431,0.000000
map,4,0.000000,0.000000,0.000000,0.000000,0.000000,0.000000,0.000000,0.000000,0.000000,0.000000,0.000000,0.000000,0.000000,0.005722,0.000000,0.000000,0.000000,0.000000,0.000000,0.000000,0.000000,0.000000
launch,4,0.000000,0.000000,0.000000,0.000000,0.001431,0.000000,0.000000,0.000000,0.000000,0.000000,0.000000,0.000000,0.000000,0.000000,0.000000,0.000000,0.004292,0.000000,0.000000,0.000000,0.000000,0.000000
la,4,0.000000,0.000000,0.000000,0.000000,0.005722,0.000000,0.000000,0.000000,0.000000,0.000000,0.000000,0.000000,0.000000,0.000000,0.000000,0.000000,0.000000,0.000000,0.000000,0.000000,0.000000,0.000000
knight,4,0.000000,0.000000,0.000000,0.000000,0.000000,0.000000,0.000000,0.000000,0.000000,0.000000,0.000000,0.000000,0.000000,0.000000,0.000000,0.000000,0.005722,0.000000,0.000000,0.000000,0.000000,0.000000
inspection,4,0.000000,0.000000,0.000000,0.000000,0.000000,0.000000,0.000000,0.000000,0.000000,0.000000,0.000000,0.000000,0.000000,0.000000,0.000000,0.000000,0.000000,0.000000,0.000000,0.002861,0.002861,0.000000
harmony,4,0.000000,0.000000,0.000000,0.000000,0.000000,0.000000,0.000000,0.000000,0.000000,0.000000,0.000000,0.000000,0.000000,0.000000,0.000000,0.000000,0.000000,0.000000,0.000000,0.000000,0.005722,0.000000
hardware,4,0.000000,0.000000,0.000000,0.000000,0.000000,0.000000,0.000000,0.000000,0.000000,0.001431,0.000000,0.000000,0.000000,0.000000,0.001431,0.000000,0.000000,0.000000,0.000000,0.000000,0.001431,0.001431
florida,4,0.000000,0.000000,0.000000,0.000000,0.000000,0.001431,0.000000,0.001431,0.000000,0.000000,0.000000,0.000000,0.000000,0.000000,0.000000,0.000000,0.000000,0.000000,0.000000,0.000000,0.001431,0.000000
environment,4,0.000000,0.000000,0.000000,0.000000,0.000000,0.001431,0.000000,0.000000,0.000000,0.000000,0.000000,0.000000,0.000000,0.000000,0.001431,0.000000,0.000000,0.000000,0.000000,0.001431,0.000000,0.000000
division,4,0.001431,0.000000,0.000000,0.000000,0.000000,0.000000,0.000000,0.000000,0.000000,0.000000,0.000000,0.000000,0.000000,0.000000,0.000000,0.002861,0.000000,0.000000,0.000000,0.000000,0.000000,0.000000
director,4,0.000000,0.000000,0.000000,0.000000,0.000000,0.000000,0.000000,0.001431,0.000000,0.000000,0.000000,0.001431,0.000000,0.000000,0.001431,0.000000,0.000000,0.000000,0.000000,0.000000,0.001431,0.000000
development,4,0.001431,0.000000,0.000000,0.000000,0.000000,0.000000,0.001431,0.000000,0.000000,0.000000,0.000000,0.001431,0.000000,0.000000,0.000000,0.000000,0.000000,0.000000,0.000000,0.000000,0.000000,0.001431
detail,4,0.000000,0.000000,0.000000,0.000000,0.000000,0.000000,0.000000,0.000000,0.000000,0.000000,0.000000,0.000000,0.000000,0.001431,0.000000,0.000000,0.000000,0.000000,0.000000,0.000000,0.004292,0.000000
david,4,0.000000,0.000000,0.000000,0.000000,0.000000,0.000000,0.000000,0.000000,0.001431,0.000000,0.000000,0.001431,0.000000,0.000000,0.000000,0.000000,0.000000,0.000000,0.000000,0.000000,0.001431,0.000000
conduct,4,0.000000,0.000000,0.000000,0.000000,0.000000,0.000000,0.000000,0.001431,0.000000,0.000000,0.000000,0.000000,0.000000,0.000000,0.000000,0.000000,0.001431,0.000000,0.000000,0.002861,0.000000,0.000000
computer,4,0.000000,0.000000,0.000000,0.000000,0.001431,0.000000,0.001431,0.000000,0.000000,0.000000,0.000000,0.000000,0.000000,0.000000,0.000000,0.000000,0.000000,0.000000,0.000000,0.000000,0.002861,0.000000
completion,4,0.000000,0.000000,0.000000,0.000000,0.001431,0.000000,0.000000,0.000000,0.000000,0.002861,0.000000,0.000000,0.000000,0.000000,0.000000,0.000000,0.000000,0.000000,0.000000,0.001431,0.000000,0.000000
commander,4,0.000000,0.000000,0.000000,0.000000,0.001431,0.000000,0.000000,0.000000,0.000000,0.000000,0.000000,0.000000,0.000000,0.000000,0.000000,0.000000,0.000000,0.000000,0.000000,0.000000,0.004292,0.000000
com,4,0.000000,0.000000,0.000000,0.000000,0.000000,0.000000,0.000000,0.000000,0.000000,0.000000,0.000000,0.000000,0.000000,0.004292,0.000000,0.000000,0.001431,0.000000,0.000000,0.000000,0.000000,0.000000
columbia,4,0.000000,0.000000,0.000000,0.000000,0.002861,0.000000,0.001431,0.001431,0.000000,0.000000,0.000000,0.000000,0.000000,0.000000,0.000000,0.000000,0.000000,0.000000,0.000000,0.000000,0.000000,0.000000
center,4,0.000000,0.000000,0.000000,0.000000,0.001431,0.000000,0.000000,0.004292,0.000000,0.000000,0.000000,0.000000,0.000000,0.000000,0.000000,0.000000,0.000000,0.000000,0.000000,0.000000,0.000000,0.000000
5/91,4,0.000000,0.000000,0.000000,0.000000,0.005722,0.000000,0.000000,0.000000,0.000000,0.000000,0.000000,0.000000,0.000000,0.000000,0.000000,0.000000,0.000000,0.000000,0.000000,0.000000,0.000000,0.000000
15/92,4,0.000000,0.000000,0.000000,0.000000,0.000000,0.005722,0.000000,0.000000,0.000000,0.000000,0.000000,0.000000,0.000000,0.000000,0.000000,0.000000,0.000000,0.000000,0.000000,0.000000,0.000000,0.000000
