the iss,282,0.000000,0.000000,0.000000,0.000000,0.000000,0.000000,0.000000,0.000000,0.000000,0.001324,0.001324,0.002648,0.000530,0.007149,0.006620,0.004766,0.006885,0.004237,0.006355,0.005561,0.009003,0.009797
the space,194,0.004766,0.000794,0.001059,0.003972,0.002913,0.001854,0.003972,0.003972,0.000794,0.001324,0.002648,0.003707,0.000794,0.003707,0.001854,0.000265,0.003972,0.001059,0.001854,0.000794,0.001059,0.002118
the first,188,0.002118,0.001059,0.000794,0.000530,0.000794,0.002118,0.001324,0.001324,0.000265,0.001589,0.003972,0.005826,0.000530,0.005031,0.001854,0.000794,0.003442,0.002648,0.003442,0.003442,0.002118,0.001589
the russian,105,0.000265,0.000000,0.000000,0.000000,0.000265,0.001059,0.000794,0.001324,0.000794,0.002118,0.006620,0.003178,0.000265,0.001854,0.001059,0.001324,0.000530,0.001059,0.000794,0.001589,0.000794,0.001324
the crew,97,0.001059,0.000000,0.000265,0.000000,0.000000,0.000530,0.000000,0.000794,0.000000,0.001059,0.002913,0.001324,0.000530,0.002118,0.002118,0.001589,0.001324,0.002913,0.001059,0.001854,0.001589,0.001059
the mission,61,0.000000,0.000000,0.000265,0.000265,0.000000,0.000000,0.000000,0.001059,0.000000,0.000794,0.001854,0.000265,0.000265,0.001854,0.001589,0.001324,0.001059,0.000265,0.002118,0.001589,0.000000,0.000794
the station,58,0.000000,0.000530,0.000000,0.000265,0.000530,0.000000,0.000265,0.000530,0.000000,0.000265,0.001589,0.001059,0.000530,0.002648,0.000265,0.000265,0.001059,0.000530,0.000794,0.000794,0.000000,0.000000
the shuttle,57,0.000000,0.000000,0.000000,0.001059,0.000530,0.000530,0.000000,0.000265,0.000000,0.001854,0.002118,0.001324,0.000530,0.001059,0.000265,0.000794,0.000794,0.000000,0.001589,0.000265,0.000530,0.000265
the moon,42,0.000000,0.000000,0.000530,0.000530,0.000530,0.000794,0.000530,0.001589,0.000000,0.000794,0.000265,0.000794,0.000000,0.000530,0.000000,0.000000,0.000000,0.000530,0.000794,0.000794,0.000265,0.001059
the launch,40,0.001324,0.000794,0.000265,0.000265,0.000530,0.000265,0.000530,0.000000,0.000000,0.000265,0.000530,0.000794,0.000530,0.000000,0.001324,0.000794,0.000000,0.000000,0.000265,0.000000,0.001589,0.000000
the universe,37,0.000000,0.000000,0.000000,0.000265,0.000265,0.000530,0.001324,0.001854,0.000000,0.000265,0.001324,0.000265,0.001324,0.000265,0.000530,0.000530,0.000265,0.000000,0.000000,0.000530,0.000000,0.000265
the spacewalk,37,0.000000,0.000000,0.000000,0.000000,0.000000,0.000000,0.000000,0.000000,0.000000,0.000265,0.000530,0.000000,0.000794,0.000265,0.000000,0.000000,0.000265,0.001059,0.000265,0.001589,0.001324,0.000530
the mir,35,0.000265,0.001059,0.000000,0.000000,0.000265,0.001324,0.000000,0.000265,0.000265,0.001589,0.002383,0.000530,0.000000,0.000794,0.000265,0.000000,0.000000,0.000000,0.000265,0.000000,0.000000,0.000000
the second,34,0.000265,0.000000,0.000000,0.000000,0.000265,0.000265,0.000000,0.000265,0.000000,0.000265,0.000794,0.001324,0.000000,0.000265,0.000265,0.000530,0.000265,0.000000,0.000000,0.000530,0.001059,0.000265
the university,33,0.000000,0.000000,0.000000,0.000000,0.000794,0.000000,0.001059,0.001589,0.000000,0.000530,0.000530,0.000530,0.000000,0.000000,0.000530,0.000000,0.000530,0.000265,0.000530,0.001059,0.000265,0.000265
the hst,30,0.000000,0.000000,0.000000,0.000000,0.000000,0.000000,0.000000,0.000530,0.000000,0.000000,0.000794,0.000530,0.000265,0.000000,0.000530,0.001589,0.001059,0.000265,0.001324,0.000265,0.000000,0.000000
the craft,28,0.000000,0.000000,0.000000,0.000265,0.000000,0.000000,0.000000,0.000000,0.000000,0.000000,0.001059,0.000265,0.001589,0.000530,0.000530,0.000000,0.001324,0.000265,0.000000,0.000000,0.001059,0.000265
the hubble,27,0.000000,0.000000,0.000000,0.001854,0.002118,0.000530,0.000000,0.000530,0.000265,0.000000,0.000265,0.000530,0.000530,0.000000,0.000000,0.000000,0.000265,0.000000,0.000000,0.000000,0.000000,0.000265
the house,27,0.000000,0.000794,0.000000,0.000265,0.000530,0.000000,0.000000,0.001059,0.000000,0.000000,0.000530,0.001059,0.000000,0.000000,0.000000,0.000000,0.000265,0.000000,0.000530,0.000794,0.000265,0.001059
the project,24,0.000000,0.000265,0.000000,0.000000,0.000530,0.000000,0.001324,0.001324,0.000265,0.000530,0.001059,0.000000,0.000000,0.000530,0.000000,0.000000,0.000265,0.000265,0.000000,0.000000,0.000000,0.000000
the expedition,24,0.000000,0.000000,0.000000,0.000000,0.000000,0.000000,0.000265,0.000000,0.000000,0.000000,0.000000,0.000265,0.000000,0.000000,0.000530,0.000530,0.001059,0.000265,0.001059,0.000265,0.000000,0.001324
the discovery,24,0.000000,0.000000,0.000000,0.000000,0.000794,0.000265,0.000000,0.000000,0.000000,0.000530,0.000530,0.001059,0.000265,0.000000,0.000000,0.000530,0.000000,0.000265,0.000265,0.000530,0.001059,0.000000
the spacecraft,23,0.000265,0.000265,0.000265,0.000000,0.000530,0.000000,0.000000,0.000265,0.000000,0.000000,0.000530,0.000000,0.001059,0.000000,0.000794,0.000000,0.000000,0.000265,0.000000,0.001059,0.000000,0.000794
the program,23,0.000000,0.000000,0.000000,0.000000,0.000530,0.000265,0.000530,0.000530,0.000000,0.000000,0.000530,0.000794,0.000000,0.000000,0.000000,0.000265,0.000530,0.000000,0.000794,0.000265,0.000794,0.000265
the office,21,0.000530,0.000000,0.000000,0.000000,0.000000,0.000000,0.000794,0.001324,0.000000,0.000000,0.000000,0.000794,0.000265,0.000265,0.000000,0.000265,0.000265,0.000000,0.000265,0.000000,0.000265,0.000265
the team,20,0.000265,0.000000,0.000000,0.000000,0.000000,0.000000,0.000530,0.000000,0.000000,0.000000,0.000530,0.000265,0.000794,0.000000,0.000530,0.000000,0.000265,0.000530,0.000000,0.000530,0.000000,0.000530
the end,20,0.000000,0.000000,0.000000,0.000000,0.000265,0.000265,0.000000,0.000530,0.000000,0.000265,0.000530,0.000265,0.000000,0.000794,0.000265,0.000265,0.000000,0.000000,0.000000,0.000265,0.000794,0.000000
a spacewalk,20,0.000000,0.000000,0.000000,0.000000,0.000000,0.000000,0.000000,0.000000,0.000000,0.000000,0.000265,0.000000,0.000265,0.001059,0.000000,0.000000,0.000530,0.000794,0.000265,0.000265,0.000794,0.000530
a russian,20,0.000000,0.000000,0.000000,0.000000,0.000000,0.000530,0.000000,0.000265,0.000265,0.000000,0.000530,0.000000,0.000000,0.000265,0.000000,0.000000,0.000000,0.000265,0.000265,0.000530,0.000265,0.001324
the third,19,0.000265,0.000000,0.000000,0.000265,0.000265,0.000000,0.000000,0.000530,0.000000,0.000000,0.000265,0.000265,0.000530,0.000000,0.000000,0.000265,0.000000,0.000000,0.000000,0.000530,0.000530,0.000530
the sun,19,0.000000,0.000000,0.000000,0.000000,0.000530,0.000794,0.000000,0.000000,0.000000,0.001324,0.000265,0.000000,0.000000,0.000000,0.000000,0.000265,0.000000,0.000265,0.000794,0.000265,0.000530,0.000000
the columbia,19,0.000000,0.000000,0.000000,0.000000,0.000000,0.000000,0.000000,0.000000,0.000000,0.000000,0.000000,0.000000,0.000000,0.000000,0.000000,0.000000,0.003178,0.000265,0.000530,0.000530,0.000265,0.000265
the apollo,19,0.000000,0.000000,0.000530,0.000530,0.000000,0.000000,0.000000,0.000530,0.000000,0.000530,0.000794,0.000000,0.000000,0.000000,0.000265,0.000000,0.000794,0.000265,0.000265,0.000000,0.000000,0.000530
the american,19,0.000265,0.000000,0.000000,0.000265,0.000265,0.000265,0.001059,0.000000,0.000265,0.000265,0.001589,0.000000,0.000000,0.000265,0.000000,0.000265,0.000000,0.000000,0.000000,0.000000,0.000000,0.000000
a space,19,0.000530,0.000265,0.000000,0.000000,0.000530,0.000265,0.000265,0.000265,0.000000,0.000000,0.000530,0.000794,0.000000,0.000000,0.000000,0.000000,0.000530,0.000000,0.000265,0.000265,0.000000,0.000265
the soyuz,18,0.000000,0.000265,0.000000,0.000000,0.000000,0.000000,0.000000,0.000265,0.000000,0.000530,0.000530,0.000000,0.000000,0.000000,0.000000,0.000530,0.000530,0.000000,0.000794,0.000000,0.000000,0.000794
the flight,18,0.000000,0.000000,0.000000,0.000000,0.000530,0.000265,0.000000,0.000265,0.000000,0.000265,0.000265,0.000265,0.000530,0.000000,0.000265,0.000265,0.000794,0.000000,0.000265,0.000000,0.000530,0.000000
a team,18,0.000265,0.000265,0.000000,0.000000,0.000000,0.000000,0.000265,0.000265,0.000000,0.000530,0.000000,0.000530,0.000000,0.000000,0.000000,0.000265,0.000000,0.000530,0.000000,0.000530,0.000000,0.000530
the time,17,0.000000,0.000000,0.000000,0.000000,0.000530,0.000000,0.000000,0.000000,0.000000,0.000530,0.000000,0.000530,0.000265,0.000000,0.000000,0.000000,0.000265,0.000000,0.000530,0.000000,0.001324,0.000530
the report,17,0.000000,0.000000,0.000000,0.000000,0.000265,0.000000,0.000000,0.000265,0.000265,0.000000,0.000530,0.001324,0.000000,0.000530,0.000000,0.000000,0.000265,0.000000,0.000000,0.000794,0.000265,0.000000
a nasa,17,0.000000,0.000000,0.000265,0.000000,0.000000,0.000794,0.000265,0.000794,0.000000,0.000000,0.001059,0.000530,0.000000,0.000000,0.000000,0.000000,0.000000,0.000265,0.000265,0.000000,0.000265,0.000000
the comet,16,0.000265,0.000000,0.000000,0.000000,0.000000,0.000000,0.000265,0.000265,0.000000,0.001589,0.000000,0.000000,0.000000,0.000000,0.000794,0.000000,0.000000,0.000000,0.000000,0.000530,0.000000,0.000530
the development,15,0.000265,0.000000,0.000000,0.000000,0.000000,0.000000,0.000265,0.000265,0.000000,0.000265,0.000265,0.000000,0.000794,0.000265,0.000000,0.000000,0.000530,0.000000,0.000000,0.000000,0.000265,0.000265
a soyuz,15,0.000530,0.000265,0.000000,0.000000,0.000000,0.000000,0.000000,0.000265,0.000000,0.000000,0.000000,0.000000,0.000000,0.000000,0.000000,0.000000,0.000530,0.000000,0.000530,0.000530,0.000000,0.000794
the telescope,14,0.000000,0.000000,0.000000,0.001059,0.000794,0.000000,0.000000,0.000000,0.000000,0.000000,0.000000,0.000000,0.000265,0.000000,0.000000,0.000000,0.000530,0.000000,0.000265,0.000000,0.000000,0.000000
the nasa,14,0.000530,0.000000,0.000265,0.000265,0.000000,0.000265,0.000000,0.000265,0.000000,0.000000,0.000000,0.000000,0.000000,0.000265,0.000000,0.000265,0.000000,0.000265,0.000000,0.000265,0.000265,0.000794
the age,14,0.000000,0.000000,0.000000,0.000000,0.000000,0.000000,0.000000,0.000265,0.000000,0.000000,0.000000,0.000530,0.000794,0.000530,0.000530,0.000000,0.000530,0.000000,0.000000,0.000265,0.000000,0.000265
a member,14,0.000000,0.000000,0.000000,0.000000,0.000000,0.000000,0.000000,0.000000,0.000000,0.000000,0.000265,0.000794,0.000000,0.000000,0.000000,0.000000,0.000265,0.000530,0.000530,0.000000,0.000530,0.000794
a crew,14,0.000265,0.000000,0.000265,0.000000,0.000000,0.000000,0.000000,0.000000,0.000000,0.000265,0.000530,0.000530,0.000265,0.000265,0.000265,0.000000,0.000000,0.000000,0.000530,0.000000,0.000265,0.000265
the year,13,0.000000,0.000000,0.000000,0.000000,0.000265,0.000000,0.000265,0.000000,0.000000,0.000000,0.000000,0.000000,0.001589,0.001059,0.000000,0.000000,0.000000,0.000000,0.000000,0.000000,0.000000,0.000000
the pair,13,0.000000,0.000000,0.000000,0.000000,0.000000,0.000000,0.000000,0.000000,0.000000,0.000000,0.000000,0.000530,0.000265,0.000265,0.000000,0.000000,0.000000,0.000000,0.000000,0.000530,0.000000,0.000000
the cost,13,0.000000,0.000000,0.000000,0.000000,0.000530,0.000265,0.000000,0.000530,0.000000,0.000000,0.000000,0.000530,0.000265,0.000000,0.000000,0.000000,0.000265,0.000000,0.000265,0.000265,0.000530,0.000000
the appointment,13,0.000000,0.000000,0.000530,0.000000,0.000530,0.000265,0.000265,0.000000,0.000000,0.000000,0.000000,0.000000,0.000794,0.000000,0.000000,0.000000,0.000530,0.000000,0.000000,0.000000,0.000000,0.000530
the world,12,0.000000,0.000000,0.000000,0.000265,0.000265,0.000530,0.000530,0.000000,0.000000,0.000530,0.000000,0.000265,0.000000,0.000265,0.000265,0.000000,0.000000,0.000000,0.000265,0.000000,0.000000,0.000000
the study,12,0.000000,0.000000,0.000000,0.000000,0.000265,0.000530,0.000000,0.000000,0.000000,0.000265,0.000000,0.000530,0.000000,0.000530,0.000000,0.000000,0.000265,0.000000,0.000000,0.000530,0.000000,0.000265
the research,12,0.000265,0.000000,0.000000,0.000000,0.000265,0.000265,0.000000,0.000000,0.000000,0.000000,0.000265,0.000265,0.000530,0.000265,0.000000,0.000000,0.000000,0.000265,0.000000,0.000530,0.000000,0.000265
the problem,12,0.000265,0.000000,0.000000,0.000794,0.000530,0.000000,0.000000,0.000000,0.000000,0.000000,0.000000,0.000265,0.000000,0.000530,0.000000,0.000000,0.000265,0.000265,0.000000,0.000000,0.000000,0.000000
the ozone,12,0.000000,0.000000,0.000000,0.000000,0.000530,0.000530,0.000265,0.000265,0.000000,0.000000,0.000000,0.000000,0.000000,0.001589,0.000000,0.000000,0.000000,0.000000,0.000000,0.000000,0.000000,0.000000
the foam,12,0.000000,0.000000,0.000000,0.000000,0.000000,0.000000,0.000000,0.000000,0.000000,0.000000,0.000000,0.000000,0.000000,0.000000,0.000000,0.000000,0.000530,0.001324,0.000794,0.000000,0.000265,0.000265
the event,12,0.000000,0.000000,0.000265,0.000265,0.000000,0.000000,0.000000,0.000000,0.000000,0.000265,0.000530,0.000530,0.000000,0.000000,0.000265,0.000000,0.000000,0.000265,0.000265,0.000530,0.000000,0.000000
the air,12,0.000265,0.000000,0.000000,0.000000,0.000265,0.000000,0.000000,0.000265,0.000000,0.000000,0.000265,0.000000,0.000794,0.000000,0.000000,0.000265,0.000265,0.000530,0.000000,0.000265,0.000000,0.000000
the president,11,0.000000,0.000000,0.000530,0.000000,0.000000,0.000000,0.000530,0.000000,0.000265,0.000265,0.000000,0.000000,0.000530,0.000000,0.000000,0.000000,0.000000,0.000000,0.000265,0.000265,0.000000,0.000000
the panel,11,0.000000,0.000000,0.000000,0.000000,0.000000,0.000000,0.000265,0.000265,0.000000,0.000000,0.000265,0.000000,0.000530,0.000265,0.000000,0.000265,0.000530,0.000000,0.000265,0.000265,0.000000,0.000000
the future,11,0.000000,0.000000,0.000000,0.000000,0.000000,0.000000,0.000000,0.000000,0.000000,0.000000,0.000530,0.000265,0.000000,0.000530,0.000265,0.000000,0.000000,0.000265,0.000794,0.000265,0.000000,0.000000
the earth,11,0.000530,0.000265,0.000000,0.000265,0.000530,0.000000,0.000265,0.000265,0.000000,0.000000,0.000000,0.000000,0.000000,0.000265,0.000000,0.000000,0.000000,0.000000,0.000000,0.000000,0.000265,0.000000
the director,11,0.000794,0.000000,0.000265,0.000000,0.000000,0.000794,0.000265,0.000000,0.000000,0.000265,0.000265,0.000000,0.000000,0.000000,0.000000,0.000000,0.000000,0.000000,0.000000,0.000000,0.000265,0.000000
the company,11,0.000000,0.000000,0.000000,0.000000,0.000265,0.000000,0.000000,0.000000,0.000000,0.000530,0.000265,0.000000,0.001059,0.000000,0.000000,0.000000,0.000265,0.000530,0.000000,0.000000,0.000000,0.000000
the budget,11,0.000000,0.000000,0.000000,0.000265,0.000000,0.000000,0.000265,0.000000,0.000000,0.000000,0.000530,0.000794,0.000000,0.000000,0.000265,0.000000,0.000000,0.000000,0.000000,0.000794,0.000000,0.000000
an american,11,0.000000,0.000000,0.000000,0.000000,0.000000,0.000000,0.000000,0.000265,0.000000,0.000000,0.000530,0.000265,0.000000,0.000000,0.000000,0.000000,0.000265,0.000000,0.000000,0.000000,0.000265,0.001059
the senate,10,0.000000,0.000000,0.000000,0.000000,0.000530,0.000000,0.000265,0.000000,0.000000,0.000000,0.000265,0.000530,0.000000,0.000000,0.000000,0.000000,0.000000,0.000000,0.000265,0.000000,0.000265,0.000530
the government,10,0.000000,0.000000,0.000000,0.000000,0.000000,0.000000,0.000000,0.000530,0.000000,0.000265,0.000265,0.000530,0.000265,0.000265,0.000000,0.000000,0.000530,0.000000,0.000000,0.000000,0.000000,0.000000
the atmosphere,10,0.000000,0.000530,0.000000,0.000000,0.000000,0.000000,0.000265,0.000265,0.000265,0.000000,0.000265,0.000000,0.000000,0.000265,0.000000,0.000000,0.000000,0.000000,0.000000,0.000000,0.000265,0.000000
the agreement,10,0.000000,0.000000,0.000000,0.000000,0.000000,0.000000,0.000000,0.000794,0.000000,0.000265,0.000000,0.000000,0.000000,0.000000,0.000265,0.000000,0.000000,0.000000,0.000265,0.000265,0.000794,0.000000
the aerospace,10,0.000000,0.000000,0.000000,0.000000,0.000000,0.000794,0.000265,0.000265,0.000000,0.000265,0.000000,0.000000,0.000265,0.000000,0.000265,0.000000,0.000265,0.000000,0.000000,0.000000,0.000265,0.000000
an altitude,10,0.000000,0.000000,0.000000,0.000000,0.000000,0.000530,0.000000,0.000000,0.000000,0.000000,0.000000,0.000000,0.000000,0.000000,0.000000,0.000000,0.000530,0.001324,0.000000,0.000265,0.000000,0.000000
a report,10,0.000265,0.000000,0.000000,0.000265,0.000000,0.000000,0.000000,0.000794,0.000265,0.000000,0.000265,0.000265,0.000000,0.000000,0.000000,0.000000,0.000000,0.000000,0.000000,0.000265,0.000000,0.000265
the selection,9,0.000000,0.000000,0.000000,0.000265,0.000000,0.000000,0.000000,0.000530,0.000000,0.000000,0.000000,0.000265,0.000000,0.000000,0.000265,0.000530,0.000265,0.000000,0.000000,0.000000,0.000000,0.000000
the position,9,0.000265,0.000000,0.000000,0.000000,0.000000,0.000000,0.000000,0.000000,0.000000,0.000000,0.000265,0.000530,0.000000,0.000000,0.000000,0.000000,0.000000,0.000000,0.000000,0.000000,0.000530,0.000530
the planet,9,0.000000,0.000000,0.000265,0.000000,0.000000,0.000000,0.000265,0.000000,0.000000,0.000000,0.000000,0.000000,0.000530,0.000794,0.000000,0.000000,0.000000,0.000000,0.000265,0.000265,0.000000,0.000000
the orbiter,9,0.000000,0.000530,0.000000,0.000530,0.000265,0.000000,0.000000,0.000000,0.000000,0.000000,0.000000,0.000000,0.000000,0.000000,0.000000,0.000000,0.000000,0.000530,0.000265,0.000000,0.000265,0.000000
the module,9,0.000000,0.000000,0.000000,0.000000,0.000000,0.000000,0.000000,0.000000,0.000000,0.000000,0.000000,0.000794,0.000000,0.000530,0.000265,0.000000,0.000000,0.000000,0.000000,0.000000,0.000530,0.000000
the impact,9,0.000000,0.000530,0.000000,0.000000,0.000265,0.000000,0.000265,0.000530,0.000000,0.000000,0.000000,0.000000,0.000000,0.000000,0.000265,0.000000,0.000000,0.000000,0.000000,0.000000,0.000265,0.000265
the ground,9,0.000000,0.000000,0.000000,0.000000,0.000530,0.000265,0.000000,0.000530,0.000000,0.000000,0.000265,0.000265,0.000000,0.000000,0.000265,0.000000,0.000000,0.000000,0.000000,0.000265,0.000000,0.000000
the galileo,9,0.000000,0.000000,0.000265,0.000000,0.000000,0.000000,0.000000,0.000265,0.000000,0.001059,0.000794,0.000000,0.000000,0.000000,0.000000,0.000000,0.000000,0.000000,0.000000,0.000000,0.000000,0.000000
the european,9,0.000000,0.000000,0.000000,0.000000,0.000000,0.000265,0.000000,0.000530,0.000000,0.000265,0.000265,0.000000,0.000000,0.000530,0.000265,0.000000,0.000000,0.000000,0.000000,0.000000,0.000000,0.000265
the course,9,0.000000,0.000000,0.000000,0.000000,0.000000,0.000000,0.000000,0.000000,0.000000,0.000000,0.000530,0.000000,0.000000,0.000530,0.000265,0.000000,0.000000,0.000000,0.000000,0.000265,0.000265,0.000530
the committee,9,0.000000,0.000000,0.000000,0.000000,0.000000,0.000000,0.000000,0.000265,0.000000,0.000000,0.000000,0.000000,0.000000,0.000000,0.000000,0.000000,0.000265,0.000000,0.001059,0.000000,0.000265,0.000000
the california,9,0.000000,0.000000,0.000000,0.000000,0.000794,0.000000,0.000265,0.000265,0.000000,0.000000,0.000000,0.000000,0.000000,0.000000,0.000000,0.000000,0.000000,0.000530,0.000265,0.000265,0.000000,0.000000
the astronaut,9,0.000265,0.000000,0.000000,0.000265,0.000265,0.000000,0.000000,0.000000,0.000000,0.000000,0.000265,0.000530,0.000000,0.000265,0.000000,0.000265,0.000000,0.000000,0.000000,0.000000,0.000000,0.000265
the agency,9,0.000265,0.000265,0.000000,0.000530,0.000000,0.000265,0.000265,0.000265,0.000000,0.000000,0.000000,0.000265,0.000000,0.000265,0.000000,0.000000,0.000000,0.000000,0.000000,0.000000,0.000000,0.000000
the subcommittee,8,0.000000,0.000000,0.000000,0.000530,0.000000,0.000000,0.000000,0.000000,0.000000,0.000000,0.000000,0.000000,0.000265,0.000000,0.000000,0.000530,0.000000,0.000000,0.000265,0.000000,0.000000,0.000530
the satellite,8,0.000000,0.000265,0.000265,0.000000,0.000000,0.000000,0.000000,0.000000,0.000265,0.000000,0.000794,0.000000,0.000000,0.000000,0.000000,0.000000,0.000265,0.000000,0.000000,0.000000,0.000265,0.000000
the request,8,0.000000,0.000000,0.000000,0.000000,0.000265,0.000000,0.000000,0.000000,0.000000,0.000000,0.000530,0.000265,0.000000,0.000000,0.000000,0.000000,0.000000,0.000000,0.000000,0.000265,0.000000,0.000530
the center,8,0.000265,0.000265,0.000000,0.000000,0.000265,0.000000,0.000265,0.000265,0.000000,0.000265,0.000000,0.000000,0.000000,0.000000,0.000000,0.000000,0.000265,0.000000,0.000000,0.000000,0.000000,0.000000
the boeing,8,0.000000,0.000000,0.000000,0.000000,0.000000,0.000265,0.000000,0.000000,0.000000,0.000265,0.000000,0.001059,0.000000,0.000000,0.000000,0.000000,0.000530,0.000000,0.000000,0.000000,0.000000,0.000000
the award,8,0.000000,0.000000,0.000000,0.000000,0.000265,0.000000,0.000000,0.000265,0.000000,0.000530,0.000000,0.000000,0.000000,0.000530,0.000000,0.000000,0.000265,0.000000,0.000000,0.000265,0.000000,0.000000
the accident,8,0.000794,0.000000,0.000000,0.000000,0.000000,0.000000,0.000265,0.000000,0.000000,0.000000,0.000265,0.000000,0.000265,0.000000,0.000000,0.000000,0.000265,0.000265,0.000000,0.000000,0.000000,0.000000
an astronaut,8,0.000000,0.000000,0.000000,0.000265,0.000000,0.000000,0.000000,0.000000,0.000000,0.000000,0.000000,0.000530,0.000265,0.000265,0.000000,0.000000,0.000000,0.000265,0.000265,0.000000,0.000000,0.000265
a number,8,0.000000,0.000000,0.000000,0.000265,0.000265,0.000000,0.000530,0.000530,0.000000,0.000000,0.000000,0.000000,0.000000,0.000000,0.000000,0.000000,0.000000,0.000000,0.000000,0.000000,0.000000,0.000265
the washington,7,0.000000,0.000000,0.000265,0.000000,0.000530,0.000000,0.001059,0.000000,0.000000,0.000000,0.000000,0.000000,0.000000,0.000000,0.000000,0.000000,0.000000,0.000000,0.000000,0.000000,0.000000,0.000000
the wake,7,0.000000,0.000000,0.000000,0.000000,0.000000,0.000000,0.000000,0.000265,0.000000,0.000000,0.000000,0.000000,0.000000,0.000000,0.000265,0.000000,0.001324,0.000000,0.000000,0.000000,0.000000,0.000000
the rocket,7,0.000000,0.000000,0.000000,0.000265,0.000000,0.000000,0.000000,0.000265,0.000000,0.000000,0.000000,0.000530,0.000000,0.000000,0.000000,0.000000,0.000000,0.000265,0.000000,0.000000,0.000530,0.000000
the redesign,7,0.000000,0.000000,0.000000,0.000265,0.000000,0.000000,0.001324,0.000000,0.000000,0.000000,0.000000,0.000000,0.000000,0.000000,0.000265,0.000000,0.000000,0.000000,0.000000,0.000000,0.000000,0.000000
the process,7,0.000000,0.000000,0.000000,0.000000,0.000000,0.000000,0.000000,0.000000,0.000000,0.000000,0.000265,0.000265,0.000000,0.000000,0.000000,0.000265,0.000000,0.000000,0.000000,0.000000,0.000530,0.000000
the presence,7,0.000000,0.000000,0.000000,0.000000,0.000000,0.000000,0.000000,0.000000,0.000265,0.000000,0.000794,0.000265,0.000000,0.000265,0.000000,0.000000,0.000000,0.000265,0.000000,0.000000,0.000000,0.000000
the navy,7,0.000000,0.000000,0.000000,0.000530,0.000265,0.000530,0.000000,0.000000,0.000000,0.000000,0.000000,0.000000,0.000265,0.000000,0.000000,0.000000,0.000265,0.000000,0.000000,0.000000,0.000000,0.000000
the mercury,7,0.000000,0.000000,0.000000,0.000000,0.000000,0.000000,0.000000,0.000000,0.000000,0.000000,0.000530,0.000794,0.000000,0.000000,0.000530,0.000000,0.000000,0.000000,0.000000,0.000000,0.000000,0.000000
the johnson,7,0.000530,0.000000,0.000265,0.000000,0.000000,0.000265,0.000000,0.000530,0.000000,0.000000,0.000000,0.000265,0.000000,0.000000,0.000000,0.000000,0.000000,0.000000,0.000000,0.000000,0.000000,0.000000
the italian,7,0.000000,0.000000,0.000000,0.000000,0.000000,0.000000,0.000000,0.000000,0.000000,0.000000,0.001059,0.000000,0.000000,0.000000,0.000265,0.000000,0.000000,0.000000,0.000265,0.000265,0.000000,0.000000
the crash,7,0.000000,0.000000,0.000000,0.000000,0.000265,0.000000,0.000000,0.000000,0.000000,0.000000,0.001059,0.000000,0.000000,0.000000,0.000000,0.000000,0.000000,0.000000,0.000000,0.000265,0.000000,0.000000
a variety,7,0.000000,0.000000,0.000000,0.000000,0.000000,0.000000,0.000265,0.000000,0.000000,0.000000,0.000000,0.000530,0.000000,0.000000,0.000000,0.000000,0.000000,0.000000,0.000265,0.000000,0.000000,0.000000
a series,7,0.000000,0.000000,0.000000,0.000000,0.000000,0.000000,0.000000,0.000000,0.000265,0.000000,0.000000,0.000000,0.000530,0.000000,0.000265,0.000000,0.000000,0.000000,0.000000,0.000000,0.000265,0.000265
a press,7,0.000000,0.000000,0.000000,0.000000,0.000000,0.000000,0.000265,0.000530,0.000000,0.000000,0.000000,0.000265,0.000265,0.000000,0.000000,0.000000,0.000000,0.000000,0.000000,0.000000,0.000000,0.000265
the zvezda,6,0.000000,0.000000,0.000000,0.000000,0.000000,0.000000,0.000000,0.000000,0.000000,0.000000,0.000000,0.000000,0.000000,0.000530,0.000000,0.000000,0.000000,0.000000,0.000000,0.000000,0.000000,0.000265
the use,6,0.000000,0.000000,0.000000,0.000000,0.000265,0.000265,0.000000,0.000000,0.000000,0.000265,0.000000,0.000000,0.000000,0.000000,0.000000,0.000265,0.000530,0.000000,0.000000,0.000000,0.000000,0.000000
the truss,6,0.000000,0.000000,0.000000,0.000000,0.000000,0.000000,0.000000,0.000000,0.000000,0.000000,0.000000,0.000000,0.000000,0.000530,0.000000,0.000000,0.000000,0.000000,0.000000,0.000265,0.000000,0.000000
the task,6,0.000265,0.000000,0.000000,0.000000,0.000000,0.000000,0.000000,0.000000,0.000000,0.000000,0.000000,0.000265,0.000530,0.000000,0.000000,0.000000,0.000000,0.000000,0.000530,0.000000,0.000000,0.000000
the source,6,0.000000,0.000000,0.000000,0.000000,0.000000,0.000000,0.000265,0.000000,0.000000,0.000000,0.000000,0.000265,0.000265,0.000000,0.000000,0.000000,0.000000,0.000530,0.000000,0.000000,0.000265,0.000000
the safety,6,0.000000,0.000000,0.000000,0.000265,0.000265,0.000000,0.000000,0.000265,0.000000,0.000000,0.000265,0.000000,0.000000,0.000000,0.000265,0.000000,0.000000,0.000000,0.000000,0.000265,0.000000,0.000000
the return,6,0.000000,0.000000,0.000000,0.000000,0.000000,0.000000,0.000000,0.000000,0.000000,0.000530,0.000000,0.000265,0.000000,0.000265,0.000000,0.000000,0.000000,0.000000,0.000000,0.000265,0.000265,0.000000
the number,6,0.000000,0.000000,0.000000,0.000000,0.000530,0.000000,0.000000,0.000000,0.000000,0.000000,0.000000,0.000000,0.000000,0.000000,0.000000,0.000000,0.000000,0.000000,0.000265,0.000265,0.000265,0.000265
the gemini,6,0.000000,0.000000,0.000000,0.000000,0.000000,0.000000,0.000000,0.000000,0.000000,0.001059,0.000000,0.000000,0.000000,0.000000,0.000530,0.000000,0.000000,0.000000,0.000000,0.000000,0.000000,0.000000
the federation,6,0.000000,0.000000,0.000000,0.000265,0.000794,0.000000,0.000265,0.000265,0.000000,0.000000,0.000000,0.000000,0.000000,0.000000,0.000000,0.000000,0.000000,0.000000,0.000000,0.000000,0.000000,0.000000
the facility,6,0.000000,0.000530,0.000000,0.000000,0.000000,0.000000,0.000000,0.000000,0.000000,0.000000,0.000000,0.000000,0.000794,0.000265,0.000000,0.000000,0.000000,0.000000,0.000000,0.000000,0.000000,0.000000
the explosion,6,0.000000,0.000000,0.000000,0.000000,0.000000,0.000265,0.000000,0.000000,0.000000,0.000000,0.000000,0.001059,0.000000,0.000000,0.000000,0.000000,0.000000,0.000000,0.000000,0.000000,0.000000,0.000265
the experiment,6,0.000000,0.000530,0.000000,0.000000,0.000000,0.000000,0.000000,0.000000,0.000000,0.000265,0.000000,0.000000,0.000000,0.000000,0.000000,0.000000,0.000000,0.000000,0.000000,0.000000,0.000000,0.000530
the design,6,0.000000,0.000000,0.000000,0.000530,0.000265,0.000000,0.000000,0.000000,0.000000,0.000000,0.000000,0.000000,0.000000,0.000000,0.000530,0.000000,0.000000,0.000000,0.000000,0.000000,0.000000,0.000000
the defense,6,0.000000,0.000000,0.000000,0.000000,0.000000,0.000000,0.000000,0.001059,0.000000,0.000000,0.000000,0.000000,0.000000,0.000000,0.000265,0.000000,0.000000,0.000000,0.000000,0.000265,0.000000,0.000000
the contract,6,0.000000,0.000000,0.000000,0.000000,0.000265,0.000794,0.000000,0.000265,0.000265,0.000000,0.000000,0.000000,0.000000,0.000000,0.000000,0.000000,0.000000,0.000000,0.000000,0.000000,0.000000,0.000000
the collision,6,0.000000,0.000000,0.000000,0.000000,0.000000,0.000265,0.000000,0.000000,0.000000,0.000000,0.001059,0.000000,0.000000,0.000000,0.000265,0.000000,0.000000,0.000000,0.000000,0.000000,0.000000,0.000000
the challenger,6,0.000794,0.000265,0.000000,0.000000,0.000265,0.000000,0.000000,0.000000,0.000000,0.000000,0.000000,0.000000,0.000000,0.000000,0.000000,0.000000,0.000265,0.000000,0.000000,0.000000,0.000000,0.000000
the cause,6,0.000000,0.000000,0.000000,0.000000,0.000000,0.000000,0.000000,0.000000,0.000000,0.000000,0.000000,0.000000,0.000265,0.000530,0.000000,0.000000,0.000265,0.000000,0.000000,0.000000,0.000265,0.000265
the caib,6,0.000000,0.000000,0.000000,0.000000,0.000000,0.000000,0.000000,0.000000,0.000000,0.000000,0.000000,0.000000,0.000000,0.000000,0.000000,0.000000,0.001324,0.000000,0.000265,0.000000,0.000000,0.000000
the board,6,0.000530,0.000000,0.000000,0.000265,0.000265,0.000000,0.000000,0.000000,0.000000,0.000000,0.000000,0.000000,0.000000,0.000000,0.000000,0.000000,0.000530,0.000000,0.000000,0.000000,0.000000,0.000000
the amount,6,0.000000,0.000000,0.000000,0.000000,0.000000,0.000000,0.000000,0.000000,0.000000,0.000000,0.000265,0.000265,0.000000,0.000000,0.000000,0.000000,0.000000,0.000000,0.000000,0.000000,0.000265,0.000000
an antenna,6,0.000000,0.000000,0.000000,0.000265,0.000000,0.000000,0.000000,0.000000,0.000000,0.000000,0.000265,0.000000,0.000265,0.000265,0.000000,0.000000,0.000000,0.000000,0.000000,0.000000,0.000265,0.000265
an agreement,6,0.000000,0.000000,0.000000,0.000000,0.000000,0.000000,0.000000,0.000000,0.000000,0.000265,0.000000,0.000265,0.000000,0.000000,0.000000,0.000000,0.000000,0.000000,0.000265,0.000265,0.000265,0.000265
a year,6,0.000265,0.000265,0.000000,0.000000,0.000000,0.000000,0.000265,0.000000,0.000000,0.000000,0.000000,0.000265,0.000265,0.000265,0.000000,0.000000,0.000000,0.000000,0.000000,0.000000,0.000000,0.000000
a second,6,0.000000,0.000000,0.000000,0.000000,0.000265,0.000000,0.000265,0.000000,0.000000,0.000000,0.000000,0.000000,0.000000,0.000000,0.000000,0.000265,0.000265,0.000000,0.000000,0.000265,0.000000,0.000000
a program,6,0.000000,0.000000,0.000530,0.000000,0.000000,0.000265,0.000000,0.000000,0.000000,0.000265,0.000000,0.000265,0.000000,0.000000,0.000265,0.000000,0.000000,0.000000,0.000000,0.000000,0.000000,0.000000
a problem,6,0.000000,0.000000,0.000000,0.000000,0.000265,0.000000,0.000000,0.000265,0.000000,0.000265,0.000530,0.000000,0.000000,0.000000,0.000000,0.000000,0.000000,0.000265,0.000000,0.000000,0.000000,0.000000
a period,6,0.000000,0.000000,0.000000,0.000000,0.000000,0.000000,0.000000,0.000000,0.000000,0.000530,0.000265,0.000000,0.000000,0.000530,0.000000,0.000265,0.000000,0.000000,0.000000,0.000000,0.000000,0.000000
a pair,6,0.000000,0.000000,0.000000,0.000000,0.000000,0.000265,0.000000,0.000000,0.000000,0.000000,0.000000,0.000000,0.000000,0.000530,0.000000,0.000000,0.000000,0.000000,0.000000,0.000000,0.000000,0.000000
a contract,6,0.000000,0.000265,0.000000,0.000000,0.000000,0.000265,0.000000,0.000794,0.000000,0.000000,0.000000,0.000000,0.000000,0.000000,0.000000,0.000000,0.000000,0.000000,0.000000,0.000000,0.000265,0.000000
a computer,6,0.000000,0.000000,0.000265,0.000000,0.000530,0.000000,0.000000,0.000000,0.000000,0.000000,0.000000,0.000265,0.000000,0.000000,0.000000,0.000000,0.000265,0.000000,0.000000,0.000000,0.000265,0.000000
a comet,6,0.000265,0.000000,0.000000,0.000000,0.000265,0.000000,0.000000,0.000000,0.000000,0.000265,0.000000,0.000000,0.000000,0.000000,0.000265,0.000000,0.000000,0.000000,0.000000,0.000265,0.000000,0.000265
the work,5,0.000000,0.000000,0.000000,0.000000,0.000530,0.000000,0.000000,0.000000,0.000000,0.000000,0.000265,0.000000,0.000000,0.000000,0.000000,0.000000,0.000000,0.000000,0.000000,0.000000,0.000000,0.000000
the way,5,0.000000,0.000000,0.000000,0.000000,0.000265,0.000265,0.000000,0.000000,0.000000,0.000000,0.000000,0.000000,0.000000,0.000265,0.000000,0.000000,0.000000,0.000000,0.000265,0.000000,0.000265,0.000000
the vision,5,0.000000,0.000000,0.000000,0.000000,0.000000,0.000000,0.000000,0.000000,0.000000,0.000000,0.000000,0.000000,0.000000,0.000000,0.000000,0.000000,0.000000,0.000265,0.000265,0.000530,0.000265,0.000000
the system,5,0.000000,0.000000,0.000000,0.000000,0.000000,0.000000,0.000000,0.000265,0.000000,0.000000,0.000265,0.000000,0.000265,0.000000,0.000000,0.000000,0.000000,0.000000,0.000000,0.000000,0.000000,0.000000
the seven,5,0.000000,0.000000,0.000000,0.000000,0.000000,0.000530,0.000000,0.000000,0.000000,0.000000,0.000000,0.000530,0.000000,0.000265,0.000000,0.000000,0.000000,0.000000,0.000000,0.000000,0.000000,0.000000
the russian-built,5,0.000000,0.000000,0.000000,0.000000,0.000000,0.000000,0.000000,0.000000,0.000000,0.000000,0.000000,0.000530,0.000000,0.000794,0.000000,0.000000,0.000000,0.000000,0.000000,0.000000,0.000000,0.000000
the review,5,0.000265,0.000000,0.000000,0.000000,0.000000,0.000000,0.000000,0.000000,0.000000,0.000000,0.000000,0.000000,0.000265,0.000000,0.000000,0.000000,0.000000,0.000000,0.000000,0.000000,0.000794,0.000000
the result,5,0.000000,0.000000,0.000000,0.000265,0.000265,0.000000,0.000000,0.000000,0.000000,0.000000,0.000000,0.000265,0.000000,0.000265,0.000000,0.000000,0.000000,0.000000,0.000000,0.000265,0.000000,0.000000
the rest,5,0.000000,0.000000,0.000000,0.000265,0.000000,0.000265,0.000000,0.000000,0.000000,0.000000,0.000000,0.000265,0.000000,0.000000,0.000530,0.000000,0.000000,0.000000,0.000000,0.000000,0.000000,0.000000
the release,5,0.000000,0.000530,0.000000,0.000000,0.000000,0.000000,0.000000,0.000000,0.000000,0.000000,0.000530,0.000000,0.000000,0.000000,0.000000,0.000000,0.000265,0.000000,0.000000,0.000000,0.000000,0.000000
the record,5,0.000000,0.000265,0.000000,0.000000,0.000000,0.000000,0.000000,0.000000,0.000000,0.000000,0.000000,0.000000,0.000000,0.000000,0.000000,0.000000,0.000000,0.000000,0.000000,0.000000,0.000265,0.000265
the purpose,5,0.000265,0.000265,0.000000,0.000000,0.000000,0.000000,0.000000,0.000000,0.000000,0.000000,0.000000,0.000265,0.000000,0.000265,0.000000,0.000000,0.000000,0.000265,0.000000,0.000000,0.000000,0.000000
the port,5,0.000000,0.000000,0.000000,0.000000,0.000000,0.000000,0.000000,0.000000,0.000000,0.000000,0.000000,0.000000,0.000000,0.000265,0.000000,0.000794,0.000000,0.000000,0.000000,0.000000,0.000000,0.000000
the plan,5,0.000000,0.000000,0.000000,0.000000,0.000530,0.000000,0.000000,0.000000,0.000000,0.000000,0.000265,0.000000,0.000000,0.000000,0.000530,0.000000,0.000000,0.000000,0.000000,0.000000,0.000000,0.000000
the payload,5,0.000000,0.000265,0.000000,0.000000,0.000000,0.000000,0.000000,0.000000,0.000000,0.000000,0.000265,0.000000,0.000000,0.000000,0.000265,0.000265,0.000000,0.000000,0.000000,0.000000,0.000000,0.000265
the orion,5,0.000000,0.000000,0.000000,0.000000,0.000000,0.000265,0.000000,0.000000,0.000000,0.000000,0.000000,0.000000,0.000000,0.000000,0.000265,0.000000,0.000000,0.000000,0.000265,0.000000,0.000530,0.000000
the ocean,5,0.000000,0.000000,0.000000,0.000000,0.000000,0.000000,0.000000,0.000000,0.000000,0.000000,0.000000,0.000265,0.000000,0.000000,0.000000,0.000000,0.000000,0.000265,0.000000,0.000000,0.000000,0.000000
the loss,5,0.000000,0.000000,0.000000,0.000000,0.000000,0.000000,0.000000,0.000000,0.000000,0.000000,0.000265,0.000000,0.000265,0.000265,0.000000,0.000000,0.000530,0.000000,0.000000,0.000000,0.000000,0.000000
the john,5,0.000000,0.000000,0.000000,0.000000,0.000530,0.000000,0.000265,0.000530,0.000000,0.000000,0.000000,0.000000,0.000000,0.000000,0.000000,0.000000,0.000000,0.000000,0.000000,0.000000,0.000000,0.000000
the institute,5,0.000000,0.000000,0.000000,0.000000,0.000530,0.000000,0.000000,0.000265,0.000000,0.000265,0.000000,0.000000,0.000000,0.000000,0.000000,0.000000,0.000265,0.000000,0.000000,0.000000,0.000000,0.000000
the installation,5,0.000000,0.000000,0.000000,0.000000,0.000000,0.000000,0.000000,0.000000,0.000000,0.000000,0.000000,0.000000,0.000000,0.000000,0.000265,0.000530,0.000000,0.000000,0.000000,0.000000,0.000000,0.000000
the history,5,0.000000,0.000000,0.000000,0.000000,0.000265,0.000000,0.000000,0.000000,0.000000,0.000530,0.000000,0.000000,0.000000,0.000000,0.000530,0.000000,0.000000,0.000000,0.000000,0.000000,0.000000,0.000000
the fy,5,0.000000,0.000000,0.000000,0.000000,0.000000,0.000000,0.000000,0.000000,0.000000,0.000000,0.000000,0.000265,0.000265,0.000000,0.000000,0.000000,0.000000,0.000000,0.000000,0.000265,0.000265,0.000265
the field,5,0.000265,0.000000,0.000000,0.000000,0.000000,0.000265,0.000000,0.000000,0.000000,0.000265,0.000000,0.000000,0.000265,0.000000,0.000000,0.000000,0.000265,0.000000,0.000000,0.000000,0.000000,0.000000
the energy,5,0.000000,0.000000,0.000000,0.000000,0.000265,0.000000,0.000265,0.000000,0.000000,0.000000,0.000265,0.000000,0.000265,0.000000,0.000000,0.000000,0.000000,0.000000,0.000000,0.000000,0.000000,0.000265
the docking,5,0.000000,0.000000,0.000000,0.000000,0.000000,0.000000,0.000000,0.000000,0.000000,0.000000,0.000000,0.000000,0.000000,0.000265,0.000000,0.000000,0.000000,0.000265,0.000000,0.000265,0.000265,0.000000
the destiny,5,0.000000,0.000000,0.000000,0.000000,0.000000,0.000000,0.000000,0.000000,0.000000,0.000000,0.000000,0.000000,0.000000,0.000265,0.000794,0.000000,0.000000,0.000000,0.000000,0.000000,0.000265,0.000000
the departure,5,0.000000,0.000265,0.000000,0.000000,0.000000,0.000000,0.000000,0.000265,0.000000,0.000000,0.000000,0.000000,0.000530,0.000265,0.000000,0.000000,0.000000,0.000000,0.000000,0.000000,0.000000,0.000000
the department,5,0.000000,0.000000,0.000000,0.000000,0.000265,0.000000,0.000265,0.000265,0.000000,0.000000,0.000000,0.000000,0.000000,0.000000,0.000000,0.000000,0.000000,0.000000,0.000000,0.000000,0.000000,0.000530
the clinton,5,0.000000,0.000000,0.000000,0.000000,0.000000,0.000000,0.000530,0.000265,0.000000,0.000000,0.000265,0.000000,0.000000,0.000265,0.000000,0.000000,0.000000,0.000000,0.000000,0.000000,0.000000,0.000000
the bolt,5,0.000000,0.000000,0.000000,0.000000,0.000000,0.000000,0.000000,0.000000,0.000000,0.000000,0.000000,0.000000,0.000000,0.000000,0.000000,0.000000,0.000000,0.000000,0.000000,0.000000,0.000000,0.000794
the backup,5,0.000000,0.000000,0.000000,0.000000,0.000000,0.000000,0.000265,0.000000,0.000000,0.000000,0.000000,0.000000,0.000000,0.000000,0.000000,0.000265,0.000000,0.000794,0.000000,0.000000,0.000000,0.000000
the aircraft,5,0.000000,0.000000,0.000000,0.000000,0.000000,0.000265,0.000000,0.000000,0.000000,0.000000,0.000000,0.000000,0.000000,0.000000,0.000000,0.000000,0.000000,0.000530,0.000000,0.000000,0.000000,0.000265
the administration,5,0.000000,0.000000,0.000000,0.000000,0.000000,0.000265,0.000794,0.000000,0.000000,0.000000,0.000000,0.000000,0.000000,0.000000,0.000000,0.000000,0.000000,0.000000,0.000000,0.000000,0.000000,0.000265
the 25th,5,0.000000,0.000000,0.000000,0.000000,0.000000,0.000000,0.000000,0.001059,0.000000,0.000000,0.000000,0.000000,0.000000,0.000265,0.000000,0.000000,0.000000,0.000000,0.000000,0.000000,0.000000,0.000000
an emergency,5,0.000000,0.000000,0.000000,0.000000,0.000530,0.000000,0.000000,0.000000,0.000000,0.000000,0.000265,0.000000,0.000000,0.000000,0.000000,0.000265,0.000000,0.000000,0.000265,0.000000,0.000000,0.000000
a titan,5,0.000530,0.000000,0.000000,0.000000,0.000265,0.000000,0.000265,0.000000,0.000000,0.000000,0.000000,0.000265,0.000000,0.000000,0.000000,0.000000,0.000000,0.000000,0.000000,0.000000,0.000000,0.000000
a test,5,0.000000,0.000000,0.000000,0.000265,0.000000,0.000000,0.000000,0.000000,0.000000,0.000265,0.000000,0.000000,0.000265,0.000000,0.000000,0.000265,0.000000,0.000265,0.000000,0.000000,0.000000,0.000000
a success,5,0.000000,0.000265,0.000000,0.000000,0.000000,0.000000,0.000000,0.000000,0.000000,0.000000,0.000000,0.000000,0.000265,0.000000,0.000000,0.000000,0.000000,0.000265,0.000265,0.000000,0.000265,0.000000
a satellite,5,0.000000,0.000000,0.000000,0.000000,0.000000,0.000000,0.000000,0.000265,0.000000,0.000000,0.000000,0.000265,0.000265,0.000000,0.000000,0.000000,0.000000,0.000000,0.000000,0.000000,0.000530,0.000000
a project,5,0.000000,0.000000,0.000000,0.000265,0.000000,0.000000,0.000265,0.000000,0.000000,0.000000,0.000265,0.000000,0.000000,0.000000,0.000000,0.000000,0.000265,0.000265,0.000000,0.000000,0.000000,0.000000
a docking,5,0.000000,0.000000,0.000000,0.000000,0.000265,0.000000,0.000000,0.000000,0.000000,0.000000,0.000000,0.000000,0.000000,0.000265,0.000000,0.000000,0.000265,0.000000,0.000000,0.000000,0.000000,0.000530
a budget,5,0.000000,0.000000,0.000000,0.000000,0.000000,0.000000,0.000000,0.000000,0.000000,0.000265,0.000265,0.000000,0.000265,0.000000,0.000000,0.000000,0.000000,0.000000,0.000000,0.000530,0.000000,0.000000
the vehicle,4,0.000000,0.000000,0.000000,0.000000,0.000000,0.000000,0.000000,0.000000,0.000000,0.000000,0.000000,0.000000,0.000000,0.000000,0.000000,0.000000,0.000000,0.000794,0.000000,0.000000,0.000000,0.000265
the surface,4,0.000000,0.000000,0.000000,0.000000,0.000000,0.000000,0.000000,0.000000,0.000000,0.000265,0.000000,0.000000,0.000000,0.000265,0.000000,0.000000,0.000000,0.000000,0.000000,0.000530,0.000000,0.000000
the stratosphere,4,0.000000,0.000000,0.000000,0.000000,0.000265,0.000000,0.000000,0.000000,0.000265,0.000000,0.000000,0.000000,0.000000,0.000530,0.000000,0.000000,0.000000,0.000000,0.000000,0.000000,0.000000,0.000000
the starboard,4,0.000000,0.000000,0.000000,0.000000,0.000000,0.000000,0.000000,0.000000,0.000000,0.000000,0.000000,0.000000,0.000000,0.000000,0.000000,0.000265,0.000000,0.000000,0.000000,0.000000,0.000265,0.000000
the smithsonian,4,0.000265,0.000000,0.000000,0.000000,0.000000,0.000000,0.000000,0.000000,0.000000,0.000265,0.000000,0.000000,0.000530,0.000000,0.000000,0.000000,0.000000,0.000000,0.000000,0.000000,0.000000,0.000000
the size,4,0.000000,0.000000,0.000000,0.000000,0.000000,0.000000,0.000265,0.000265,0.000000,0.000000,0.000000,0.000000,0.000000,0.000265,0.000000,0.000000,0.000000,0.000000,0.000000,0.000000,0.000000,0.000265
the situation,4,0.000000,0.000000,0.000000,0.000000,0.000265,0.000000,0.000000,0.000265,0.000000,0.000000,0.000265,0.000000,0.000000,0.000000,0.000000,0.000000,0.000000,0.000000,0.000000,0.000000,0.000265,0.000000
the science,4,0.000000,0.000000,0.000000,0.000000,0.000000,0.000000,0.000000,0.000000,0.000000,0.000000,0.000265,0.000000,0.000000,0.000000,0.000000,0.000000,0.000000,0.000000,0.000000,0.000000,0.000530,0.000265
the roswell,4,0.000000,0.000000,0.000000,0.000000,0.000000,0.000000,0.000000,0.000000,0.000000,0.000000,0.001059,0.000000,0.000000,0.000000,0.000000,0.000000,0.000000,0.000000,0.000000,0.000000,0.000000,0.000000
the robot,4,0.000000,0.000000,0.000000,0.000000,0.000530,0.000000,0.000000,0.000000,0.000000,0.000530,0.000000,0.000000,0.000000,0.000000,0.000000,0.000000,0.000000,0.000000,0.000000,0.000000,0.000000,0.000000
the right,4,0.000000,0.000000,0.000000,0.000000,0.000000,0.000265,0.000000,0.000000,0.000000,0.000000,0.000265,0.000000,0.000000,0.000000,0.000000,0.000000,0.000530,0.000000,0.000000,0.000000,0.000000,0.000000
the resignation,4,0.000000,0.000000,0.000000,0.000000,0.000000,0.000000,0.000000,0.000000,0.000000,0.000000,0.000000,0.000000,0.000265,0.000000,0.000000,0.000000,0.000265,0.000000,0.000000,0.000000,0.000000,0.000530
the progress,4,0.000000,0.000000,0.000000,0.000000,0.000000,0.000000,0.000000,0.000000,0.000000,0.000000,0.000530,0.000000,0.000000,0.000000,0.000000,0.000000,0.000000,0.000000,0.000000,0.000000,0.000000,0.000530
the probe,4,0.000000,0.000000,0.000000,0.000000,0.000000,0.000000,0.000000,0.000000,0.000000,0.000000,0.000000,0.000000,0.000265,0.000000,0.000530,0.000000,0.000000,0.000000,0.000000,0.000265,0.000000,0.000000
the power,4,0.000000,0.000000,0.000000,0.000000,0.000265,0.000000,0.000000,0.000000,0.000000,0.000000,0.000000,0.000000,0.000000,0.000000,0.000000,0.000000,0.000000,0.000000,0.000000,0.000000,0.000530,0.000000
the p6,4,0.000000,0.000000,0.000000,0.000000,0.000000,0.000000,0.000000,0.000000,0.000000,0.000000,0.000000,0.000000,0.000000,0.000000,0.000000,0.000000,0.000000,0.000000,0.000000,0.000000,0.001059,0.000000
the operation,4,0.000000,0.000000,0.000000,0.000000,0.000000,0.000000,0.000000,0.000265,0.000000,0.000000,0.000000,0.000000,0.000000,0.000000,0.000000,0.000000,0.000000,0.000000,0.000530,0.000000,0.000265,0.000000
the nation,4,0.000265,0.000000,0.000000,0.000000,0.000000,0.000000,0.000000,0.000000,0.000000,0.000000,0.000530,0.000265,0.000000,0.000000,0.000000,0.000000,0.000000,0.000000,0.000000,0.000000,0.000000,0.000000
the name,4,0.000000,0.000000,0.000000,0.000000,0.000265,0.000000,0.000000,0.000000,0.000000,0.000000,0.000265,0.000000,0.000265,0.000000,0.000000,0.000000,0.000000,0.000000,0.000265,0.000000,0.000000,0.000000
the midst,4,0.000000,0.000000,0.000000,0.000000,0.000000,0.000000,0.000000,0.000000,0.000000,0.000265,0.000000,0.000265,0.000000,0.000000,0.000265,0.000000,0.000000,0.000000,0.000000,0.000000,0.000265,0.000000
the kennedy,4,0.000000,0.000000,0.000265,0.000530,0.000000,0.000000,0.000265,0.000000,0.000000,0.000000,0.000000,0.000000,0.000000,0.000000,0.000000,0.000000,0.000000,0.000000,0.000000,0.000000,0.000000,0.000000
the jet,4,0.000000,0.000000,0.000000,0.000000,0.000000,0.000265,0.000530,0.000000,0.000000,0.000000,0.000000,0.000000,0.000000,0.000000,0.000265,0.000000,0.000000,0.000000,0.000000,0.000000,0.000000,0.000000
the hall,4,0.000000,0.000000,0.000000,0.000000,0.000000,0.000000,0.000000,0.000000,0.000000,0.000000,0.000265,0.000000,0.000000,0.000794,0.000000,0.000000,0.000000,0.000000,0.000000,0.000000,0.000000,0.000000
the five,4,0.000530,0.000000,0.000000,0.000000,0.000265,0.000000,0.000000,0.000000,0.000000,0.000000,0.000000,0.000000,0.000000,0.000000,0.000000,0.000000,0.000265,0.000000,0.000000,0.000000,0.000000,0.000000
the fall,4,0.000000,0.000000,0.000000,0.000000,0.000000,0.000000,0.000000,0.000530,0.000000,0.000000,0.000265,0.000265,0.000000,0.000000,0.000000,0.000000,0.000000,0.000000,0.000000,0.000000,0.000000,0.000000
the fact,4,0.000000,0.000000,0.000000,0.000000,0.000000,0.000000,0.000000,0.000000,0.000000,0.000000,0.000000,0.000530,0.000265,0.000000,0.000000,0.000000,0.000000,0.000000,0.000265,0.000000,0.000000,0.000000
the existence,4,0.000000,0.000000,0.000000,0.000000,0.000000,0.000000,0.000000,0.000000,0.000000,0.000000,0.000000,0.000000,0.000000,0.000265,0.000000,0.000265,0.000000,0.000265,0.000000,0.000265,0.000000,0.000000
the environment,4,0.000000,0.000000,0.000000,0.000000,0.000000,0.000000,0.000000,0.000000,0.000000,0.000000,0.000000,0.000000,0.000000,0.000000,0.000265,0.000000,0.000000,0.000000,0.000000,0.000530,0.000000,0.000265
the engine,4,0.000000,0.000000,0.000000,0.000000,0.000000,0.000000,0.000265,0.000000,0.000000,0.000000,0.000000,0.000000,0.000000,0.000000,0.000000,0.000000,0.000000,0.000000,0.000000,0.000000,0.000000,0.000794
the difficulty,4,0.000000,0.000000,0.000000,0.000000,0.000000,0.000000,0.000000,0.000000,0.000000,0.000265,0.000530,0.000000,0.000000,0.000000,0.000000,0.000000,0.000265,0.000000,0.000000,0.000000,0.000000,0.000000
the decade,4,0.000000,0.000000,0.000000,0.000000,0.000000,0.000530,0.000000,0.000000,0.000000,0.000000,0.000000,0.000265,0.000000,0.000000,0.000000,0.000000,0.000000,0.000000,0.000000,0.000265,0.000000,0.000000
the cosmonauts’,4,0.000000,0.000000,0.000000,0.000000,0.000000,0.000000,0.000000,0.000000,0.000000,0.000000,0.000000,0.000530,0.000000,0.000265,0.000000,0.000000,0.000000,0.000000,0.000000,0.000000,0.000000,0.000265
the composition,4,0.000000,0.000000,0.000000,0.000000,0.000000,0.000000,0.000000,0.000000,0.000000,0.000265,0.000000,0.000000,0.000000,0.000000,0.000530,0.000000,0.000000,0.000000,0.000000,0.000000,0.000000,0.000265
the commission,4,0.000000,0.000000,0.000000,0.000000,0.000265,0.000000,0.000000,0.000000,0.000000,0.000000,0.000000,0.000000,0.000000,0.000000,0.000000,0.000000,0.000000,0.000530,0.000000,0.000000,0.000000,0.000000
the change,4,0.000265,0.000000,0.000000,0.000000,0.000000,0.000000,0.000000,0.000000,0.000000,0.000000,0.000000,0.000000,0.000530,0.000000,0.000000,0.000265,0.000000,0.000000,0.000000,0.000000,0.000000,0.000000
the cev,4,0.000000,0.000000,0.000000,0.000000,0.000000,0.000000,0.000000,0.000000,0.000000,0.000000,0.000000,0.000000,0.000000,0.000000,0.000000,0.000000,0.000000,0.000000,0.000000,0.001059,0.000000,0.000000
the ceremony,4,0.000000,0.000000,0.000530,0.000000,0.000000,0.000000,0.000000,0.000000,0.000265,0.000265,0.000000,0.000000,0.000000,0.000000,0.000000,0.000000,0.000000,0.000000,0.000000,0.000000,0.000000,0.000000
the camera,4,0.000000,0.000000,0.000000,0.000000,0.000265,0.000000,0.000000,0.000000,0.000000,0.000000,0.000000,0.000000,0.000265,0.000530,0.000000,0.000000,0.000000,0.000000,0.000000,0.000000,0.000000,0.000000
the bush,4,0.000000,0.000000,0.000000,0.000000,0.000265,0.000265,0.000000,0.000000,0.000000,0.000000,0.000000,0.000000,0.000000,0.000000,0.000000,0.000000,0.000000,0.000000,0.000265,0.000265,0.000000,0.000000
the baikonur,4,0.000000,0.000265,0.000000,0.000000,0.000000,0.000000,0.000000,0.000265,0.000000,0.000000,0.000000,0.000000,0.000000,0.000000,0.000265,0.000000,0.000265,0.000000,0.000000,0.000000,0.000000,0.000000
the assistance,4,0.000000,0.000000,0.000000,0.000000,0.000000,0.000000,0.000000,0.000000,0.000000,0.000000,0.000000,0.000000,0.000000,0.000265,0.000000,0.000000,0.000000,0.000000,0.000265,0.000000,0.000265,0.000000
the antenna,4,0.000000,0.000000,0.000000,0.000000,0.000000,0.000000,0.000000,0.000000,0.000000,0.000000,0.000000,0.000000,0.000265,0.000265,0.000000,0.000000,0.000000,0.000000,0.000000,0.000000,0.000265,0.000265
the announcement,4,0.000000,0.000000,0.000000,0.000000,0.000000,0.000000,0.000000,0.000000,0.000000,0.000000,0.000265,0.000265,0.000000,0.000000,0.000265,0.000000,0.000000,0.000000,0.000000,0.000000,0.000265,0.000000
an air,4,0.000000,0.000000,0.000000,0.000000,0.000265,0.000000,0.000000,0.000000,0.000000,0.000000,0.000265,0.000000,0.000000,0.000000,0.000000,0.000000,0.000000,0.000265,0.000000,0.000000,0.000000,0.000000
a veteran,4,0.000000,0.000000,0.000000,0.000000,0.000000,0.000000,0.000000,0.000000,0.000000,0.000000,0.000000,0.000265,0.000000,0.000530,0.000000,0.000265,0.000000,0.000000,0.000000,0.000000,0.000000,0.000000
a study,4,0.000000,0.000000,0.000265,0.000000,0.000265,0.000000,0.000000,0.000265,0.000000,0.000000,0.000000,0.000265,0.000000,0.000000,0.000000,0.000000,0.000000,0.000000,0.000000,0.000000,0.000000,0.000000
a spacecraft,4,0.000000,0.000000,0.000000,0.000000,0.000000,0.000000,0.000000,0.000000,0.000000,0.000000,0.000000,0.000000,0.000265,0.000265,0.000000,0.000000,0.000000,0.000265,0.000000,0.000000,0.000000,0.000265
a six-month,4,0.000000,0.000000,0.000000,0.000000,0.000000,0.000000,0.000000,0.000000,0.000000,0.000000,0.000000,0.000000,0.000000,0.000000,0.000000,0.000000,0.000530,0.000265,0.000000,0.000265,0.000000,0.000000
a shuttle,4,0.000000,0.000000,0.000000,0.000265,0.000530,0.000000,0.000000,0.000000,0.000000,0.000000,0.000000,0.000000,0.000000,0.000000,0.000000,0.000000,0.000000,0.000000,0.000000,0.000265,0.000000,0.000000
a set,4,0.000000,0.000000,0.000000,0.000000,0.000000,0.000000,0.000000,0.000000,0.000000,0.000000,0.000000,0.000000,0.000000,0.000000,0.000000,0.000000,0.000000,0.000000,0.000000,0.000000,0.000000,0.000000
a review,4,0.000000,0.000000,0.000000,0.000000,0.000000,0.000000,0.000000,0.000000,0.000000,0.000000,0.000000,0.000000,0.000265,0.000000,0.000000,0.000000,0.000265,0.000000,0.000265,0.000000,0.000265,0.000000
a planet,4,0.000000,0.000000,0.000530,0.000000,0.000000,0.000000,0.000000,0.000000,0.000000,0.000000,0.000000,0.000000,0.000000,0.000000,0.000000,0.000265,0.000000,0.000265,0.000000,0.000000,0.000000,0.000000
a mission,4,0.000000,0.000000,0.000000,0.000000,0.000000,0.000000,0.000000,0.000000,0.000000,0.000000,0.000530,0.000000,0.000000,0.000000,0.000000,0.000000,0.000530,0.000000,0.000000,0.000000,0.000000,0.000000
a means,4,0.000000,0.000000,0.000000,0.000000,0.000000,0.000000,0.000530,0.000000,0.000000,0.000000,0.000265,0.000000,0.000000,0.000000,0.000000,0.000000,0.000000,0.000000,0.000000,0.000000,0.000000,0.000000
a man,4,0.000000,0.000000,0.000000,0.000000,0.000000,0.000265,0.000000,0.000000,0.000000,0.000000,0.000265,0.000265,0.000000,0.000000,0.000000,0.000000,0.000000,0.000000,0.000000,0.000000,0.000000,0.000265
a group,4,0.000000,0.000000,0.000000,0.000265,0.000265,0.000000,0.000000,0.000265,0.000000,0.000000,0.000000,0.000000,0.000000,0.000000,0.000000,0.000000,0.000000,0.000000,0.000265,0.000000,0.000000,0.000000
a fuel,4,0.000000,0.000000,0.000000,0.000000,0.000000,0.000000,0.000000,0.000000,0.000000,0.000000,0.000265,0.000000,0.000000,0.000000,0.000000,0.000000,0.000000,0.000530,0.000000,0.000000,0.000000,0.000265
a flight,4,0.000000,0.000000,0.000000,0.000000,0.000265,0.000000,0.000000,0.000000,0.000000,0.000000,0.000000,0.000265,0.000000,0.000000,0.000000,0.000000,0.000000,0.000265,0.000000,0.000000,0.000000,0.000000
a decade,4,0.000000,0.000000,0.000000,0.000000,0.000000,0.000000,0.000530,0.000000,0.000000,0.000000,0.000000,0.000000,0.000265,0.000000,0.000000,0.000000,0.000000,0.000000,0.000000,0.000000,0.000000,0.000000
a cost,4,0.000000,0.000000,0.000000,0.000000,0.000000,0.000000,0.000000,0.000000,0.000000,0.000000,0.000530,0.000000,0.000000,0.000000,0.000265,0.000000,0.000000,0.000000,0.000265,0.000000,0.000000,0.000000
a ceremony,4,0.000000,0.000000,0.000000,0.000000,0.000000,0.000000,0.000000,0.000265,0.000000,0.000265,0.000265,0.000000,0.000000,0.000265,0.000000,0.000000,0.000000,0.000000,0.000000,0.000000,0.000000,0.000000
the x-38,3,0.000000,0.000000,0.000000,0.000000,0.000000,0.000000,0.000000,0.000000,0.000000,0.000000,0.000000,0.000794,0.000000,0.000000,0.000000,0.000000,0.000000,0.000000,0.000000,0.000000,0.000000,0.000000
the x-30,3,0.000000,0.000000,0.000000,0.000000,0.000000,0.000265,0.000000,0.000530,0.000000,0.000000,0.000000,0.000000,0.000000,0.000000,0.000000,0.000000,0.000000,0.000000,0.000000,0.000000,0.000000,0.000000
the x,3,0.000000,0.000000,0.000000,0.000000,0.000000,0.000000,0.000000,0.000000,0.000000,0.000000,0.000000,0.000000,0.000000,0.000000,0.000000,0.000000,0.000000,0.000265,0.000530,0.000000,0.000000,0.000000
the wheel,3,0.000000,0.000000,0.000000,0.000000,0.000000,0.000000,0.000000,0.000000,0.000000,0.000000,0.000000,0.000000,0.000000,0.000000,0.000000,0.000000,0.000000,0.000000,0.000000,0.000000,0.000794,0.000000
the wall,3,0.000000,0.000000,0.000000,0.000000,0.000000,0.000000,0.000265,0.000000,0.000000,0.000000,0.000000,0.000000,0.000000,0.000000,0.000530,0.000000,0.000000,0.000000,0.000000,0.000000,0.000000,0.000000
the trip,3,0.000000,0.000000,0.000000,0.000000,0.000265,0.000265,0.000000,0.000265,0.000000,0.000000,0.000000,0.000000,0.000000,0.000000,0.000000,0.000000,0.000000,0.000000,0.000000,0.000000,0.000000,0.000000
the transition,3,0.000000,0.000000,0.000000,0.000000,0.000000,0.000000,0.000000,0.000000,0.000000,0.000000,0.000000,0.000000,0.000265,0.000000,0.000000,0.000000,0.000000,0.000000,0.000000,0.000000,0.000265,0.000265
the tragedy,3,0.000000,0.000000,0.000000,0.000000,0.000000,0.000000,0.000000,0.000000,0.000000,0.000000,0.000265,0.000000,0.000000,0.000000,0.000000,0.000000,0.000530,0.000000,0.000000,0.000000,0.000000,0.000000
the three-person,3,0.000000,0.000000,0.000000,0.000000,0.000000,0.000000,0.000000,0.000000,0.000000,0.000000,0.000265,0.000000,0.000000,0.000000,0.000265,0.000000,0.000265,0.000000,0.000000,0.000000,0.000000,0.000000
the support,3,0.000000,0.000000,0.000000,0.000000,0.000000,0.000000,0.000000,0.000000,0.000000,0.000000,0.000000,0.000000,0.000000,0.000265,0.000000,0.000000,0.000265,0.000000,0.000000,0.000000,0.000000,0.000265
the summer,3,0.000000,0.000000,0.000000,0.000000,0.000000,0.000000,0.000000,0.000000,0.000000,0.000000,0.000000,0.000265,0.000000,0.000000,0.000000,0.000000,0.000265,0.000000,0.000000,0.000265,0.000000,0.000000
the state,3,0.000000,0.000000,0.000000,0.000000,0.000265,0.000000,0.000000,0.000000,0.000000,0.000000,0.000265,0.000000,0.000000,0.000000,0.000000,0.000265,0.000000,0.000000,0.000000,0.000000,0.000000,0.000000
the sphere,3,0.000000,0.000000,0.000000,0.000000,0.000000,0.000000,0.000000,0.000000,0.000000,0.000000,0.000000,0.000000,0.000000,0.000000,0.000000,0.000794,0.000000,0.000000,0.000000,0.000000,0.000000,0.000000
the spectrograph,3,0.000000,0.000000,0.000000,0.000000,0.000000,0.000000,0.000000,0.000000,0.000000,0.000000,0.000000,0.000000,0.000265,0.000000,0.000000,0.000000,0.000000,0.000000,0.000000,0.000000,0.000000,0.000000
the son,3,0.000000,0.000000,0.000000,0.000000,0.000000,0.000000,0.000000,0.000000,0.000000,0.000000,0.000265,0.000000,0.000000,0.000000,0.000000,0.000000,0.000000,0.000000,0.000000,0.000000,0.000000,0.000530
the side,3,0.000000,0.000000,0.000000,0.000000,0.000000,0.000000,0.000000,0.000000,0.000000,0.000000,0.000000,0.000265,0.000000,0.000000,0.000265,0.000000,0.000000,0.000000,0.000000,0.000000,0.000000,0.000265
the shuttle–mir,3,0.000000,0.000000,0.000000,0.000000,0.000000,0.000000,0.000000,0.000000,0.000000,0.000265,0.000265,0.000265,0.000000,0.000000,0.000000,0.000000,0.000000,0.000000,0.000000,0.000000,0.000000,0.000000
the repair,3,0.000000,0.000000,0.000000,0.000000,0.000000,0.000000,0.000000,0.000000,0.000000,0.000000,0.000530,0.000000,0.000000,0.000000,0.000265,0.000000,0.000000,0.000000,0.000000,0.000000,0.000000,0.000000
the radio,3,0.000000,0.000000,0.000000,0.000000,0.000000,0.000000,0.000000,0.000000,0.000000,0.000000,0.000000,0.000000,0.000000,0.000000,0.000000,0.000000,0.000000,0.000000,0.000000,0.000265,0.000000,0.000530
the propulsion,3,0.000000,0.000000,0.000000,0.000000,0.000000,0.000000,0.000000,0.000000,0.000000,0.000000,0.000000,0.000000,0.000000,0.000000,0.000000,0.000000,0.000000,0.000000,0.000000,0.000000,0.000000,0.000794
the possibility,3,0.000000,0.000000,0.000000,0.000000,0.000265,0.000265,0.000000,0.000265,0.000000,0.000000,0.000000,0.000000,0.000000,0.000000,0.000000,0.000000,0.000000,0.000000,0.000000,0.000000,0.000000,0.000000
the plane,3,0.000000,0.000000,0.000000,0.000000,0.000000,0.000265,0.000000,0.000530,0.000000,0.000000,0.000000,0.000000,0.000000,0.000000,0.000000,0.000000,0.000000,0.000000,0.000000,0.000000,0.000000,0.000000
the pin,3,0.000000,0.000000,0.000000,0.000000,0.000000,0.000000,0.000000,0.000000,0.000000,0.000000,0.000000,0.000000,0.000000,0.000000,0.000000,0.000000,0.000000,0.000000,0.000000,0.000000,0.000000,0.000000
the pentagon,3,0.000000,0.000000,0.000000,0.000000,0.000000,0.000000,0.000000,0.000265,0.000000,0.000000,0.000265,0.000265,0.000000,0.000000,0.000000,0.000000,0.000000,0.000000,0.000000,0.000000,0.000000,0.000000
the origin,3,0.000000,0.000000,0.000000,0.000000,0.000265,0.000000,0.000000,0.000265,0.000000,0.000000,0.000000,0.000000,0.000000,0.000000,0.000000,0.000265,0.000000,0.000000,0.000000,0.000000,0.000000,0.000000
the orbit,3,0.000000,0.000000,0.000000,0.000000,0.000000,0.000000,0.000265,0.000000,0.000000,0.000000,0.000000,0.000265,0.000000,0.000000,0.000000,0.000265,0.000000,0.000000,0.000000,0.000000,0.000000,0.000000
the opportunity,3,0.000000,0.000000,0.000000,0.000000,0.000000,0.000000,0.000000,0.000000,0.000000,0.000000,0.000265,0.000000,0.000000,0.000000,0.000265,0.000000,0.000000,0.000000,0.000000,0.000000,0.000265,0.000000
the object,3,0.000000,0.000000,0.000000,0.000000,0.000000,0.000000,0.000000,0.000000,0.000000,0.000000,0.000000,0.000000,0.000000,0.000000,0.000000,0.000265,0.000000,0.000265,0.000000,0.000265,0.000000,0.000000
the nrc,3,0.000000,0.000000,0.000000,0.000000,0.000000,0.000000,0.000000,0.000000,0.000000,0.000000,0.000000,0.000000,0.000000,0.000000,0.000000,0.000000,0.000000,0.000000,0.000265,0.000530,0.000000,0.000000
the merger,3,0.000000,0.000000,0.000000,0.000000,0.000000,0.000000,0.000000,0.000265,0.000000,0.000265,0.000265,0.000000,0.000000,0.000000,0.000000,0.000000,0.000000,0.000000,0.000000,0.000000,0.000000,0.000000
the melatonin,3,0.000000,0.000000,0.000000,0.000000,0.000000,0.000000,0.000000,0.000000,0.000000,0.000000,0.000000,0.000794,0.000000,0.000000,0.000000,0.000000,0.000000,0.000000,0.000000,0.000000,0.000000,0.000000
the martian,3,0.000000,0.000000,0.000000,0.000000,0.000000,0.000000,0.000000,0.000000,0.000000,0.000000,0.000000,0.000000,0.000000,0.000000,0.000000,0.000000,0.000000,0.000000,0.000000,0.000000,0.000265,0.000000
the map,3,0.000000,0.000000,0.000000,0.000000,0.000000,0.000000,0.000000,0.000000,0.000000,0.000000,0.000794,0.000000,0.000000,0.000000,0.000000,0.000000,0.000000,0.000000,0.000000,0.000000,0.000000,0.000000
the life,3,0.000000,0.000000,0.000000,0.000000,0.000000,0.000000,0.000000,0.000000,0.000000,0.000000,0.000265,0.000000,0.000000,0.000000,0.000000,0.000000,0.000000,0.000000,0.000000,0.000000,0.000000,0.000000
the lack,3,0.000000,0.000000,0.000000,0.000000,0.000000,0.000000,0.000000,0.000000,0.000000,0.000000,0.000265,0.000000,0.000000,0.000000,0.000000,0.000000,0.000265,0.000000,0.000000,0.000000,0.000000,0.000000
the jpm,3,0.000000,0.000000,0.000000,0.000000,0.000000,0.000000,0.000000,0.000000,0.000000,0.000000,0.000000,0.000000,0.000000,0.000000,0.000000,0.000000,0.000000,0.000000,0.000000,0.000000,0.000000,0.000794
the job,3,0.000000,0.000000,0.000000,0.000000,0.000000,0.000000,0.000000,0.000000,0.000000,0.000265,0.000000,0.000000,0.000530,0.000000,0.000000,0.000000,0.000000,0.000000,0.000000,0.000000,0.000000,0.000000
the iran,3,0.000000,0.000000,0.000000,0.000000,0.000000,0.000000,0.000000,0.000000,0.000000,0.000000,0.000000,0.000000,0.000000,0.000000,0.000000,0.000000,0.000000,0.000000,0.000530,0.000000,0.000000,0.000265
the investigation,3,0.000000,0.000000,0.000000,0.000265,0.000000,0.000000,0.000000,0.000000,0.000000,0.000000,0.000000,0.000000,0.000265,0.000000,0.000000,0.000000,0.000265,0.000000,0.000000,0.000000,0.000000,0.000000
the interaction,3,0.000000,0.000000,0.000000,0.000000,0.000265,0.000265,0.000000,0.000000,0.000000,0.000000,0.000000,0.000000,0.000000,0.000000,0.000000,0.000000,0.000000,0.000000,0.000000,0.000000,0.000265,0.000000
the indian,3,0.000000,0.000000,0.000000,0.000000,0.000000,0.000000,0.000000,0.000000,0.000000,0.000000,0.000000,0.000000,0.000000,0.000000,0.000000,0.000000,0.000000,0.000000,0.000265,0.000265,0.000000,0.000000
the incident,3,0.000000,0.000000,0.000000,0.000000,0.000000,0.000000,0.000000,0.000000,0.000000,0.000265,0.000000,0.000000,0.000000,0.000000,0.000000,0.000000,0.000000,0.000000,0.000000,0.000000,0.000265,0.000265
the head,3,0.000000,0.000000,0.000000,0.000000,0.000265,0.000000,0.000000,0.000000,0.000000,0.000000,0.000265,0.000000,0.000000,0.000000,0.000265,0.000000,0.000000,0.000000,0.000000,0.000000,0.000000,0.000000
the fuel,3,0.000000,0.000000,0.000000,0.000000,0.000000,0.000000,0.000000,0.000000,0.000000,0.000000,0.000000,0.000000,0.000000,0.000000,0.000000,0.000000,0.000000,0.000794,0.000000,0.000000,0.000000,0.000000
the feasibility,3,0.000000,0.000000,0.000000,0.000000,0.000265,0.000000,0.000000,0.000000,0.000000,0.000265,0.000265,0.000000,0.000000,0.000000,0.000000,0.000000,0.000000,0.000000,0.000000,0.000000,0.000000,0.000000
the f-18,3,0.000000,0.000000,0.000000,0.000000,0.000000,0.000000,0.000000,0.000000,0.000000,0.000794,0.000000,0.000000,0.000000,0.000000,0.000000,0.000000,0.000000,0.000000,0.000000,0.000000,0.000000,0.000000
the exploration,3,0.000000,0.000000,0.000000,0.000000,0.000000,0.000000,0.000000,0.000000,0.000000,0.000000,0.000000,0.000000,0.000000,0.000000,0.000000,0.000000,0.000000,0.000000,0.000265,0.000265,0.000265,0.000000
the expense,3,0.000000,0.000000,0.000000,0.000000,0.000000,0.000000,0.000000,0.000000,0.000000,0.000000,0.000000,0.000000,0.000000,0.000000,0.000000,0.000000,0.000265,0.000000,0.000530,0.000000,0.000000,0.000000
the executive,3,0.000000,0.000000,0.000000,0.000000,0.000000,0.000000,0.000000,0.000000,0.000000,0.000000,0.000000,0.000000,0.000530,0.000000,0.000000,0.000000,0.000000,0.000000,0.000000,0.000265,0.000000,0.000000
the excursion,3,0.000000,0.000000,0.000000,0.000000,0.000000,0.000000,0.000000,0.000000,0.000000,0.000265,0.000265,0.000000,0.000000,0.000000,0.000000,0.000000,0.000000,0.000000,0.000000,0.000000,0.000000,0.000000
the effect,3,0.000000,0.000265,0.000000,0.000000,0.000000,0.000000,0.000000,0.000000,0.000000,0.000000,0.000265,0.000000,0.000000,0.000000,0.000000,0.000000,0.000000,0.000000,0.000000,0.000000,0.000000,0.000000
the door,3,0.000000,0.000000,0.000000,0.000000,0.000000,0.000000,0.000000,0.000000,0.000000,0.000000,0.000265,0.000265,0.000000,0.000000,0.000000,0.000000,0.000265,0.000000,0.000000,0.000000,0.000000,0.000000
the delta,3,0.000000,0.000000,0.000000,0.000000,0.000000,0.000265,0.000000,0.000265,0.000000,0.000000,0.000000,0.000000,0.000000,0.000000,0.000265,0.000000,0.000000,0.000000,0.000000,0.000000,0.000000,0.000000
the decision,3,0.000000,0.000000,0.000000,0.000000,0.000000,0.000000,0.000000,0.000265,0.000000,0.000000,0.000000,0.000265,0.000000,0.000000,0.000000,0.000000,0.000000,0.000000,0.000265,0.000000,0.000000,0.000000
the creation,3,0.000000,0.000000,0.000000,0.000000,0.000000,0.000000,0.000265,0.000265,0.000000,0.000000,0.000000,0.000000,0.000000,0.000000,0.000000,0.000265,0.000000,0.000000,0.000000,0.000000,0.000000,0.000000
the constellation,3,0.000000,0.000000,0.000000,0.000000,0.000000,0.000000,0.000000,0.000000,0.000000,0.000000,0.000000,0.000000,0.000000,0.000000,0.000000,0.000000,0.000000,0.000000,0.000000,0.000000,0.000000,0.000794
the companion,3,0.000000,0.000000,0.000000,0.000000,0.000000,0.000000,0.000000,0.000000,0.000000,0.000000,0.000000,0.000794,0.000000,0.000000,0.000000,0.000000,0.000000,0.000000,0.000000,0.000000,0.000000,0.000000
the cobe,3,0.000000,0.000000,0.000000,0.000000,0.000000,0.000000,0.000000,0.000000,0.000000,0.000000,0.000265,0.000000,0.000000,0.000000,0.000000,0.000000,0.000530,0.000000,0.000000,0.000000,0.000000,0.000000
the carnegie,3,0.000000,0.000000,0.000000,0.000000,0.000000,0.000000,0.000000,0.000000,0.000000,0.000000,0.000000,0.000000,0.000794,0.000000,0.000000,0.000000,0.000000,0.000000,0.000000,0.000000,0.000000,0.000000
the cargo,3,0.000265,0.000000,0.000265,0.000000,0.000000,0.000000,0.000000,0.000000,0.000000,0.000000,0.000000,0.000000,0.000000,0.000000,0.000000,0.000000,0.000000,0.000000,0.000000,0.000000,0.000000,0.000000
the capsule,3,0.000000,0.000000,0.000000,0.000000,0.000000,0.000000,0.000000,0.000000,0.000000,0.000000,0.000000,0.000000,0.000000,0.000000,0.000000,0.000000,0.000265,0.000000,0.000000,0.000530,0.000000,0.000000
the canadian,3,0.000000,0.000000,0.000000,0.000000,0.000265,0.000000,0.000000,0.000000,0.000000,0.000000,0.000000,0.000000,0.000265,0.000000,0.000265,0.000000,0.000000,0.000000,0.000000,0.000000,0.000000,0.000000
the aviation,3,0.000000,0.000000,0.000000,0.000000,0.000265,0.000000,0.000265,0.000000,0.000000,0.000265,0.000000,0.000000,0.000000,0.000000,0.000000,0.000000,0.000000,0.000000,0.000000,0.000000,0.000000,0.000000
the ares-1,3,0.000000,0.000000,0.000000,0.000000,0.000000,0.000000,0.000000,0.000000,0.000000,0.000000,0.000000,0.000000,0.000000,0.000000,0.000000,0.000000,0.000000,0.000000,0.000000,0.000000,0.000794,0.000000
the apollo-soyuz,3,0.000000,0.000000,0.000000,0.000000,0.000000,0.000000,0.000000,0.000000,0.000000,0.000000,0.000000,0.000000,0.000000,0.000265,0.000000,0.000000,0.000000,0.000265,0.000000,0.000265,0.000000,0.000000
the antarctic,3,0.000000,0.000000,0.000000,0.000000,0.000530,0.000000,0.000000,0.000000,0.000000,0.000000,0.000000,0.000000,0.000000,0.000000,0.000000,0.000000,0.000000,0.000000,0.000000,0.000265,0.000000,0.000000
the anniversary,3,0.000000,0.000000,0.000000,0.000000,0.000000,0.000265,0.000000,0.000000,0.000000,0.000000,0.000265,0.000000,0.000265,0.000000,0.000000,0.000000,0.000000,0.000000,0.000000,0.000000,0.000000,0.000000
the amendment,3,0.000000,0.000000,0.000000,0.000000,0.000000,0.000000,0.000000,0.000000,0.000000,0.000000,0.000000,0.000530,0.000000,0.000000,0.000000,0.000000,0.000000,0.000000,0.000265,0.000000,0.000000,0.000000
the advancement,3,0.000000,0.000000,0.000000,0.000000,0.000000,0.000000,0.000265,0.000000,0.000000,0.000000,0.000265,0.000000,0.000000,0.000000,0.000000,0.000000,0.000000,0.000000,0.000000,0.000000,0.000000,0.000265
the act,3,0.000000,0.000000,0.000000,0.000000,0.000000,0.000000,0.000000,0.000000,0.000000,0.000000,0.000000,0.000265,0.000000,0.000000,0.000000,0.000000,0.000000,0.000000,0.000530,0.000000,0.000000,0.000000
some had,3,0.000000,0.000000,0.000000,0.000000,0.000000,0.000000,0.000000,0.000000,0.000000,0.000000,0.000000,0.000000,0.000000,0.000000,0.000265,0.000000,0.000000,0.000000,0.000000,0.000000,0.000000,0.000000
an ocean,3,0.000000,0.000000,0.000000,0.000000,0.000000,0.000000,0.000265,0.000000,0.000000,0.000000,0.000530,0.000000,0.000000,0.000000,0.000000,0.000000,0.000000,0.000000,0.000000,0.000000,0.000000,0.000000
an executive,3,0.000000,0.000265,0.000265,0.000265,0.000000,0.000000,0.000000,0.000000,0.000000,0.000000,0.000000,0.000000,0.000000,0.000000,0.000000,0.000000,0.000000,0.000000,0.000000,0.000000,0.000000,0.000000
all nasa,3,0.000265,0.000000,0.000000,0.000000,0.000265,0.000000,0.000000,0.000000,0.000000,0.000000,0.000000,0.000000,0.000265,0.000000,0.000000,0.000000,0.000000,0.000000,0.000000,0.000000,0.000000,0.000000
a world,3,0.000265,0.000000,0.000000,0.000000,0.000000,0.000000,0.000000,0.000000,0.000000,0.000000,0.000000,0.000000,0.000000,0.000000,0.000000,0.000000,0.000000,0.000000,0.000530,0.000000,0.000000,0.000000
a task,3,0.000000,0.000000,0.000000,0.000000,0.000265,0.000000,0.000000,0.000000,0.000000,0.000000,0.000000,0.000000,0.000000,0.000000,0.000000,0.000000,0.000000,0.000000,0.000000,0.000000,0.000265,0.000000
a soyuz-u,3,0.000000,0.000000,0.000000,0.000000,0.000000,0.000000,0.000000,0.000000,0.000000,0.000000,0.000000,0.000000,0.000000,0.000000,0.000265,0.000000,0.000265,0.000000,0.000000,0.000000,0.000000,0.000265
a result,3,0.000000,0.000000,0.000000,0.000530,0.000000,0.000000,0.000000,0.000265,0.000000,0.000000,0.000000,0.000000,0.000000,0.000000,0.000000,0.000000,0.000000,0.000000,0.000000,0.000000,0.000000,0.000000
a research,3,0.000265,0.000000,0.000000,0.000000,0.000000,0.000000,0.000000,0.000000,0.000000,0.000000,0.000000,0.000000,0.000000,0.000265,0.000265,0.000000,0.000000,0.000000,0.000000,0.000000,0.000000,0.000000
a replacement,3,0.000000,0.000000,0.000000,0.000000,0.000000,0.000000,0.000000,0.000000,0.000000,0.000000,0.000000,0.000000,0.000000,0.000265,0.000000,0.000000,0.000000,0.000000,0.000265,0.000000,0.000000,0.000000
a plan,3,0.000000,0.000000,0.000000,0.000000,0.000000,0.000000,0.000000,0.000000,0.000000,0.000000,0.000265,0.000265,0.000000,0.000000,0.000000,0.000000,0.000000,0.000000,0.000265,0.000000,0.000000,0.000000
a partnership,3,0.000000,0.000000,0.000000,0.000000,0.000265,0.000000,0.000000,0.000000,0.000000,0.000000,0.000000,0.000000,0.000000,0.000000,0.000530,0.000000,0.000000,0.000000,0.000000,0.000000,0.000000,0.000000
a panel,3,0.000000,0.000000,0.000000,0.000265,0.000265,0.000000,0.000000,0.000000,0.000000,0.000000,0.000000,0.000000,0.000265,0.000000,0.000000,0.000000,0.000000,0.000000,0.000000,0.000000,0.000000,0.000000
a news,3,0.000000,0.000000,0.000000,0.000000,0.000000,0.000265,0.000265,0.000000,0.000000,0.000000,0.000000,0.000000,0.000265,0.000000,0.000000,0.000000,0.000000,0.000000,0.000000,0.000000,0.000000,0.000000
a liaison,3,0.000000,0.000000,0.000000,0.000000,0.000000,0.000000,0.000000,0.000000,0.000000,0.000000,0.000000,0.000265,0.000265,0.000000,0.000000,0.000000,0.000265,0.000000,0.000000,0.000000,0.000000,0.000000
a letter,3,0.000000,0.000000,0.000000,0.000000,0.000265,0.000000,0.000530,0.000000,0.000000,0.000000,0.000000,0.000000,0.000000,0.000000,0.000000,0.000000,0.000000,0.000000,0.000000,0.000000,0.000000,0.000000
a leak,3,0.000000,0.000000,0.000000,0.000000,0.000000,0.000000,0.000000,0.000000,0.000000,0.000000,0.000000,0.000000,0.000265,0.000000,0.000000,0.000000,0.000000,0.000265,0.000000,0.000000,0.000000,0.000000
a geologist,3,0.000000,0.000000,0.000000,0.000000,0.000265,0.000265,0.000000,0.000000,0.000000,0.000265,0.000000,0.000000,0.000000,0.000000,0.000000,0.000000,0.000000,0.000000,0.000000,0.000000,0.000000,0.000000
a feature,3,0.000000,0.000000,0.000000,0.000000,0.000265,0.000000,0.000000,0.000530,0.000000,0.000000,0.000000,0.000000,0.000000,0.000000,0.000000,0.000000,0.000000,0.000000,0.000000,0.000000,0.000000,0.000000
a device,3,0.000000,0.000000,0.000000,0.000000,0.000000,0.000000,0.000000,0.000000,0.000000,0.000000,0.000000,0.000265,0.000000,0.000000,0.000000,0.000000,0.000000,0.000000,0.000000,0.000000,0.000000,0.000265
a day,3,0.000000,0.000000,0.000000,0.000000,0.000000,0.000000,0.000000,0.000000,0.000000,0.000000,0.000530,0.000000,0.000000,0.000265,0.000000,0.000000,0.000000,0.000000,0.000000,0.000000,0.000000,0.000000
a component,3,0.000000,0.000000,0.000000,0.000000,0.000000,0.000000,0.000000,0.000000,0.000000,0.000000,0.000000,0.000000,0.000000,0.000000,0.000000,0.000265,0.000000,0.000000,0.000000,0.000265,0.000265,0.000000
a cargo,3,0.000000,0.000000,0.000000,0.000000,0.000000,0.000000,0.000000,0.000000,0.000000,0.000000,0.000265,0.000000,0.000000,0.000265,0.000000,0.000000,0.000000,0.000000,0.000000,0.000000,0.000000,0.000000
a camera,3,0.000000,0.000000,0.000000,0.000000,0.000000,0.000000,0.000000,0.000000,0.000000,0.000000,0.000000,0.000265,0.000265,0.000265,0.000000,0.000000,0.000000,0.000000,0.000000,0.000000,0.000000,0.000000
a 12-foot,3,0.000000,0.000000,0.000000,0.000000,0.000000,0.000000,0.000000,0.000265,0.000000,0.000000,0.000000,0.000000,0.000000,0.000265,0.000000,0.000000,0.000000,0.000000,0.000265,0.000000,0.000000,0.000000
