black holes,16,0.000000,0.000000,0.000000,0.000000,0.000000,0.000000,0.000000,0.000265,0.000530,0.000000,0.000530,0.000000,0.000000,0.000000,0.000000,0.002383,0.000000,0.000000,0.000530,0.000000,0.000000,0.000000
scientific experiments,15,0.000000,0.000000,0.000000,0.000000,0.000000,0.000265,0.000000,0.000265,0.000000,0.000000,0.000000,0.000000,0.000000,0.000265,0.000000,0.000265,0.000794,0.000265,0.000794,0.000000,0.000000,0.000530
solar panels,10,0.000000,0.000000,0.000000,0.000000,0.000265,0.000000,0.000000,0.000000,0.000000,0.000000,0.000000,0.000265,0.000265,0.000530,0.000000,0.000000,0.000000,0.000000,0.000000,0.000000,0.001059,0.000000
solar arrays,10,0.000000,0.000000,0.000000,0.000000,0.000265,0.000000,0.000000,0.000000,0.000000,0.000000,0.000000,0.000000,0.000000,0.000000,0.000000,0.000265,0.000000,0.000000,0.000000,0.000265,0.001324,0.000000
soviet cosmonauts,6,0.001324,0.000000,0.000000,0.000000,0.000265,0.000000,0.000000,0.000000,0.000000,0.000000,0.000000,0.000000,0.000000,0.000000,0.000000,0.000000,0.000000,0.000000,0.000000,0.000000,0.000000,0.000000
great observatories,6,0.000000,0.000000,0.000000,0.000000,0.000000,0.000000,0.000000,0.000000,0.000000,0.000000,0.000530,0.000000,0.000000,0.000000,0.000000,0.000000,0.001059,0.000000,0.000000,0.000000,0.000000,0.000000
external relations,6,0.000000,0.000000,0.000000,0.000265,0.000530,0.000000,0.000000,0.000000,0.000000,0.000000,0.000000,0.000000,0.000000,0.000000,0.000000,0.000000,0.000265,0.000000,0.000000,0.000000,0.000000,0.000530
scientific instruments,5,0.000000,0.000000,0.000000,0.000000,0.000000,0.000000,0.000000,0.000000,0.000000,0.000000,0.000000,0.000000,0.000000,0.000000,0.000000,0.000000,0.000000,0.000000,0.000000,0.000265,0.000265,0.000265
robotic arms,4,0.000000,0.000000,0.000000,0.000000,0.000000,0.000000,0.000000,0.000000,0.000000,0.000265,0.000000,0.000000,0.000000,0.000000,0.000000,0.000265,0.000265,0.000000,0.000265,0.000000,0.000000,0.000000
new members,4,0.000000,0.000000,0.000000,0.000000,0.000000,0.000000,0.000000,0.000000,0.000000,0.000000,0.000000,0.000000,0.000000,0.000265,0.000000,0.000000,0.000794,0.000000,0.000000,0.000000,0.000000,0.000000
human factors,4,0.000000,0.000000,0.000000,0.000265,0.000000,0.000000,0.000000,0.000794,0.000000,0.000000,0.000000,0.000000,0.000000,0.000000,0.000000,0.000000,0.000000,0.000000,0.000000,0.000000,0.000000,0.000000
such repairs,3,0.000000,0.000000,0.000000,0.000000,0.000794,0.000000,0.000000,0.000000,0.000000,0.000000,0.000000,0.000000,0.000000,0.000000,0.000000,0.000000,0.000000,0.000000,0.000000,0.000000,0.000000,0.000000
strategic communications,3,0.000000,0.000000,0.000000,0.000000,0.000000,0.000000,0.000000,0.000000,0.000000,0.000000,0.000000,0.000000,0.000000,0.000000,0.000000,0.000000,0.000000,0.000000,0.000000,0.000000,0.000000,0.000794
solar systems,3,0.000000,0.000000,0.000000,0.000000,0.000000,0.000530,0.000000,0.000000,0.000000,0.000000,0.000000,0.000000,0.000000,0.000000,0.000000,0.000265,0.000000,0.000000,0.000000,0.000000,0.000000,0.000000
scientific data,3,0.000000,0.000000,0.000000,0.000000,0.000000,0.000000,0.000000,0.000265,0.000000,0.000000,0.000265,0.000000,0.000000,0.000000,0.000000,0.000000,0.000000,0.000000,0.000000,0.000000,0.000265,0.000000
other programs,3,0.000000,0.000000,0.000000,0.000000,0.000000,0.000000,0.000000,0.000000,0.000000,0.000000,0.000000,0.000000,0.000000,0.000000,0.000000,0.000000,0.000000,0.000000,0.000530,0.000265,0.000000,0.000000
orbital sciences,3,0.000000,0.000000,0.000000,0.000000,0.000265,0.000000,0.000000,0.000000,0.000000,0.000000,0.000000,0.000000,0.000265,0.000000,0.000000,0.000000,0.000000,0.000000,0.000265,0.000000,0.000000,0.000000
operational activities,3,0.000000,0.000000,0.000000,0.000000,0.000000,0.000000,0.000000,0.000265,0.000000,0.000000,0.000000,0.000265,0.000000,0.000000,0.000000,0.000000,0.000000,0.000265,0.000000,0.000000,0.000000,0.000000
new technologies,3,0.000000,0.000000,0.000000,0.000000,0.000000,0.000000,0.000265,0.000000,0.000265,0.000000,0.000000,0.000000,0.000265,0.000000,0.000000,0.000000,0.000000,0.000000,0.000000,0.000000,0.000000,0.000000
national aeronautics,3,0.000000,0.000000,0.000000,0.000000,0.000000,0.000000,0.000000,0.000000,0.000000,0.000000,0.000000,0.000000,0.000265,0.000000,0.000000,0.000000,0.000000,0.000000,0.000000,0.000265,0.000265,0.000000
metal shavings,3,0.000000,0.000000,0.000000,0.000000,0.000000,0.000000,0.000000,0.000000,0.000000,0.000000,0.000000,0.000000,0.000000,0.000000,0.000000,0.000000,0.000000,0.000000,0.000000,0.000000,0.000794,0.000000
international partners,3,0.000000,0.000000,0.000000,0.000000,0.000000,0.000000,0.000000,0.000000,0.000000,0.000000,0.000000,0.000000,0.000530,0.000000,0.000000,0.000000,0.000000,0.000000,0.000000,0.000265,0.000000,0.000000
independent agencies,3,0.000000,0.000000,0.000000,0.000000,0.000000,0.000000,0.000000,0.000265,0.000000,0.000000,0.000000,0.000265,0.000265,0.000000,0.000000,0.000000,0.000000,0.000000,0.000000,0.000000,0.000000,0.000000
electrical cables,3,0.000000,0.000000,0.000000,0.000000,0.000000,0.000000,0.000000,0.000000,0.000000,0.000000,0.000000,0.000000,0.000000,0.000265,0.000000,0.000000,0.000000,0.000000,0.000265,0.000000,0.000265,0.000000
distant galaxies,3,0.000000,0.000000,0.000000,0.000000,0.000000,0.000000,0.000000,0.000000,0.000000,0.000000,0.000000,0.000265,0.000000,0.000000,0.000000,0.000265,0.000000,0.000000,0.000000,0.000265,0.000000,0.000000
critical recommendations,3,0.000000,0.000000,0.000000,0.000000,0.000000,0.000000,0.000000,0.000000,0.000000,0.000000,0.000000,0.000000,0.000000,0.000000,0.000000,0.000000,0.000000,0.000000,0.000794,0.000000,0.000000,0.000000
civil aeronautics,3,0.000000,0.000000,0.000000,0.000000,0.000000,0.000000,0.000265,0.000000,0.000000,0.000000,0.000000,0.000000,0.000000,0.000000,0.000000,0.000000,0.000000,0.000000,0.000000,0.000530,0.000000,0.000000
