including,54,0.000000,0.000132,0.000132,0.000000,0.000000,0.000000,0.000132,0.000530,0.000000,0.000265,0.000530,0.000265,0.000265,0.000132,0.000397,0.000397,0.000397,0.000132,0.000794,0.000530,0.000794,0.000927
using,52,0.000000,0.000132,0.000000,0.000000,0.000132,0.000265,0.000397,0.000000,0.000132,0.000530,0.000397,0.000397,0.000265,0.000397,0.000397,0.000397,0.000132,0.000265,0.000397,0.000794,0.000132,0.000397
according,49,0.000530,0.000000,0.000000,0.000000,0.000662,0.000265,0.000397,0.000530,0.000000,0.000530,0.000530,0.000132,0.000132,0.000265,0.000530,0.000132,0.000265,0.000265,0.000132,0.000662,0.000397,0.000000
funding,45,0.000000,0.000132,0.000000,0.000132,0.000265,0.000000,0.000265,0.000397,0.000132,0.000132,0.000927,0.000794,0.000265,0.000530,0.000000,0.000000,0.000000,0.000000,0.000265,0.000662,0.000132,0.000794
landing,43,0.000000,0.000132,0.000397,0.000132,0.000132,0.000000,0.000000,0.000530,0.000000,0.000000,0.000397,0.000132,0.000000,0.000265,0.000794,0.000000,0.000794,0.000265,0.000265,0.000265,0.000000,0.000662
orbiting,34,0.000132,0.000132,0.000132,0.000132,0.000000,0.000530,0.000000,0.000265,0.000000,0.000265,0.000397,0.000397,0.000000,0.000132,0.000265,0.000132,0.000530,0.000662,0.000265,0.000132,0.000000,0.000000
hearing,31,0.000000,0.000000,0.000000,0.000132,0.000000,0.000000,0.000000,0.000132,0.000000,0.000000,0.000265,0.000132,0.000000,0.000000,0.000265,0.000000,0.000530,0.000000,0.000927,0.000397,0.000530,0.000794
engineering,30,0.000397,0.000000,0.000000,0.000794,0.000265,0.000265,0.000132,0.000397,0.000000,0.000132,0.000000,0.000265,0.000132,0.000000,0.000000,0.000132,0.000265,0.000000,0.000132,0.000000,0.000265,0.000265
working,29,0.000000,0.000000,0.000000,0.000000,0.000265,0.000265,0.000000,0.000265,0.000000,0.000132,0.000000,0.000132,0.000265,0.000530,0.000132,0.000000,0.000530,0.000132,0.000132,0.000132,0.000397,0.000000
training,27,0.000000,0.000000,0.000000,0.000000,0.000000,0.000132,0.000265,0.000794,0.000000,0.000530,0.000265,0.000265,0.000000,0.000000,0.000000,0.000265,0.000265,0.000000,0.000132,0.000132,0.000000,0.000265
returning,25,0.000000,0.000000,0.000000,0.000000,0.000000,0.000000,0.000000,0.000000,0.000000,0.000265,0.000662,0.000000,0.000000,0.000000,0.000265,0.000132,0.000794,0.000265,0.000132,0.000000,0.000000,0.000530
carrying,25,0.000132,0.000265,0.000000,0.000000,0.000265,0.000132,0.000132,0.000265,0.000000,0.000265,0.000132,0.000397,0.000000,0.000132,0.000265,0.000000,0.000397,0.000000,0.000132,0.000000,0.000265,0.000000
following,22,0.000000,0.000265,0.000132,0.000000,0.000397,0.000132,0.000132,0.000000,0.000000,0.000000,0.000132,0.000265,0.000397,0.000265,0.000132,0.000000,0.000265,0.000000,0.000265,0.000000,0.000000,0.000000
testing,21,0.000000,0.000000,0.000000,0.000132,0.000265,0.000000,0.000000,0.000000,0.000000,0.000530,0.000397,0.000132,0.000265,0.000132,0.000000,0.000000,0.000265,0.000000,0.000000,0.000265,0.000265,0.000132
making,21,0.000000,0.000000,0.000000,0.000000,0.000000,0.000132,0.000265,0.000000,0.000000,0.000397,0.000397,0.000265,0.000132,0.000132,0.000000,0.000000,0.000132,0.000000,0.000265,0.000132,0.000132,0.000265
acting,19,0.000265,0.000000,0.000265,0.000132,0.000000,0.000000,0.000132,0.000132,0.000000,0.000000,0.000265,0.000530,0.000397,0.000000,0.000000,0.000132,0.000132,0.000000,0.000000,0.000000,0.000000,0.000132
meeting,18,0.000000,0.000000,0.000000,0.000132,0.000265,0.000265,0.000530,0.000397,0.000000,0.000000,0.000000,0.000397,0.000000,0.000000,0.000000,0.000132,0.000132,0.000000,0.000132,0.000000,0.000000,0.000000
wing,17,0.000000,0.000000,0.000000,0.000000,0.000000,0.000000,0.000000,0.000000,0.000000,0.000000,0.000000,0.000000,0.000397,0.000530,0.000000,0.000000,0.000530,0.000132,0.000000,0.000000,0.000662,0.000000
serving,16,0.000000,0.000000,0.000132,0.000000,0.000000,0.000132,0.000000,0.000000,0.000000,0.000000,0.000132,0.000000,0.000265,0.000000,0.000132,0.000132,0.000265,0.000132,0.000265,0.000265,0.000265,0.000000
servicing,15,0.000000,0.000000,0.000000,0.000132,0.000265,0.000000,0.000000,0.000000,0.000000,0.000000,0.000000,0.000000,0.000132,0.000000,0.000000,0.000000,0.000000,0.000000,0.000662,0.000265,0.000000,0.000000
developing,15,0.000132,0.000000,0.000000,0.000000,0.000000,0.000000,0.000000,0.000265,0.000000,0.000132,0.000000,0.000000,0.000265,0.000132,0.000000,0.000000,0.000530,0.000000,0.000000,0.000132,0.000265,0.000132
building,15,0.000000,0.000000,0.000000,0.000132,0.000000,0.000000,0.000132,0.000397,0.000000,0.000265,0.000265,0.000000,0.000000,0.000000,0.000000,0.000132,0.000265,0.000132,0.000000,0.000000,0.000000,0.000132
being,15,0.000000,0.000132,0.000132,0.000000,0.000397,0.000132,0.000265,0.000397,0.000000,0.000000,0.000000,0.000397,0.000000,0.000000,0.000000,0.000000,0.000000,0.000000,0.000000,0.000000,0.000132,0.000000
replacing,14,0.000000,0.000000,0.000000,0.000000,0.000000,0.000000,0.000000,0.000000,0.000000,0.000000,0.000132,0.000000,0.000397,0.000132,0.000000,0.000000,0.000132,0.000000,0.000132,0.000132,0.000265,0.000132
planning,14,0.000000,0.000000,0.000000,0.000000,0.000265,0.000132,0.000000,0.000132,0.000000,0.000132,0.000000,0.000132,0.000000,0.000132,0.000000,0.000000,0.000000,0.000000,0.000265,0.000132,0.000000,0.000397
operating,14,0.000000,0.000000,0.000000,0.000132,0.000132,0.000000,0.000132,0.000000,0.000000,0.000000,0.000530,0.000132,0.000265,0.000132,0.000000,0.000000,0.000000,0.000000,0.000132,0.000000,0.000000,0.000132
flying,14,0.000000,0.000132,0.000000,0.000000,0.000132,0.000132,0.000000,0.000132,0.000000,0.000132,0.000265,0.000132,0.000000,0.000132,0.000000,0.000000,0.000000,0.000132,0.000132,0.000132,0.000132,0.000000
conducting,14,0.000000,0.000000,0.000000,0.000132,0.000000,0.000000,0.000132,0.000000,0.000000,0.000000,0.000000,0.000000,0.000000,0.000265,0.000000,0.000000,0.000132,0.000132,0.000132,0.000397,0.000000,0.000265
tracking,12,0.000000,0.000265,0.000000,0.000000,0.000000,0.000132,0.000000,0.000000,0.000000,0.000132,0.000000,0.000132,0.000132,0.000000,0.000000,0.000000,0.000530,0.000000,0.000000,0.000000,0.000132,0.000132
spending,12,0.000000,0.000000,0.000000,0.000000,0.000397,0.000000,0.000132,0.000000,0.000000,0.000000,0.000000,0.000530,0.000000,0.000132,0.000000,0.000000,0.000132,0.000132,0.000132,0.000000,0.000000,0.000000
sending,12,0.000000,0.000000,0.000000,0.000000,0.000397,0.000000,0.000132,0.000000,0.000000,0.000000,0.000530,0.000000,0.000000,0.000000,0.000000,0.000132,0.000132,0.000000,0.000000,0.000265,0.000000,0.000000
regarding,12,0.000000,0.000000,0.000000,0.000000,0.000132,0.000000,0.000000,0.000000,0.000000,0.000000,0.000000,0.000265,0.000132,0.000132,0.000132,0.000000,0.000000,0.000000,0.000397,0.000132,0.000000,0.000265
providing,12,0.000000,0.000000,0.000000,0.000000,0.000265,0.000000,0.000000,0.000397,0.000000,0.000000,0.000132,0.000132,0.000132,0.000000,0.000265,0.000000,0.000000,0.000000,0.000000,0.000132,0.000132,0.000000
leading,12,0.000000,0.000000,0.000000,0.000000,0.000000,0.000000,0.000132,0.000132,0.000000,0.000000,0.000132,0.000132,0.000000,0.000000,0.000265,0.000000,0.000265,0.000000,0.000132,0.000000,0.000132,0.000000
installing,12,0.000000,0.000000,0.000000,0.000000,0.000000,0.000000,0.000000,0.000132,0.000000,0.000132,0.000000,0.000000,0.000132,0.000132,0.000265,0.000000,0.000000,0.000000,0.000000,0.000265,0.000000,0.000132
mapping,11,0.000000,0.000000,0.000000,0.000132,0.000132,0.000000,0.000000,0.000000,0.000000,0.000000,0.000000,0.000000,0.000397,0.000265,0.000000,0.000000,0.000265,0.000000,0.000265,0.000000,0.000000,0.000000
retiring,10,0.000000,0.000132,0.000132,0.000000,0.000000,0.000000,0.000000,0.000000,0.000000,0.000000,0.000132,0.000265,0.000265,0.000000,0.000000,0.000000,0.000000,0.000000,0.000132,0.000000,0.000265,0.000000
lasting,10,0.000000,0.000000,0.000000,0.000000,0.000000,0.000000,0.000000,0.000000,0.000000,0.000000,0.000000,0.000265,0.000265,0.000000,0.000000,0.000000,0.000000,0.000000,0.000000,0.000000,0.000397,0.000132
having,10,0.000000,0.000000,0.000000,0.000000,0.000000,0.000000,0.000132,0.000265,0.000000,0.000265,0.000265,0.000000,0.000132,0.000265,0.000000,0.000000,0.000000,0.000000,0.000000,0.000000,0.000000,0.000000
concerning,10,0.000132,0.000000,0.000000,0.000397,0.000132,0.000000,0.000000,0.000265,0.000000,0.000000,0.000000,0.000132,0.000000,0.000000,0.000000,0.000000,0.000000,0.000132,0.000132,0.000000,0.000000,0.000000
causing,10,0.000000,0.000000,0.000000,0.000000,0.000000,0.000000,0.000000,0.000265,0.000000,0.000000,0.000000,0.000132,0.000132,0.000000,0.000000,0.000000,0.000000,0.000000,0.000000,0.000132,0.000265,0.000265
traveling,9,0.000000,0.000000,0.000000,0.000000,0.000000,0.000000,0.000000,0.000000,0.000000,0.000000,0.000132,0.000000,0.000000,0.000000,0.000397,0.000000,0.000265,0.000000,0.000000,0.000132,0.000000,0.000132
saying,9,0.000000,0.000000,0.000000,0.000000,0.000397,0.000000,0.000000,0.000397,0.000000,0.000132,0.000132,0.000000,0.000000,0.000132,0.000000,0.000000,0.000000,0.000000,0.000000,0.000000,0.000000,0.000000
resulting,9,0.000000,0.000132,0.000000,0.000000,0.000132,0.000000,0.000000,0.000132,0.000000,0.000132,0.000000,0.000000,0.000132,0.000000,0.000000,0.000000,0.000265,0.000000,0.000132,0.000132,0.000000,0.000000
reaching,9,0.000000,0.000000,0.000265,0.000132,0.000000,0.000000,0.000000,0.000000,0.000000,0.000000,0.000000,0.000132,0.000000,0.000265,0.000000,0.000000,0.000000,0.000132,0.000000,0.000000,0.000132,0.000132
leaving,9,0.000000,0.000000,0.000000,0.000000,0.000132,0.000000,0.000000,0.000132,0.000000,0.000132,0.000000,0.000000,0.000265,0.000000,0.000132,0.000000,0.000000,0.000132,0.000132,0.000000,0.000000,0.000132
calling,9,0.000000,0.000000,0.000000,0.000000,0.000132,0.000000,0.000132,0.000000,0.000000,0.000000,0.000397,0.000000,0.000000,0.000265,0.000000,0.000000,0.000000,0.000000,0.000000,0.000132,0.000132,0.000000
suggesting,8,0.000000,0.000000,0.000000,0.000000,0.000000,0.000000,0.000000,0.000000,0.000000,0.000265,0.000265,0.000000,0.000000,0.000132,0.000000,0.000132,0.000000,0.000000,0.000000,0.000132,0.000132,0.000000
preparing,8,0.000000,0.000000,0.000000,0.000000,0.000132,0.000000,0.000000,0.000000,0.000000,0.000000,0.000132,0.000000,0.000000,0.000000,0.000000,0.000000,0.000265,0.000000,0.000132,0.000000,0.000265,0.000000
launching,8,0.000000,0.000000,0.000265,0.000000,0.000132,0.000132,0.000000,0.000000,0.000000,0.000000,0.000000,0.000000,0.000132,0.000000,0.000000,0.000000,0.000000,0.000132,0.000000,0.000000,0.000265,0.000000
finding,8,0.000000,0.000000,0.000000,0.000000,0.000132,0.000000,0.000132,0.000132,0.000000,0.000000,0.000265,0.000000,0.000000,0.000000,0.000000,0.000000,0.000132,0.000000,0.000000,0.000000,0.000000,0.000132
completing,8,0.000000,0.000000,0.000000,0.000000,0.000000,0.000000,0.000000,0.000000,0.000000,0.000132,0.000000,0.000000,0.000000,0.000000,0.000132,0.000000,0.000132,0.000000,0.000000,0.000265,0.000000,0.000397
beginning,8,0.000000,0.000000,0.000000,0.000132,0.000000,0.000132,0.000000,0.000000,0.000000,0.000132,0.000397,0.000000,0.000000,0.000000,0.000000,0.000000,0.000000,0.000000,0.000000,0.000000,0.000000,0.000265
wearing,7,0.000000,0.000000,0.000000,0.000000,0.000000,0.000000,0.000000,0.000000,0.000000,0.000132,0.000000,0.000000,0.000132,0.000132,0.000132,0.000000,0.000000,0.000000,0.000000,0.000000,0.000000,0.000000
warming,7,0.000000,0.000000,0.000000,0.000000,0.000530,0.000000,0.000132,0.000000,0.000000,0.000000,0.000000,0.000000,0.000000,0.000132,0.000000,0.000000,0.000000,0.000000,0.000000,0.000132,0.000000,0.000000
taking,7,0.000000,0.000000,0.000000,0.000000,0.000397,0.000000,0.000000,0.000132,0.000000,0.000000,0.000132,0.000132,0.000000,0.000000,0.000000,0.000000,0.000000,0.000132,0.000000,0.000000,0.000000,0.000000
surrounding,7,0.000000,0.000000,0.000000,0.000000,0.000000,0.000000,0.000132,0.000000,0.000000,0.000132,0.000132,0.000000,0.000000,0.000000,0.000000,0.000000,0.000000,0.000265,0.000132,0.000000,0.000000,0.000132
studying,7,0.000000,0.000000,0.000000,0.000132,0.000000,0.000265,0.000000,0.000000,0.000132,0.000000,0.000132,0.000000,0.000000,0.000000,0.000000,0.000000,0.000132,0.000000,0.000000,0.000000,0.000132,0.000000
opening,7,0.000000,0.000000,0.000000,0.000000,0.000132,0.000132,0.000000,0.000000,0.000000,0.000000,0.000265,0.000000,0.000132,0.000000,0.000132,0.000000,0.000000,0.000000,0.000000,0.000000,0.000000,0.000000
maintaining,7,0.000000,0.000000,0.000000,0.000000,0.000000,0.000000,0.000000,0.000132,0.000000,0.000000,0.000132,0.000132,0.000000,0.000000,0.000000,0.000000,0.000265,0.000000,0.000132,0.000000,0.000000,0.000000
living,7,0.000000,0.000000,0.000000,0.000000,0.000000,0.000000,0.000000,0.000000,0.000000,0.000000,0.000265,0.000132,0.000000,0.000265,0.000000,0.000000,0.000132,0.000000,0.000000,0.000000,0.000132,0.000000
indicating,7,0.000000,0.000000,0.000000,0.000000,0.000265,0.000000,0.000000,0.000000,0.000000,0.000132,0.000000,0.000132,0.000132,0.000132,0.000000,0.000000,0.000000,0.000000,0.000000,0.000000,0.000000,0.000132
holding,7,0.000000,0.000000,0.000000,0.000000,0.000000,0.000000,0.000000,0.000000,0.000000,0.000132,0.000000,0.000000,0.000000,0.000000,0.000000,0.000000,0.000265,0.000000,0.000132,0.000000,0.000000,0.000132
existing,7,0.000000,0.000000,0.000000,0.000000,0.000000,0.000000,0.000132,0.000000,0.000000,0.000000,0.000000,0.000132,0.000265,0.000000,0.000000,0.000132,0.000000,0.000000,0.000000,0.000000,0.000132,0.000000
creating,7,0.000000,0.000000,0.000000,0.000000,0.000000,0.000132,0.000000,0.000000,0.000000,0.000132,0.000000,0.000132,0.000000,0.000000,0.000000,0.000000,0.000265,0.000132,0.000132,0.000000,0.000000,0.000000
continuing,7,0.000000,0.000000,0.000000,0.000000,0.000000,0.000000,0.000000,0.000000,0.000000,0.000132,0.000132,0.000000,0.000000,0.000265,0.000000,0.000000,0.000000,0.000000,0.000000,0.000000,0.000397,0.000000
containing,7,0.000000,0.000000,0.000000,0.000000,0.000000,0.000000,0.000000,0.000000,0.000000,0.000000,0.000000,0.000000,0.000000,0.000265,0.000000,0.000000,0.000000,0.000132,0.000000,0.000132,0.000132,0.000000
becoming,7,0.000000,0.000000,0.000000,0.000000,0.000000,0.000000,0.000000,0.000000,0.000000,0.000000,0.000000,0.000000,0.000132,0.000132,0.000132,0.000000,0.000000,0.000132,0.000265,0.000132,0.000000,0.000000
aging,7,0.000000,0.000000,0.000000,0.000000,0.000000,0.000000,0.000000,0.000132,0.000000,0.000000,0.000000,0.000132,0.000000,0.000265,0.000132,0.000000,0.000000,0.000000,0.000000,0.000000,0.000265,0.000000
transporting,6,0.000000,0.000000,0.000000,0.000000,0.000000,0.000000,0.000000,0.000000,0.000000,0.000000,0.000000,0.000132,0.000000,0.000132,0.000000,0.000132,0.000132,0.000132,0.000132,0.000000,0.000000,0.000000
supporting,6,0.000000,0.000132,0.000000,0.000000,0.000000,0.000000,0.000132,0.000000,0.000000,0.000000,0.000000,0.000132,0.000000,0.000000,0.000000,0.000000,0.000000,0.000000,0.000000,0.000265,0.000132,0.000000
requiring,6,0.000000,0.000000,0.000000,0.000000,0.000132,0.000000,0.000000,0.000000,0.000000,0.000000,0.000000,0.000000,0.000000,0.000132,0.000000,0.000000,0.000000,0.000000,0.000132,0.000132,0.000000,0.000000
producing,6,0.000000,0.000000,0.000000,0.000000,0.000000,0.000132,0.000000,0.000132,0.000000,0.000132,0.000000,0.000000,0.000000,0.000000,0.000000,0.000000,0.000132,0.000000,0.000000,0.000000,0.000265,0.000000
placing,6,0.000000,0.000000,0.000000,0.000000,0.000000,0.000000,0.000000,0.000000,0.000000,0.000000,0.000265,0.000000,0.000132,0.000000,0.000000,0.000000,0.000132,0.000000,0.000000,0.000132,0.000132,0.000000
observing,6,0.000000,0.000000,0.000000,0.000132,0.000132,0.000000,0.000132,0.000000,0.000000,0.000000,0.000000,0.000000,0.000000,0.000000,0.000132,0.000000,0.000132,0.000000,0.000000,0.000000,0.000000,0.000000
monitoring,6,0.000000,0.000132,0.000000,0.000000,0.000000,0.000000,0.000000,0.000000,0.000000,0.000132,0.000132,0.000000,0.000000,0.000000,0.000132,0.000000,0.000000,0.000000,0.000132,0.000000,0.000000,0.000000
managing,6,0.000000,0.000000,0.000000,0.000132,0.000000,0.000000,0.000000,0.000000,0.000000,0.000000,0.000000,0.000000,0.000265,0.000000,0.000000,0.000000,0.000000,0.000000,0.000000,0.000132,0.000132,0.000132
joining,6,0.000000,0.000000,0.000000,0.000000,0.000000,0.000000,0.000000,0.000000,0.000000,0.000000,0.000000,0.000000,0.000000,0.000132,0.000132,0.000132,0.000000,0.000000,0.000000,0.000132,0.000132,0.000132
increasing,6,0.000000,0.000000,0.000000,0.000000,0.000132,0.000000,0.000000,0.000000,0.000000,0.000000,0.000132,0.000265,0.000000,0.000132,0.000000,0.000000,0.000132,0.000000,0.000000,0.000000,0.000000,0.000000
directing,6,0.000000,0.000000,0.000000,0.000132,0.000000,0.000000,0.000000,0.000000,0.000000,0.000132,0.000000,0.000000,0.000265,0.000000,0.000000,0.000000,0.000265,0.000000,0.000000,0.000000,0.000000,0.000000
cooling,6,0.000000,0.000000,0.000000,0.000000,0.000000,0.000000,0.000000,0.000000,0.000000,0.000000,0.000000,0.000000,0.000000,0.000000,0.000000,0.000000,0.000000,0.000000,0.000000,0.000132,0.000662,0.000000
connecting,6,0.000000,0.000000,0.000000,0.000000,0.000000,0.000000,0.000000,0.000000,0.000000,0.000132,0.000000,0.000265,0.000000,0.000132,0.000132,0.000000,0.000000,0.000000,0.000000,0.000000,0.000132,0.000000
attempting,6,0.000000,0.000000,0.000000,0.000000,0.000000,0.000000,0.000000,0.000000,0.000000,0.000132,0.000265,0.000000,0.000132,0.000132,0.000000,0.000000,0.000000,0.000000,0.000000,0.000000,0.000000,0.000000
accounting,6,0.000000,0.000000,0.000000,0.000000,0.000000,0.000000,0.000000,0.000000,0.000132,0.000000,0.000000,0.000397,0.000000,0.000000,0.000132,0.000000,0.000000,0.000000,0.000000,0.000000,0.000000,0.000000
wiring,5,0.000000,0.000000,0.000000,0.000000,0.000000,0.000000,0.000000,0.000000,0.000000,0.000000,0.000000,0.000132,0.000530,0.000000,0.000000,0.000000,0.000000,0.000000,0.000000,0.000000,0.000000,0.000000
understanding,5,0.000000,0.000000,0.000000,0.000000,0.000000,0.000000,0.000000,0.000132,0.000000,0.000000,0.000132,0.000000,0.000000,0.000000,0.000132,0.000000,0.000132,0.000000,0.000000,0.000132,0.000000,0.000000
speaking,5,0.000000,0.000000,0.000132,0.000000,0.000132,0.000132,0.000132,0.000000,0.000000,0.000000,0.000000,0.000000,0.000000,0.000000,0.000000,0.000000,0.000132,0.000000,0.000000,0.000000,0.000000,0.000000
setting,5,0.000000,0.000000,0.000132,0.000000,0.000000,0.000000,0.000000,0.000000,0.000000,0.000000,0.000265,0.000000,0.000000,0.000000,0.000000,0.000000,0.000000,0.000000,0.000000,0.000000,0.000000,0.000000
promoting,5,0.000000,0.000000,0.000000,0.000000,0.000132,0.000000,0.000132,0.000000,0.000000,0.000000,0.000000,0.000000,0.000000,0.000000,0.000132,0.000000,0.000000,0.000000,0.000132,0.000000,0.000000,0.000132
performing,5,0.000000,0.000000,0.000000,0.000000,0.000132,0.000000,0.000000,0.000000,0.000000,0.000000,0.000000,0.000132,0.000000,0.000000,0.000000,0.000000,0.000132,0.000000,0.000132,0.000000,0.000000,0.000132
participating,5,0.000000,0.000000,0.000000,0.000000,0.000000,0.000000,0.000000,0.000000,0.000000,0.000000,0.000265,0.000132,0.000000,0.000000,0.000000,0.000000,0.000132,0.000000,0.000000,0.000000,0.000000,0.000132
moving,5,0.000000,0.000132,0.000000,0.000000,0.000265,0.000000,0.000000,0.000000,0.000000,0.000000,0.000000,0.000000,0.000000,0.000000,0.000132,0.000000,0.000000,0.000000,0.000000,0.000000,0.000000,0.000000
implementing,5,0.000000,0.000000,0.000000,0.000000,0.000000,0.000000,0.000000,0.000000,0.000000,0.000000,0.000000,0.000000,0.000265,0.000000,0.000000,0.000000,0.000000,0.000000,0.000000,0.000132,0.000132,0.000132
helping,5,0.000000,0.000000,0.000000,0.000000,0.000000,0.000132,0.000000,0.000132,0.000000,0.000000,0.000000,0.000000,0.000000,0.000265,0.000000,0.000000,0.000000,0.000000,0.000000,0.000000,0.000000,0.000132
explaining,5,0.000000,0.000000,0.000000,0.000000,0.000000,0.000132,0.000000,0.000000,0.000000,0.000000,0.000132,0.000265,0.000000,0.000132,0.000000,0.000000,0.000000,0.000000,0.000000,0.000000,0.000000,0.000000
experiencing,5,0.000000,0.000000,0.000000,0.000000,0.000000,0.000000,0.000000,0.000000,0.000000,0.000000,0.000132,0.000000,0.000000,0.000132,0.000000,0.000000,0.000000,0.000000,0.000000,0.000000,0.000000,0.000132
designing,5,0.000000,0.000000,0.000000,0.000000,0.000000,0.000132,0.000000,0.000132,0.000000,0.000000,0.000000,0.000000,0.000000,0.000132,0.000132,0.000000,0.000000,0.000000,0.000000,0.000132,0.000000,0.000000
comprising,5,0.000000,0.000000,0.000000,0.000000,0.000000,0.000000,0.000000,0.000000,0.000000,0.000000,0.000000,0.000000,0.000000,0.000000,0.000132,0.000000,0.000000,0.000000,0.000397,0.000000,0.000000,0.000132
analyzing,5,0.000000,0.000000,0.000000,0.000000,0.000132,0.000132,0.000000,0.000132,0.000000,0.000000,0.000000,0.000132,0.000000,0.000000,0.000132,0.000000,0.000000,0.000000,0.000000,0.000000,0.000000,0.000000
allowing,5,0.000000,0.000000,0.000000,0.000000,0.000000,0.000000,0.000000,0.000000,0.000000,0.000265,0.000132,0.000000,0.000000,0.000000,0.000000,0.000000,0.000000,0.000000,0.000000,0.000000,0.000132,0.000132
transferring,4,0.000000,0.000000,0.000000,0.000000,0.000000,0.000000,0.000132,0.000000,0.000000,0.000000,0.000000,0.000000,0.000000,0.000000,0.000000,0.000000,0.000132,0.000000,0.000000,0.000132,0.000000,0.000000
string,4,0.000000,0.000000,0.000000,0.000000,0.000000,0.000000,0.000000,0.000000,0.000000,0.000132,0.000132,0.000000,0.000265,0.000000,0.000000,0.000000,0.000000,0.000000,0.000000,0.000000,0.000000,0.000000
stating,4,0.000000,0.000000,0.000000,0.000000,0.000000,0.000000,0.000000,0.000000,0.000000,0.000000,0.000000,0.000000,0.000000,0.000132,0.000000,0.000000,0.000132,0.000000,0.000000,0.000132,0.000000,0.000132
showing,4,0.000000,0.000000,0.000000,0.000000,0.000000,0.000000,0.000000,0.000000,0.000000,0.000000,0.000000,0.000000,0.000132,0.000000,0.000000,0.000000,0.000132,0.000000,0.000000,0.000132,0.000132,0.000000
running,4,0.000000,0.000000,0.000000,0.000132,0.000000,0.000132,0.000000,0.000000,0.000000,0.000000,0.000000,0.000132,0.000000,0.000132,0.000000,0.000000,0.000000,0.000000,0.000000,0.000000,0.000000,0.000000
restructuring,4,0.000000,0.000000,0.000000,0.000132,0.000132,0.000132,0.000000,0.000132,0.000000,0.000000,0.000000,0.000000,0.000000,0.000000,0.000000,0.000000,0.000000,0.000000,0.000000,0.000000,0.000000,0.000000
repairing,4,0.000000,0.000000,0.000000,0.000000,0.000000,0.000132,0.000000,0.000000,0.000000,0.000000,0.000000,0.000000,0.000000,0.000132,0.000000,0.000000,0.000000,0.000000,0.000000,0.000000,0.000132,0.000000
remaining,4,0.000000,0.000000,0.000000,0.000000,0.000000,0.000000,0.000000,0.000132,0.000000,0.000000,0.000000,0.000132,0.000000,0.000000,0.000000,0.000000,0.000132,0.000132,0.000000,0.000000,0.000000,0.000000
reducing,4,0.000000,0.000000,0.000000,0.000132,0.000000,0.000132,0.000000,0.000000,0.000000,0.000000,0.000000,0.000000,0.000000,0.000000,0.000000,0.000000,0.000000,0.000000,0.000000,0.000132,0.000132,0.000000
receiving,4,0.000000,0.000000,0.000000,0.000000,0.000000,0.000000,0.000000,0.000000,0.000000,0.000000,0.000000,0.000000,0.000000,0.000132,0.000000,0.000000,0.000000,0.000000,0.000000,0.000132,0.000132,0.000000
ranging,4,0.000000,0.000000,0.000000,0.000000,0.000000,0.000000,0.000000,0.000265,0.000000,0.000000,0.000132,0.000000,0.000000,0.000000,0.000000,0.000000,0.000000,0.000000,0.000132,0.000000,0.000000,0.000000
processing,4,0.000000,0.000000,0.000132,0.000132,0.000132,0.000000,0.000000,0.000132,0.000000,0.000000,0.000000,0.000000,0.000000,0.000000,0.000000,0.000000,0.000000,0.000000,0.000000,0.000000,0.000000,0.000000
measuring,4,0.000000,0.000000,0.000000,0.000000,0.000000,0.000000,0.000000,0.000132,0.000000,0.000000,0.000000,0.000000,0.000132,0.000000,0.000000,0.000000,0.000000,0.000000,0.000000,0.000000,0.000132,0.000000
marking,4,0.000000,0.000000,0.000000,0.000000,0.000132,0.000000,0.000000,0.000000,0.000000,0.000132,0.000000,0.000000,0.000000,0.000000,0.000000,0.000132,0.000000,0.000000,0.000000,0.000000,0.000000,0.000132
manufacturing,4,0.000000,0.000000,0.000000,0.000000,0.000000,0.000000,0.000000,0.000132,0.000000,0.000132,0.000132,0.000000,0.000132,0.000000,0.000000,0.000000,0.000000,0.000000,0.000000,0.000000,0.000000,0.000000
killing,4,0.000000,0.000000,0.000000,0.000000,0.000000,0.000000,0.000132,0.000132,0.000000,0.000132,0.000132,0.000000,0.000000,0.000000,0.000000,0.000000,0.000000,0.000000,0.000000,0.000000,0.000000,0.000000
involving,4,0.000000,0.000000,0.000000,0.000000,0.000000,0.000000,0.000000,0.000132,0.000000,0.000000,0.000000,0.000000,0.000000,0.000000,0.000000,0.000000,0.000000,0.000000,0.000000,0.000000,0.000000,0.000000
growing,4,0.000000,0.000000,0.000000,0.000000,0.000000,0.000000,0.000000,0.000265,0.000000,0.000000,0.000000,0.000000,0.000000,0.000132,0.000000,0.000000,0.000132,0.000000,0.000000,0.000000,0.000000,0.000000
getting,4,0.000000,0.000000,0.000000,0.000000,0.000000,0.000000,0.000000,0.000265,0.000000,0.000000,0.000132,0.000000,0.000000,0.000000,0.000132,0.000000,0.000000,0.000000,0.000000,0.000000,0.000000,0.000000
forming,4,0.000000,0.000000,0.000000,0.000000,0.000000,0.000132,0.000000,0.000000,0.000000,0.000132,0.000000,0.000000,0.000000,0.000000,0.000132,0.000132,0.000000,0.000000,0.000000,0.000000,0.000000,0.000000
focusing,4,0.000000,0.000000,0.000000,0.000000,0.000000,0.000000,0.000000,0.000132,0.000000,0.000000,0.000132,0.000000,0.000000,0.000132,0.000000,0.000000,0.000132,0.000000,0.000000,0.000000,0.000000,0.000000
exploring,4,0.000000,0.000000,0.000000,0.000000,0.000000,0.000132,0.000000,0.000000,0.000000,0.000132,0.000000,0.000000,0.000000,0.000000,0.000132,0.000000,0.000000,0.000000,0.000000,0.000000,0.000000,0.000000
expanding,4,0.000000,0.000000,0.000000,0.000000,0.000000,0.000000,0.000000,0.000000,0.000000,0.000000,0.000000,0.000000,0.000132,0.000132,0.000000,0.000000,0.000000,0.000132,0.000000,0.000000,0.000132,0.000000
establishing,4,0.000000,0.000000,0.000000,0.000000,0.000000,0.000000,0.000000,0.000132,0.000000,0.000132,0.000000,0.000000,0.000265,0.000000,0.000000,0.000000,0.000000,0.000000,0.000000,0.000000,0.000000,0.000000
ensuring,4,0.000000,0.000000,0.000000,0.000000,0.000000,0.000000,0.000000,0.000000,0.000000,0.000000,0.000000,0.000000,0.000132,0.000000,0.000000,0.000000,0.000132,0.000132,0.000000,0.000132,0.000000,0.000000
ending,4,0.000000,0.000000,0.000000,0.000000,0.000000,0.000000,0.000000,0.000132,0.000000,0.000132,0.000000,0.000000,0.000000,0.000000,0.000000,0.000132,0.000000,0.000000,0.000000,0.000000,0.000000,0.000132
drawing,4,0.000000,0.000000,0.000000,0.000000,0.000000,0.000000,0.000000,0.000000,0.000000,0.000000,0.000000,0.000265,0.000000,0.000132,0.000132,0.000000,0.000000,0.000000,0.000000,0.000000,0.000000,0.000000
determining,4,0.000000,0.000000,0.000000,0.000000,0.000000,0.000000,0.000000,0.000000,0.000000,0.000000,0.000000,0.000000,0.000132,0.000000,0.000132,0.000000,0.000000,0.000000,0.000000,0.000132,0.000000,0.000000
covering,4,0.000000,0.000000,0.000000,0.000000,0.000000,0.000000,0.000000,0.000132,0.000000,0.000000,0.000000,0.000000,0.000000,0.000000,0.000000,0.000000,0.000000,0.000000,0.000000,0.000132,0.000000,0.000000
collecting,4,0.000000,0.000000,0.000000,0.000000,0.000000,0.000000,0.000000,0.000000,0.000000,0.000132,0.000000,0.000132,0.000000,0.000000,0.000000,0.000000,0.000000,0.000000,0.000000,0.000000,0.000265,0.000000
changing,4,0.000000,0.000000,0.000000,0.000132,0.000000,0.000000,0.000000,0.000265,0.000000,0.000000,0.000000,0.000000,0.000000,0.000132,0.000000,0.000000,0.000000,0.000000,0.000000,0.000000,0.000000,0.000000
bringing,4,0.000000,0.000000,0.000000,0.000000,0.000000,0.000000,0.000000,0.000000,0.000000,0.000000,0.000132,0.000132,0.000000,0.000000,0.000000,0.000000,0.000000,0.000000,0.000000,0.000000,0.000132,0.000000
