rocket,150,0.018127,0.007553,0.010574,0.003021,0.031722,0.015106,0.031722,0.031722,0.006042,0.004532,0.000000,0.019637,0.001511,0.000000,0.000000,0.001511,0.004532,0.006042,0.001511,0.000000,0.012085,0.010574
nasa,83,0.012085,0.006042,0.000000,0.000000,0.022659,0.009063,0.012085,0.018127,0.001511,0.004532,0.000000,0.007553,0.003021,0.000000,0.000000,0.001511,0.006042,0.000000,0.004532,0.000000,0.000000,0.007553
space,72,0.006042,0.000000,0.003021,0.003021,0.022659,0.004532,0.018127,0.006042,0.004532,0.003021,0.000000,0.004532,0.000000,0.000000,0.000000,0.001511,0.009063,0.004532,0.000000,0.000000,0.010574,0.007553
first,35,0.001511,0.001511,0.001511,0.001511,0.004532,0.009063,0.007553,0.004532,0.001511,0.000000,0.000000,0.003021,0.003021,0.000000,0.000000,0.000000,0.000000,0.004532,0.000000,0.000000,0.004532,0.003021
post,27,0.010574,0.000000,0.001511,0.000000,0.012085,0.006042,0.006042,0.001511,0.001511,0.000000,0.000000,0.000000,0.000000,0.000000,0.000000,0.000000,0.001511,0.000000,0.000000,0.000000,0.000000,0.000000
flight,23,0.003021,0.000000,0.001511,0.000000,0.004532,0.003021,0.003021,0.007553,0.000000,0.001511,0.000000,0.003021,0.000000,0.000000,0.000000,0.000000,0.000000,0.000000,0.000000,0.000000,0.004532,0.000000
launch,21,0.001511,0.000000,0.000000,0.000000,0.006042,0.003021,0.003021,0.003021,0.000000,0.001511,0.000000,0.004532,0.000000,0.000000,0.000000,0.000000,0.000000,0.000000,0.000000,0.000000,0.006042,0.001511
test,20,0.004532,0.000000,0.001511,0.000000,0.001511,0.001511,0.000000,0.001511,0.000000,0.001511,0.000000,0.003021,0.000000,0.000000,0.000000,0.000000,0.000000,0.000000,0.000000,0.000000,0.004532,0.007553
release,18,0.004532,0.003021,0.000000,0.000000,0.006042,0.003021,0.004532,0.003021,0.000000,0.001511,0.000000,0.000000,0.000000,0.000000,0.000000,0.000000,0.000000,0.000000,0.000000,0.000000,0.000000,0.001511
program,18,0.001511,0.000000,0.001511,0.000000,0.000000,0.001511,0.004532,0.009063,0.000000,0.003021,0.000000,0.004532,0.000000,0.000000,0.000000,0.000000,0.000000,0.000000,0.000000,0.000000,0.000000,0.001511
aug,18,0.000000,0.000000,0.000000,0.000000,0.018127,0.000000,0.001511,0.000000,0.007553,0.000000,0.000000,0.000000,0.000000,0.000000,0.000000,0.000000,0.000000,0.000000,0.000000,0.000000,0.000000,0.000000
jan,17,0.003021,0.000000,0.000000,0.000000,0.001511,0.000000,0.010574,0.010574,0.000000,0.000000,0.000000,0.000000,0.000000,0.000000,0.000000,0.000000,0.000000,0.000000,0.000000,0.000000,0.000000,0.000000
development,17,0.000000,0.000000,0.001511,0.000000,0.012085,0.001511,0.004532,0.001511,0.000000,0.001511,0.000000,0.001511,0.001511,0.000000,0.000000,0.000000,0.000000,0.000000,0.000000,0.000000,0.000000,0.000000
corporation,16,0.000000,0.000000,0.000000,0.000000,0.010574,0.001511,0.003021,0.007553,0.000000,0.000000,0.000000,0.000000,0.000000,0.000000,0.000000,0.000000,0.000000,0.000000,0.000000,0.000000,0.001511,0.000000
vehicle,14,0.003021,0.003021,0.000000,0.000000,0.001511,0.000000,0.000000,0.000000,0.003021,0.000000,0.000000,0.000000,0.000000,0.000000,0.000000,0.000000,0.000000,0.000000,0.000000,0.000000,0.007553,0.001511
missile,14,0.001511,0.000000,0.001511,0.000000,0.007553,0.000000,0.003021,0.007553,0.000000,0.000000,0.000000,0.000000,0.000000,0.000000,0.000000,0.000000,0.000000,0.000000,0.000000,0.000000,0.000000,0.000000
million,14,0.000000,0.000000,0.000000,0.000000,0.003021,0.000000,0.006042,0.004532,0.000000,0.003021,0.000000,0.001511,0.000000,0.000000,0.000000,0.001511,0.000000,0.000000,0.000000,0.000000,0.000000,0.001511
dec,14,0.012085,0.000000,0.000000,0.003021,0.000000,0.000000,0.003021,0.000000,0.003021,0.000000,0.000000,0.000000,0.000000,0.000000,0.000000,0.000000,0.000000,0.000000,0.000000,0.000000,0.000000,0.000000
virginia,13,0.003021,0.000000,0.000000,0.000000,0.007553,0.003021,0.003021,0.000000,0.001511,0.000000,0.000000,0.000000,0.000000,0.000000,0.000000,0.000000,0.000000,0.000000,0.000000,0.000000,0.000000,0.000000
today,13,0.001511,0.000000,0.000000,0.000000,0.001511,0.001511,0.006042,0.000000,0.007553,0.000000,0.000000,0.001511,0.000000,0.000000,0.000000,0.000000,0.000000,0.000000,0.000000,0.000000,0.000000,0.000000
system,13,0.000000,0.000000,0.000000,0.000000,0.003021,0.001511,0.004532,0.003021,0.000000,0.000000,0.000000,0.000000,0.000000,0.000000,0.000000,0.000000,0.000000,0.000000,0.001511,0.000000,0.000000,0.004532
spacecraft,13,0.000000,0.000000,0.000000,0.000000,0.000000,0.000000,0.003021,0.003021,0.000000,0.001511,0.000000,0.000000,0.000000,0.000000,0.000000,0.003021,0.004532,0.001511,0.000000,0.000000,0.003021,0.000000
shuttle,13,0.004532,0.000000,0.000000,0.000000,0.000000,0.000000,0.000000,0.000000,0.000000,0.010574,0.000000,0.000000,0.003021,0.000000,0.000000,0.000000,0.000000,0.000000,0.000000,0.000000,0.000000,0.000000
mission,13,0.001511,0.000000,0.000000,0.000000,0.001511,0.000000,0.001511,0.001511,0.000000,0.000000,0.000000,0.001511,0.000000,0.000000,0.000000,0.000000,0.003021,0.000000,0.003021,0.000000,0.000000,0.003021
booster,13,0.006042,0.000000,0.000000,0.000000,0.003021,0.000000,0.004532,0.000000,0.001511,0.001511,0.000000,0.000000,0.001511,0.000000,0.000000,0.000000,0.000000,0.001511,0.000000,0.000000,0.000000,0.000000
ap,13,0.000000,0.000000,0.001511,0.000000,0.009063,0.001511,0.004532,0.001511,0.001511,0.000000,0.000000,0.000000,0.000000,0.000000,0.000000,0.000000,0.000000,0.000000,0.000000,0.000000,0.000000,0.000000
technology,12,0.001511,0.000000,0.000000,0.000000,0.006042,0.000000,0.006042,0.003021,0.000000,0.000000,0.000000,0.000000,0.001511,0.000000,0.000000,0.000000,0.000000,0.000000,0.000000,0.000000,0.001511,0.000000
range,12,0.000000,0.001511,0.001511,0.000000,0.006042,0.001511,0.001511,0.006042,0.000000,0.000000,0.000000,0.000000,0.000000,0.000000,0.000000,0.000000,0.000000,0.000000,0.000000,0.000000,0.000000,0.000000
payload,12,0.001511,0.000000,0.001511,0.000000,0.003021,0.003021,0.000000,0.003021,0.000000,0.000000,0.000000,0.000000,0.000000,0.000000,0.000000,0.000000,0.000000,0.001511,0.000000,0.000000,0.001511,0.000000
orbit,12,0.000000,0.000000,0.000000,0.001511,0.001511,0.000000,0.003021,0.003021,0.003021,0.000000,0.000000,0.001511,0.000000,0.000000,0.000000,0.000000,0.000000,0.000000,0.000000,0.000000,0.000000,0.003021
oct,12,0.000000,0.000000,0.000000,0.000000,0.003021,0.001511,0.000000,0.001511,0.012085,0.000000,0.000000,0.000000,0.000000,0.000000,0.000000,0.000000,0.000000,0.000000,0.000000,0.000000,0.000000,0.000000
ny,12,0.006042,0.000000,0.001511,0.000000,0.001511,0.000000,0.004532,0.003021,0.001511,0.000000,0.000000,0.000000,0.000000,0.000000,0.000000,0.000000,0.000000,0.000000,0.000000,0.000000,0.000000,0.000000
mexico,12,0.001511,0.000000,0.001511,0.000000,0.006042,0.000000,0.001511,0.001511,0.000000,0.000000,0.000000,0.001511,0.000000,0.000000,0.000000,0.000000,0.000000,0.000000,0.000000,0.000000,0.004532,0.000000
failure,12,0.003021,0.000000,0.000000,0.000000,0.003021,0.003021,0.000000,0.000000,0.000000,0.001511,0.000000,0.000000,0.000000,0.000000,0.000000,0.000000,0.006042,0.000000,0.000000,0.000000,0.001511,0.000000
university,11,0.000000,0.000000,0.000000,0.000000,0.010574,0.001511,0.001511,0.001511,0.000000,0.000000,0.000000,0.001511,0.000000,0.000000,0.000000,0.000000,0.000000,0.000000,0.000000,0.000000,0.000000,0.000000
sun,11,0.003021,0.000000,0.003021,0.001511,0.004532,0.001511,0.001511,0.000000,0.000000,0.000000,0.000000,0.000000,0.000000,0.000000,0.000000,0.000000,0.000000,0.000000,0.000000,0.000000,0.001511,0.000000
june,11,0.007553,0.000000,0.000000,0.000000,0.003021,0.000000,0.006042,0.000000,0.000000,0.000000,0.000000,0.000000,0.000000,0.000000,0.000000,0.000000,0.000000,0.000000,0.000000,0.000000,0.000000,0.000000
delta,11,0.003021,0.000000,0.000000,0.000000,0.000000,0.000000,0.003021,0.004532,0.004532,0.000000,0.000000,0.000000,0.000000,0.000000,0.000000,0.000000,0.000000,0.000000,0.001511,0.000000,0.000000,0.000000
comet,11,0.000000,0.000000,0.000000,0.000000,0.000000,0.000000,0.006042,0.000000,0.000000,0.000000,0.000000,0.000000,0.000000,0.000000,0.000000,0.001511,0.003021,0.001511,0.004532,0.000000,0.000000,0.000000
government,10,0.000000,0.001511,0.000000,0.000000,0.003021,0.000000,0.000000,0.004532,0.000000,0.000000,0.000000,0.000000,0.000000,0.000000,0.000000,0.000000,0.001511,0.001511,0.000000,0.000000,0.003021,0.000000
earth,10,0.001511,0.000000,0.000000,0.000000,0.001511,0.000000,0.001511,0.001511,0.001511,0.001511,0.000000,0.001511,0.000000,0.000000,0.000000,0.000000,0.000000,0.000000,0.000000,0.000000,0.001511,0.003021
company,10,0.001511,0.000000,0.000000,0.001511,0.001511,0.000000,0.003021,0.003021,0.000000,0.001511,0.000000,0.000000,0.000000,0.000000,0.000000,0.000000,0.000000,0.000000,0.000000,0.000000,0.003021,0.000000
b,10,0.003021,0.000000,0.003021,0.001511,0.003021,0.000000,0.001511,0.000000,0.000000,0.000000,0.000000,0.000000,0.000000,0.000000,0.000000,0.000000,0.001511,0.000000,0.000000,0.000000,0.001511,0.000000
alabama,10,0.001511,0.000000,0.000000,0.000000,0.009063,0.001511,0.001511,0.000000,0.000000,0.000000,0.000000,0.001511,0.000000,0.000000,0.000000,0.000000,0.000000,0.000000,0.000000,0.000000,0.000000,0.000000
agency,10,0.001511,0.000000,0.000000,0.000000,0.001511,0.000000,0.001511,0.001511,0.000000,0.001511,0.000000,0.000000,0.000000,0.000000,0.000000,0.000000,0.006042,0.001511,0.000000,0.000000,0.000000,0.000000
21/91,10,0.000000,0.000000,0.000000,0.000000,0.015106,0.000000,0.000000,0.000000,0.000000,0.000000,0.000000,0.000000,0.000000,0.000000,0.000000,0.000000,0.000000,0.000000,0.000000,0.000000,0.000000,0.000000
part,9,0.000000,0.000000,0.000000,0.000000,0.001511,0.001511,0.001511,0.001511,0.000000,0.001511,0.000000,0.003021,0.000000,0.000000,0.000000,0.000000,0.000000,0.000000,0.000000,0.000000,0.001511,0.001511
island,9,0.003021,0.000000,0.000000,0.000000,0.000000,0.004532,0.001511,0.000000,0.001511,0.001511,0.000000,0.000000,0.000000,0.000000,0.000000,0.000000,0.000000,0.000000,0.000000,0.000000,0.000000,0.000000
experiment,9,0.006042,0.000000,0.001511,0.000000,0.001511,0.000000,0.003021,0.000000,0.000000,0.000000,0.000000,0.000000,0.000000,0.000000,0.000000,0.000000,0.000000,0.000000,0.000000,0.000000,0.000000,0.000000
engine,9,0.000000,0.000000,0.000000,0.000000,0.003021,0.000000,0.000000,0.001511,0.003021,0.000000,0.000000,0.000000,0.000000,0.000000,0.000000,0.001511,0.000000,0.000000,0.000000,0.000000,0.004532,0.000000
craft,9,0.000000,0.000000,0.000000,0.000000,0.000000,0.000000,0.000000,0.000000,0.000000,0.001511,0.000000,0.000000,0.000000,0.000000,0.000000,0.000000,0.004532,0.000000,0.003021,0.000000,0.003021,0.001511
contract,9,0.000000,0.000000,0.000000,0.000000,0.001511,0.000000,0.001511,0.000000,0.000000,0.006042,0.000000,0.000000,0.000000,0.000000,0.000000,0.000000,0.000000,0.000000,0.000000,0.000000,0.000000,0.004532
wsj,8,0.001511,0.000000,0.001511,0.000000,0.001511,0.000000,0.004532,0.003021,0.000000,0.000000,0.000000,0.000000,0.000000,0.000000,0.000000,0.000000,0.000000,0.000000,0.000000,0.000000,0.000000,0.000000
usa,8,0.001511,0.000000,0.000000,0.000000,0.001511,0.001511,0.004532,0.000000,0.003021,0.000000,0.000000,0.000000,0.000000,0.000000,0.000000,0.000000,0.000000,0.000000,0.000000,0.000000,0.000000,0.000000
support,8,0.000000,0.000000,0.000000,0.000000,0.000000,0.000000,0.000000,0.003021,0.000000,0.001511,0.000000,0.000000,0.000000,0.000000,0.000000,0.000000,0.003021,0.000000,0.000000,0.000000,0.000000,0.003021
second,8,0.003021,0.000000,0.000000,0.000000,0.000000,0.001511,0.001511,0.000000,0.001511,0.000000,0.000000,0.003021,0.000000,0.000000,0.000000,0.000000,0.000000,0.000000,0.000000,0.000000,0.001511,0.000000
report,8,0.001511,0.000000,0.000000,0.000000,0.001511,0.000000,0.000000,0.000000,0.000000,0.000000,0.000000,0.000000,0.001511,0.000000,0.000000,0.000000,0.007553,0.000000,0.000000,0.000000,0.000000,0.000000
news,8,0.000000,0.000000,0.000000,0.000000,0.001511,0.000000,0.001511,0.000000,0.003021,0.001511,0.000000,0.000000,0.000000,0.000000,0.000000,0.000000,0.001511,0.000000,0.000000,0.000000,0.001511,0.001511
march,8,0.000000,0.001511,0.000000,0.000000,0.003021,0.000000,0.003021,0.000000,0.000000,0.001511,0.000000,0.000000,0.000000,0.000000,0.000000,0.000000,0.000000,0.000000,0.000000,0.000000,0.001511,0.001511
la,8,0.000000,0.000000,0.000000,0.001511,0.004532,0.001511,0.001511,0.003021,0.000000,0.000000,0.000000,0.000000,0.000000,0.000000,0.000000,0.000000,0.000000,0.000000,0.000000,0.000000,0.000000,0.000000
defense,8,0.001511,0.000000,0.000000,0.000000,0.003021,0.000000,0.003021,0.004532,0.000000,0.000000,0.000000,0.000000,0.000000,0.000000,0.000000,0.000000,0.000000,0.000000,0.000000,0.000000,0.000000,0.000000
center,8,0.001511,0.000000,0.000000,0.000000,0.006042,0.000000,0.003021,0.000000,0.000000,0.000000,0.000000,0.000000,0.000000,0.000000,0.000000,0.000000,0.000000,0.000000,0.000000,0.000000,0.000000,0.001511
cape,8,0.001511,0.000000,0.000000,0.000000,0.009063,0.000000,0.000000,0.000000,0.000000,0.000000,0.000000,0.000000,0.000000,0.000000,0.000000,0.000000,0.000000,0.000000,0.001511,0.000000,0.000000,0.000000
aerospace,8,0.000000,0.000000,0.000000,0.000000,0.000000,0.000000,0.000000,0.001511,0.000000,0.000000,0.000000,0.000000,0.001511,0.000000,0.000000,0.000000,0.000000,0.000000,0.000000,0.000000,0.009063,0.000000
31/87,8,0.012085,0.000000,0.000000,0.000000,0.000000,0.000000,0.000000,0.000000,0.000000,0.000000,0.000000,0.000000,0.000000,0.000000,0.000000,0.000000,0.000000,0.000000,0.000000,0.000000,0.000000,0.000000
use,7,0.001511,0.000000,0.000000,0.000000,0.001511,0.000000,0.001511,0.000000,0.001511,0.000000,0.000000,0.003021,0.000000,0.000000,0.000000,0.000000,0.000000,0.000000,0.000000,0.000000,0.001511,0.000000
team,7,0.001511,0.000000,0.000000,0.000000,0.000000,0.000000,0.000000,0.003021,0.000000,0.000000,0.000000,0.004532,0.000000,0.000000,0.000000,0.000000,0.000000,0.000000,0.000000,0.000000,0.000000,0.000000
site,7,0.000000,0.000000,0.000000,0.000000,0.001511,0.000000,0.000000,0.000000,0.000000,0.000000,0.000000,0.001511,0.000000,0.000000,0.000000,0.000000,0.000000,0.001511,0.000000,0.000000,0.006042,0.000000
seven,7,0.000000,0.000000,0.000000,0.000000,0.003021,0.003021,0.001511,0.001511,0.000000,0.001511,0.000000,0.000000,0.000000,0.000000,0.000000,0.000000,0.000000,0.000000,0.000000,0.000000,0.000000,0.000000
november,7,0.000000,0.001511,0.000000,0.000000,0.004532,0.000000,0.000000,0.000000,0.000000,0.000000,0.000000,0.000000,0.000000,0.000000,0.000000,0.000000,0.000000,0.001511,0.000000,0.000000,0.001511,0.001511
nov,7,0.004532,0.000000,0.000000,0.000000,0.004532,0.001511,0.000000,0.000000,0.000000,0.000000,0.000000,0.000000,0.000000,0.000000,0.000000,0.000000,0.000000,0.000000,0.000000,0.000000,0.000000,0.000000
h,7,0.007553,0.000000,0.000000,0.000000,0.000000,0.000000,0.001511,0.001511,0.000000,0.000000,0.000000,0.000000,0.000000,0.000000,0.000000,0.000000,0.000000,0.000000,0.000000,0.000000,0.000000,0.000000
florida,7,0.001511,0.000000,0.000000,0.000000,0.004532,0.000000,0.000000,0.000000,0.000000,0.000000,0.000000,0.001511,0.000000,0.000000,0.000000,0.000000,0.000000,0.000000,0.001511,0.000000,0.000000,0.001511
february,7,0.000000,0.000000,0.000000,0.000000,0.000000,0.000000,0.001511,0.003021,0.000000,0.001511,0.000000,0.000000,0.000000,0.000000,0.000000,0.000000,0.000000,0.000000,0.001511,0.000000,0.000000,0.003021
feb,7,0.000000,0.000000,0.000000,0.000000,0.000000,0.000000,0.000000,0.010574,0.000000,0.000000,0.000000,0.000000,0.000000,0.000000,0.000000,0.000000,0.000000,0.000000,0.000000,0.000000,0.000000,0.000000
december,7,0.001511,0.001511,0.000000,0.000000,0.003021,0.000000,0.000000,0.000000,0.000000,0.000000,0.000000,0.001511,0.000000,0.000000,0.000000,0.000000,0.001511,0.000000,0.000000,0.000000,0.001511,0.000000
de,7,0.000000,0.000000,0.000000,0.000000,0.000000,0.000000,0.000000,0.004532,0.000000,0.000000,0.000000,0.000000,0.000000,0.000000,0.000000,0.000000,0.001511,0.003021,0.000000,0.000000,0.001511,0.000000
date,7,0.001511,0.000000,0.000000,0.001511,0.001511,0.001511,0.000000,0.001511,0.000000,0.000000,0.000000,0.000000,0.000000,0.000000,0.000000,0.000000,0.001511,0.000000,0.000000,0.000000,0.000000,0.000000
consortium,7,0.000000,0.000000,0.000000,0.000000,0.004532,0.001511,0.001511,0.003021,0.000000,0.000000,0.000000,0.000000,0.000000,0.000000,0.000000,0.000000,0.000000,0.000000,0.000000,0.000000,0.000000,0.000000
apr,7,0.000000,0.000000,0.006042,0.000000,0.001511,0.000000,0.000000,0.001511,0.001511,0.000000,0.000000,0.000000,0.000000,0.000000,0.000000,0.000000,0.000000,0.000000,0.000000,0.000000,0.000000,0.000000
altitude,7,0.000000,0.000000,0.000000,0.000000,0.000000,0.001511,0.000000,0.000000,0.000000,0.000000,0.000000,0.003021,0.000000,0.000000,0.000000,0.000000,0.001511,0.000000,0.000000,0.000000,0.001511,0.000000
agreement,7,0.000000,0.003021,0.000000,0.000000,0.000000,0.000000,0.001511,0.001511,0.000000,0.001511,0.000000,0.001511,0.000000,0.000000,0.000000,0.000000,0.000000,0.000000,0.000000,0.000000,0.001511,0.000000
30/89,7,0.000000,0.000000,0.010574,0.000000,0.000000,0.000000,0.000000,0.000000,0.000000,0.000000,0.000000,0.000000,0.000000,0.000000,0.000000,0.000000,0.000000,0.000000,0.000000,0.000000,0.000000,0.000000
3/93,7,0.000000,0.000000,0.000000,0.000000,0.000000,0.000000,0.010574,0.000000,0.000000,0.000000,0.000000,0.000000,0.000000,0.000000,0.000000,0.000000,0.000000,0.000000,0.000000,0.000000,0.000000,0.000000
washington,6,0.000000,0.000000,0.000000,0.000000,0.004532,0.000000,0.004532,0.000000,0.000000,0.000000,0.000000,0.000000,0.000000,0.000000,0.000000,0.000000,0.000000,0.000000,0.000000,0.000000,0.000000,0.000000
time,6,0.003021,0.000000,0.000000,0.000000,0.000000,0.001511,0.001511,0.000000,0.000000,0.000000,0.000000,0.000000,0.001511,0.000000,0.000000,0.000000,0.000000,0.000000,0.000000,0.000000,0.000000,0.000000
science,6,0.001511,0.000000,0.000000,0.000000,0.001511,0.000000,0.001511,0.004532,0.000000,0.000000,0.000000,0.000000,0.000000,0.000000,0.000000,0.000000,0.000000,0.000000,0.000000,0.000000,0.000000,0.000000
project,6,0.000000,0.000000,0.000000,0.000000,0.003021,0.000000,0.000000,0.001511,0.000000,0.000000,0.000000,0.001511,0.000000,0.000000,0.000000,0.000000,0.000000,0.000000,0.000000,0.000000,0.000000,0.001511
p,6,0.001511,0.000000,0.001511,0.000000,0.003021,0.001511,0.001511,0.000000,0.000000,0.000000,0.000000,0.000000,0.000000,0.000000,0.000000,0.000000,0.000000,0.000000,0.000000,0.000000,0.000000,0.000000
ocean,6,0.000000,0.000000,0.000000,0.000000,0.001511,0.001511,0.000000,0.000000,0.000000,0.004532,0.000000,0.000000,0.000000,0.000000,0.000000,0.000000,0.000000,0.000000,0.000000,0.000000,0.000000,0.000000
launcher,6,0.000000,0.000000,0.000000,0.000000,0.000000,0.000000,0.001511,0.000000,0.000000,0.000000,0.000000,0.000000,0.000000,0.000000,0.000000,0.000000,0.000000,0.000000,0.000000,0.000000,0.000000,0.007553
inc,6,0.006042,0.000000,0.003021,0.000000,0.000000,0.000000,0.000000,0.000000,0.000000,0.000000,0.000000,0.000000,0.000000,0.000000,0.000000,0.000000,0.000000,0.000000,0.000000,0.000000,0.000000,0.000000
impact,6,0.001511,0.000000,0.000000,0.000000,0.003021,0.000000,0.000000,0.000000,0.000000,0.000000,0.000000,0.000000,0.000000,0.000000,0.000000,0.000000,0.000000,0.000000,0.004532,0.000000,0.000000,0.000000
ground,6,0.001511,0.000000,0.000000,0.000000,0.000000,0.001511,0.000000,0.000000,0.000000,0.000000,0.000000,0.003021,0.000000,0.000000,0.000000,0.001511,0.000000,0.000000,0.000000,0.000000,0.000000,0.001511
fuel,6,0.000000,0.000000,0.000000,0.000000,0.003021,0.001511,0.000000,0.001511,0.000000,0.000000,0.000000,0.001511,0.000000,0.000000,0.000000,0.000000,0.000000,0.000000,0.000000,0.000000,0.000000,0.000000
fairfax,6,0.000000,0.000000,0.000000,0.000000,0.006042,0.001511,0.001511,0.000000,0.000000,0.000000,0.000000,0.000000,0.000000,0.000000,0.000000,0.000000,0.000000,0.000000,0.000000,0.000000,0.000000,0.000000
facility,6,0.000000,0.000000,0.001511,0.000000,0.000000,0.001511,0.000000,0.000000,0.000000,0.000000,0.000000,0.001511,0.000000,0.000000,0.000000,0.000000,0.000000,0.000000,0.000000,0.000000,0.001511,0.001511
contour,6,0.000000,0.000000,0.000000,0.000000,0.000000,0.000000,0.000000,0.000000,0.000000,0.000000,0.000000,0.000000,0.000000,0.000000,0.000000,0.003021,0.006042,0.000000,0.000000,0.000000,0.000000,0.000000
year,5,0.000000,0.000000,0.000000,0.000000,0.001511,0.000000,0.003021,0.003021,0.000000,0.000000,0.000000,0.000000,0.000000,0.000000,0.000000,0.000000,0.000000,0.000000,0.000000,0.000000,0.000000,0.000000
thiokol,5,0.007553,0.000000,0.000000,0.000000,0.000000,0.000000,0.000000,0.000000,0.000000,0.000000,0.000000,0.000000,0.000000,0.000000,0.000000,0.000000,0.000000,0.000000,0.000000,0.000000,0.000000,0.000000
pad,5,0.000000,0.000000,0.003021,0.000000,0.004532,0.000000,0.000000,0.000000,0.000000,0.000000,0.000000,0.000000,0.000000,0.000000,0.000000,0.000000,0.000000,0.000000,0.000000,0.000000,0.000000,0.000000
organization,5,0.001511,0.000000,0.000000,0.000000,0.000000,0.000000,0.001511,0.004532,0.000000,0.000000,0.000000,0.000000,0.000000,0.000000,0.000000,0.000000,0.000000,0.000000,0.000000,0.000000,0.000000,0.000000
motor,5,0.004532,0.000000,0.000000,0.000000,0.000000,0.000000,0.001511,0.000000,0.000000,0.000000,0.000000,0.000000,0.000000,0.000000,0.000000,0.000000,0.001511,0.000000,0.000000,0.000000,0.000000,0.000000
morton,5,0.007553,0.000000,0.000000,0.000000,0.000000,0.000000,0.000000,0.000000,0.000000,0.000000,0.000000,0.000000,0.000000,0.000000,0.000000,0.000000,0.000000,0.000000,0.000000,0.000000,0.000000,0.000000
microgravity,5,0.000000,0.000000,0.001511,0.000000,0.003021,0.003021,0.000000,0.000000,0.000000,0.000000,0.000000,0.000000,0.000000,0.000000,0.000000,0.000000,0.000000,0.000000,0.000000,0.000000,0.000000,0.000000
japanese,5,0.000000,0.000000,0.000000,0.003021,0.000000,0.000000,0.000000,0.003021,0.000000,0.001511,0.000000,0.000000,0.000000,0.000000,0.000000,0.000000,0.000000,0.000000,0.000000,0.000000,0.000000,0.000000
inq,5,0.001511,0.000000,0.001511,0.000000,0.003021,0.000000,0.001511,0.000000,0.000000,0.000000,0.000000,0.000000,0.000000,0.000000,0.000000,0.000000,0.000000,0.000000,0.000000,0.000000,0.000000,0.000000
future,5,0.000000,0.000000,0.000000,0.000000,0.001511,0.000000,0.000000,0.000000,0.000000,0.000000,0.000000,0.000000,0.000000,0.000000,0.000000,0.000000,0.004532,0.000000,0.000000,0.000000,0.001511,0.000000
dc-x,5,0.000000,0.000000,0.000000,0.000000,0.000000,0.000000,0.003021,0.004532,0.000000,0.000000,0.000000,0.000000,0.000000,0.000000,0.000000,0.000000,0.000000,0.000000,0.000000,0.000000,0.000000,0.000000
contact,5,0.000000,0.000000,0.000000,0.000000,0.000000,0.000000,0.000000,0.001511,0.000000,0.000000,0.000000,0.000000,0.000000,0.000000,0.000000,0.003021,0.003021,0.000000,0.000000,0.000000,0.000000,0.000000
consort,5,0.000000,0.000000,0.000000,0.000000,0.004532,0.001511,0.001511,0.000000,0.000000,0.000000,0.000000,0.000000,0.000000,0.000000,0.000000,0.000000,0.000000,0.000000,0.000000,0.000000,0.000000,0.000000
capsule,5,0.000000,0.000000,0.000000,0.001511,0.000000,0.000000,0.000000,0.000000,0.000000,0.000000,0.000000,0.000000,0.000000,0.000000,0.000000,0.000000,0.004532,0.000000,0.000000,0.000000,0.000000,0.000000
attempt,5,0.000000,0.000000,0.000000,0.000000,0.000000,0.000000,0.000000,0.000000,0.000000,0.000000,0.000000,0.001511,0.000000,0.000000,0.000000,0.000000,0.000000,0.000000,0.000000,0.000000,0.006042,0.000000
atmosphere,5,0.000000,0.000000,0.000000,0.000000,0.001511,0.000000,0.000000,0.001511,0.000000,0.000000,0.000000,0.001511,0.000000,0.000000,0.000000,0.000000,0.000000,0.000000,0.000000,0.000000,0.000000,0.001511
v-2,4,0.000000,0.000000,0.000000,0.000000,0.001511,0.004532,0.000000,0.000000,0.000000,0.000000,0.000000,0.000000,0.000000,0.000000,0.000000,0.000000,0.000000,0.000000,0.000000,0.000000,0.000000,0.000000
star,4,0.000000,0.000000,0.000000,0.000000,0.003021,0.000000,0.000000,0.000000,0.000000,0.000000,0.000000,0.000000,0.000000,0.000000,0.000000,0.000000,0.000000,0.000000,0.000000,0.000000,0.003021,0.000000
stage,4,0.000000,0.000000,0.000000,0.000000,0.000000,0.000000,0.000000,0.000000,0.003021,0.000000,0.000000,0.000000,0.000000,0.000000,0.000000,0.000000,0.000000,0.000000,0.000000,0.000000,0.000000,0.000000
spaceport,4,0.000000,0.000000,0.000000,0.000000,0.000000,0.000000,0.000000,0.000000,0.000000,0.000000,0.000000,0.000000,0.000000,0.000000,0.000000,0.000000,0.000000,0.000000,0.000000,0.000000,0.006042,0.000000
sept,4,0.000000,0.000000,0.000000,0.000000,0.000000,0.006042,0.000000,0.000000,0.000000,0.000000,0.000000,0.000000,0.000000,0.000000,0.000000,0.000000,0.000000,0.000000,0.000000,0.000000,0.000000,0.000000
sep,4,0.000000,0.000000,0.000000,0.000000,0.001511,0.000000,0.000000,0.000000,0.004532,0.000000,0.000000,0.000000,0.000000,0.000000,0.000000,0.000000,0.000000,0.000000,0.000000,0.000000,0.000000,0.000000
research,4,0.003021,0.000000,0.000000,0.000000,0.001511,0.000000,0.000000,0.001511,0.000000,0.000000,0.000000,0.000000,0.000000,0.000000,0.000000,0.000000,0.000000,0.000000,0.000000,0.000000,0.000000,0.000000
region,4,0.000000,0.000000,0.000000,0.000000,0.000000,0.000000,0.000000,0.001511,0.000000,0.000000,0.000000,0.000000,0.000000,0.000000,0.000000,0.000000,0.000000,0.000000,0.000000,0.000000,0.001511,0.003021
plant,4,0.004532,0.000000,0.000000,0.000000,0.000000,0.000000,0.000000,0.001511,0.000000,0.000000,0.000000,0.000000,0.000000,0.000000,0.000000,0.000000,0.000000,0.000000,0.000000,0.000000,0.000000,0.000000
october,4,0.000000,0.000000,0.000000,0.000000,0.001511,0.001511,0.000000,0.001511,0.000000,0.000000,0.000000,0.000000,0.000000,0.000000,0.000000,0.000000,0.000000,0.001511,0.000000,0.000000,0.000000,0.000000
nine,4,0.000000,0.000000,0.000000,0.000000,0.003021,0.001511,0.000000,0.000000,0.000000,0.000000,0.000000,0.000000,0.000000,0.000000,0.000000,0.000000,0.000000,0.000000,0.000000,0.000000,0.000000,0.000000
model,4,0.000000,0.000000,0.000000,0.000000,0.000000,0.000000,0.000000,0.000000,0.000000,0.000000,0.000000,0.000000,0.000000,0.000000,0.000000,0.000000,0.000000,0.000000,0.000000,0.000000,0.000000,0.000000
member,4,0.000000,0.000000,0.000000,0.000000,0.000000,0.000000,0.000000,0.000000,0.000000,0.000000,0.000000,0.006042,0.000000,0.000000,0.000000,0.000000,0.000000,0.000000,0.000000,0.000000,0.000000,0.000000
mcdonnell,4,0.000000,0.000000,0.000000,0.000000,0.000000,0.000000,0.001511,0.003021,0.001511,0.000000,0.000000,0.000000,0.000000,0.000000,0.000000,0.000000,0.000000,0.000000,0.000000,0.000000,0.000000,0.000000
martin,4,0.000000,0.000000,0.000000,0.000000,0.000000,0.000000,0.000000,0.006042,0.000000,0.000000,0.000000,0.000000,0.000000,0.000000,0.000000,0.000000,0.000000,0.000000,0.000000,0.000000,0.000000,0.000000
marietta,4,0.000000,0.000000,0.000000,0.000000,0.000000,0.000000,0.000000,0.006042,0.000000,0.000000,0.000000,0.000000,0.000000,0.000000,0.000000,0.000000,0.000000,0.000000,0.000000,0.000000,0.000000,0.000000
m,4,0.000000,0.000000,0.000000,0.000000,0.000000,0.001511,0.000000,0.000000,0.000000,0.000000,0.000000,0.000000,0.000000,0.000000,0.000000,0.000000,0.000000,0.001511,0.000000,0.000000,0.001511,0.000000
kavoshgar,4,0.000000,0.000000,0.000000,0.000000,0.000000,0.000000,0.000000,0.000000,0.000000,0.000000,0.000000,0.000000,0.000000,0.000000,0.000000,0.000000,0.000000,0.000000,0.000000,0.000000,0.000000,0.006042
japan,4,0.000000,0.000000,0.000000,0.000000,0.000000,0.000000,0.001511,0.001511,0.000000,0.003021,0.000000,0.000000,0.000000,0.000000,0.000000,0.000000,0.000000,0.000000,0.000000,0.000000,0.000000,0.000000
january,4,0.000000,0.000000,0.000000,0.000000,0.000000,0.000000,0.000000,0.001511,0.000000,0.000000,0.000000,0.000000,0.001511,0.000000,0.000000,0.000000,0.001511,0.000000,0.000000,0.000000,0.001511,0.000000
inflatable,4,0.000000,0.000000,0.000000,0.000000,0.000000,0.000000,0.000000,0.000000,0.000000,0.000000,0.000000,0.000000,0.000000,0.000000,0.000000,0.000000,0.000000,0.000000,0.000000,0.000000,0.001511,0.000000
i,4,0.000000,0.000000,0.001511,0.000000,0.000000,0.000000,0.000000,0.000000,0.000000,0.000000,0.000000,0.001511,0.000000,0.000000,0.000000,0.000000,0.000000,0.000000,0.000000,0.000000,0.000000,0.003021
huntsville,4,0.001511,0.000000,0.000000,0.000000,0.003021,0.000000,0.000000,0.000000,0.000000,0.000000,0.000000,0.001511,0.000000,0.000000,0.000000,0.000000,0.000000,0.000000,0.000000,0.000000,0.000000,0.000000
http,4,0.000000,0.000000,0.000000,0.000000,0.000000,0.000000,0.000000,0.000000,0.000000,0.000000,0.000000,0.000000,0.000000,0.000000,0.000000,0.000000,0.000000,0.001511,0.001511,0.000000,0.001511,0.001511
hour,4,0.000000,0.000000,0.000000,0.000000,0.000000,0.000000,0.000000,0.000000,0.000000,0.000000,0.000000,0.000000,0.000000,0.000000,0.000000,0.000000,0.003021,0.000000,0.000000,0.000000,0.000000,0.003021
guiana,4,0.000000,0.000000,0.000000,0.000000,0.000000,0.000000,0.003021,0.000000,0.000000,0.000000,0.000000,0.000000,0.000000,0.000000,0.000000,0.000000,0.000000,0.003021,0.000000,0.000000,0.000000,0.000000
explosion,4,0.003021,0.000000,0.001511,0.000000,0.000000,0.000000,0.000000,0.001511,0.000000,0.000000,0.000000,0.000000,0.000000,0.000000,0.000000,0.000000,0.000000,0.000000,0.000000,0.000000,0.000000,0.000000
diameter,4,0.000000,0.000000,0.000000,0.000000,0.000000,0.000000,0.000000,0.000000,0.000000,0.000000,0.000000,0.000000,0.000000,0.000000,0.000000,0.000000,0.000000,0.000000,0.000000,0.000000,0.001511,0.000000
columbia,4,0.000000,0.000000,0.000000,0.000000,0.000000,0.000000,0.006042,0.000000,0.000000,0.000000,0.000000,0.000000,0.000000,0.000000,0.000000,0.000000,0.000000,0.000000,0.000000,0.000000,0.000000,0.000000
cause,4,0.004532,0.000000,0.000000,0.000000,0.000000,0.000000,0.000000,0.000000,0.000000,0.000000,0.000000,0.000000,0.000000,0.000000,0.000000,0.000000,0.001511,0.000000,0.000000,0.000000,0.000000,0.000000
c,4,0.000000,0.000000,0.003021,0.000000,0.001511,0.000000,0.000000,0.001511,0.000000,0.000000,0.000000,0.000000,0.000000,0.000000,0.000000,0.000000,0.000000,0.000000,0.000000,0.000000,0.000000,0.000000
brazilian,4,0.000000,0.000000,0.000000,0.000000,0.000000,0.000000,0.000000,0.003021,0.000000,0.000000,0.000000,0.000000,0.000000,0.000000,0.000000,0.000000,0.000000,0.003021,0.000000,0.000000,0.000000,0.000000
brazil,4,0.000000,0.000000,0.000000,0.000000,0.000000,0.000000,0.000000,0.004532,0.000000,0.000000,0.000000,0.000000,0.000000,0.000000,0.000000,0.000000,0.000000,0.001511,0.000000,0.000000,0.000000,0.000000
billion,4,0.000000,0.000000,0.000000,0.000000,0.000000,0.000000,0.000000,0.003021,0.000000,0.000000,0.000000,0.000000,0.003021,0.000000,0.000000,0.000000,0.000000,0.000000,0.000000,0.000000,0.000000,0.000000
bensoussan,4,0.000000,0.000000,0.000000,0.000000,0.000000,0.000000,0.000000,0.000000,0.000000,0.000000,0.000000,0.000000,0.000000,0.000000,0.000000,0.000000,0.006042,0.000000,0.000000,0.000000,0.000000,0.000000
avwk,4,0.000000,0.000000,0.000000,0.000000,0.000000,0.000000,0.000000,0.000000,0.006042,0.000000,0.000000,0.000000,0.000000,0.000000,0.000000,0.000000,0.000000,0.000000,0.000000,0.000000,0.000000,0.000000
age,4,0.000000,0.000000,0.000000,0.000000,0.000000,0.001511,0.001511,0.000000,0.000000,0.000000,0.000000,0.003021,0.000000,0.000000,0.000000,0.000000,0.000000,0.000000,0.000000,0.000000,0.000000,0.000000
9/93,4,0.000000,0.000000,0.000000,0.000000,0.000000,0.000000,0.006042,0.000000,0.000000,0.000000,0.000000,0.000000,0.000000,0.000000,0.000000,0.000000,0.000000,0.000000,0.000000,0.000000,0.000000,0.000000
