solar arrays,24,0.000000,0.000000,0.000000,0.000000,0.000290,0.000000,0.000000,0.000000,0.000000,0.000000,0.000000,0.000000,0.000000,0.000290,0.001160,0.000580,0.000290,0.000000,0.000000,0.002030,0.000870,0.000290
scientific experiments,21,0.000000,0.000290,0.000000,0.000000,0.000870,0.000290,0.000290,0.000290,0.000000,0.000290,0.000000,0.000000,0.000000,0.000000,0.000290,0.000290,0.000580,0.000000,0.001160,0.000290,0.000000,0.000580
solar panels,10,0.000000,0.000000,0.000000,0.000290,0.000000,0.000000,0.000000,0.000000,0.000000,0.000000,0.000000,0.000000,0.000000,0.000580,0.000000,0.000000,0.000000,0.000000,0.000000,0.000290,0.000580,0.000290
spare parts,6,0.000000,0.000000,0.000000,0.000000,0.000000,0.000000,0.000000,0.000000,0.000000,0.000000,0.000000,0.000000,0.000000,0.000000,0.000000,0.000000,0.000000,0.000000,0.000000,0.000000,0.000000,0.000000
scientific instruments,6,0.000000,0.000000,0.000000,0.000580,0.000290,0.000000,0.000000,0.000000,0.000000,0.000000,0.000000,0.000000,0.000000,0.000000,0.000000,0.000000,0.000000,0.000000,0.000000,0.000000,0.000000,0.000290
medical tests,6,0.000000,0.000290,0.000000,0.000000,0.000000,0.000580,0.000000,0.000290,0.000000,0.000000,0.000000,0.000290,0.000000,0.000000,0.000000,0.000000,0.000000,0.000000,0.000000,0.000000,0.000290,0.000000
solar storms,5,0.000000,0.000000,0.000000,0.000000,0.000000,0.000000,0.000000,0.000000,0.000000,0.000000,0.000000,0.000000,0.000000,0.000000,0.000290,0.000000,0.000000,0.000000,0.000580,0.000000,0.000000,0.000000
solar flares,5,0.000000,0.000000,0.000000,0.000000,0.000000,0.000000,0.000000,0.000000,0.000000,0.000000,0.000000,0.000000,0.000000,0.000000,0.000000,0.000000,0.000290,0.000000,0.001160,0.000000,0.000000,0.000000
orbital sciences,5,0.000000,0.000000,0.000000,0.000000,0.000000,0.000000,0.000000,0.000580,0.000000,0.000000,0.000000,0.000290,0.000000,0.000000,0.000000,0.000000,0.000000,0.000000,0.000290,0.000000,0.000000,0.000290
few days,5,0.000000,0.000000,0.000000,0.000000,0.000290,0.000290,0.000000,0.000000,0.000000,0.000000,0.000290,0.000000,0.000000,0.000000,0.000000,0.000000,0.000000,0.000000,0.000000,0.000290,0.000290,0.000000
technical services,4,0.000000,0.000000,0.000000,0.000000,0.000000,0.000000,0.000000,0.000000,0.000290,0.000000,0.000000,0.000000,0.000580,0.000000,0.000000,0.000000,0.000290,0.000000,0.000000,0.000000,0.000000,0.000000
soviet cosmonauts,4,0.000000,0.000290,0.000290,0.000000,0.000580,0.000000,0.000000,0.000000,0.000000,0.000000,0.000000,0.000000,0.000000,0.000000,0.000000,0.000000,0.000000,0.000000,0.000000,0.000000,0.000000,0.000000
soviet astronauts,4,0.000290,0.000000,0.000290,0.000000,0.000580,0.000000,0.000000,0.000000,0.000000,0.000000,0.000000,0.000000,0.000000,0.000000,0.000000,0.000000,0.000000,0.000000,0.000000,0.000000,0.000000,0.000000
robotic arms,4,0.000000,0.000000,0.000000,0.000000,0.000000,0.000000,0.000000,0.000000,0.000000,0.000290,0.000000,0.000000,0.000000,0.000000,0.000000,0.000290,0.000000,0.000000,0.000290,0.000000,0.000000,0.000000
other astronauts,4,0.000000,0.000000,0.000000,0.000000,0.000000,0.000000,0.000000,0.000000,0.000000,0.000290,0.000290,0.000290,0.000000,0.000000,0.000000,0.000000,0.000000,0.000000,0.000290,0.000000,0.000000,0.000000
operational activities,4,0.000000,0.000000,0.000000,0.000000,0.000000,0.000000,0.000000,0.000870,0.000000,0.000000,0.000000,0.000290,0.000000,0.000000,0.000000,0.000000,0.000000,0.000000,0.000000,0.000000,0.000000,0.000000
military officers,4,0.000290,0.000000,0.000000,0.000290,0.000000,0.000290,0.000000,0.000290,0.000000,0.000000,0.000000,0.000000,0.000000,0.000000,0.000000,0.000000,0.000000,0.000000,0.000000,0.000000,0.000000,0.000000
international partners,4,0.000000,0.000000,0.000000,0.000000,0.000000,0.000290,0.000000,0.000000,0.000000,0.000000,0.000000,0.000000,0.000290,0.000000,0.000000,0.000580,0.000000,0.000000,0.000000,0.000000,0.000000,0.000000
former astronauts,4,0.000000,0.000000,0.000290,0.000000,0.000000,0.000290,0.000000,0.000000,0.000000,0.000000,0.000000,0.000000,0.000290,0.000000,0.000000,0.000000,0.000000,0.000290,0.000000,0.000000,0.000000,0.000000
few minutes,4,0.000000,0.000000,0.000000,0.000000,0.000000,0.000000,0.000000,0.000000,0.000000,0.000290,0.000000,0.000290,0.000000,0.000000,0.000000,0.000000,0.000000,0.000000,0.000000,0.000000,0.000000,0.000000
electrical currents,4,0.000000,0.000000,0.000000,0.000000,0.000000,0.000000,0.000000,0.000000,0.000000,0.000000,0.000000,0.000000,0.000000,0.000000,0.000000,0.000000,0.000000,0.000000,0.000870,0.000290,0.000000,0.000000
centennial challenges,4,0.000000,0.000000,0.000000,0.000000,0.000000,0.000000,0.000000,0.000000,0.000000,0.000000,0.000000,0.000000,0.000000,0.000000,0.000000,0.000000,0.000000,0.000000,0.000000,0.000000,0.000580,0.000290
solar wings,3,0.000000,0.000000,0.000000,0.000000,0.000000,0.000000,0.000000,0.000000,0.000000,0.000000,0.000000,0.000000,0.000000,0.000580,0.000000,0.000000,0.000000,0.000000,0.000000,0.000000,0.000000,0.000000
small satellites,3,0.000000,0.000000,0.000000,0.000000,0.000000,0.000000,0.000000,0.000290,0.000000,0.000000,0.000000,0.000000,0.000000,0.000000,0.000000,0.000000,0.000000,0.000000,0.000000,0.000000,0.000000,0.000000
several days,3,0.000000,0.000000,0.000000,0.000000,0.000000,0.000290,0.000290,0.000000,0.000000,0.000000,0.000290,0.000000,0.000000,0.000000,0.000000,0.000000,0.000000,0.000000,0.000000,0.000000,0.000000,0.000000
several astronauts,3,0.000000,0.000000,0.000000,0.000000,0.000000,0.000000,0.000000,0.000290,0.000000,0.000000,0.000000,0.000000,0.000000,0.000000,0.000000,0.000000,0.000000,0.000000,0.000000,0.000000,0.000580,0.000000
metal shavings,3,0.000000,0.000000,0.000000,0.000000,0.000000,0.000000,0.000000,0.000000,0.000000,0.000000,0.000000,0.000000,0.000000,0.000000,0.000000,0.000000,0.000000,0.000000,0.000000,0.000000,0.000870,0.000000
lunar missions,3,0.000000,0.000000,0.000000,0.000000,0.000000,0.000000,0.000000,0.000000,0.000000,0.000000,0.000000,0.000000,0.000290,0.000000,0.000000,0.000000,0.000000,0.000000,0.000290,0.000290,0.000000,0.000000
lunar landers,3,0.000000,0.000000,0.000000,0.000000,0.000000,0.000000,0.000000,0.000000,0.000000,0.000000,0.000000,0.000000,0.000000,0.000000,0.000000,0.000000,0.000000,0.000000,0.000290,0.000290,0.000290,0.000000
international candidates,3,0.000000,0.000000,0.000000,0.000000,0.000000,0.000000,0.000000,0.000290,0.000290,0.000000,0.000000,0.000290,0.000000,0.000000,0.000000,0.000000,0.000000,0.000000,0.000000,0.000000,0.000000,0.000000
high winds,3,0.000000,0.000000,0.000000,0.000290,0.000290,0.000000,0.000000,0.000000,0.000000,0.000000,0.000000,0.000000,0.000000,0.000000,0.000000,0.000000,0.000290,0.000000,0.000000,0.000000,0.000000,0.000000
general thomas,3,0.000000,0.000000,0.000000,0.000000,0.000580,0.000000,0.000000,0.000000,0.000000,0.000000,0.000290,0.000000,0.000000,0.000000,0.000000,0.000000,0.000000,0.000000,0.000000,0.000000,0.000000,0.000000
fresh batteries,3,0.000000,0.000000,0.000000,0.000000,0.000000,0.000000,0.000000,0.000000,0.000000,0.000000,0.000000,0.000000,0.000000,0.000580,0.000000,0.000000,0.000000,0.000000,0.000000,0.000000,0.000000,0.000000
electrical cables,3,0.000000,0.000000,0.000000,0.000000,0.000000,0.000000,0.000000,0.000000,0.000000,0.000000,0.000000,0.000000,0.000000,0.000290,0.000000,0.000290,0.000000,0.000000,0.000000,0.000000,0.000290,0.000000
additional spacewalks,3,0.000000,0.000000,0.000000,0.000000,0.000000,0.000000,0.000000,0.000000,0.000000,0.000000,0.000000,0.000000,0.000290,0.000000,0.000000,0.000000,0.000000,0.000000,0.000000,0.000000,0.000000,0.000290
