landing,78,0.000000,0.000000,0.000870,0.000145,0.000870,0.000000,0.000290,0.000870,0.000000,0.000435,0.001160,0.000725,0.000290,0.000725,0.000000,0.000000,0.001595,0.000290,0.000145,0.000290,0.000435,0.000580
training,72,0.000000,0.000000,0.000145,0.000145,0.000000,0.000290,0.000435,0.002610,0.000000,0.000725,0.001015,0.000725,0.000000,0.000290,0.000580,0.001015,0.000290,0.000290,0.000145,0.000000,0.000290,0.000145
using,62,0.000145,0.000000,0.000000,0.000580,0.000435,0.000580,0.000435,0.000290,0.000000,0.000435,0.000290,0.000725,0.000290,0.000290,0.000435,0.000000,0.000290,0.000290,0.000435,0.000580,0.000870,0.000145
including,58,0.000000,0.000000,0.000290,0.000000,0.000580,0.000580,0.000435,0.000580,0.000145,0.000870,0.000145,0.000435,0.000000,0.000000,0.000290,0.000580,0.000145,0.000290,0.000870,0.000290,0.000725,0.000435
orbiting,42,0.000145,0.000000,0.000000,0.000290,0.000435,0.000580,0.000290,0.000290,0.000000,0.000725,0.000580,0.000290,0.000000,0.000145,0.000435,0.000145,0.000435,0.000725,0.000000,0.000145,0.000000,0.000000
carrying,37,0.000145,0.000290,0.000000,0.000000,0.000145,0.000145,0.000145,0.000435,0.000000,0.000725,0.000580,0.001015,0.000000,0.000145,0.000435,0.000000,0.000145,0.000000,0.000000,0.000000,0.000725,0.000000
returning,36,0.000000,0.000000,0.000145,0.000000,0.000000,0.000000,0.000145,0.000000,0.000000,0.000000,0.000725,0.000725,0.000145,0.000145,0.000145,0.000000,0.000580,0.000435,0.000290,0.000000,0.000435,0.000725
according,34,0.000290,0.000000,0.000000,0.000000,0.000580,0.000290,0.000145,0.000290,0.000000,0.000290,0.000580,0.000145,0.000000,0.000290,0.000000,0.000145,0.000145,0.000435,0.000435,0.000145,0.000435,0.000000
testing,33,0.000000,0.000000,0.000145,0.000000,0.000145,0.000435,0.000000,0.000725,0.000000,0.000145,0.000145,0.000145,0.000145,0.000145,0.000435,0.000000,0.000580,0.000000,0.000000,0.000290,0.000435,0.000145
working,30,0.000000,0.000000,0.000000,0.000000,0.000290,0.000290,0.000145,0.000000,0.000000,0.000435,0.000000,0.000725,0.000145,0.000290,0.000290,0.000145,0.000290,0.000145,0.000145,0.000000,0.000435,0.000000
servicing,28,0.000000,0.000000,0.000000,0.000145,0.000290,0.000145,0.000145,0.000145,0.000145,0.000000,0.000145,0.000000,0.000580,0.000145,0.000000,0.000000,0.000000,0.001160,0.000580,0.000290,0.000000,0.000000
engineering,28,0.000435,0.000000,0.000000,0.000145,0.000145,0.000145,0.000145,0.000290,0.000290,0.000145,0.000145,0.000145,0.000000,0.000435,0.000000,0.000000,0.000725,0.000000,0.000145,0.000000,0.000145,0.000000
following,26,0.000000,0.000145,0.000290,0.000145,0.000000,0.000000,0.000000,0.000435,0.000000,0.000290,0.000145,0.000145,0.000435,0.000145,0.000000,0.000000,0.000145,0.000000,0.000290,0.000145,0.000870,0.000000
flying,25,0.000000,0.000000,0.000145,0.000000,0.000435,0.000000,0.000145,0.000290,0.000000,0.000290,0.000435,0.000435,0.000000,0.000290,0.000000,0.000000,0.000435,0.000000,0.000145,0.000000,0.000290,0.000000
being,25,0.000000,0.000000,0.000000,0.000145,0.000580,0.001015,0.000000,0.001015,0.000145,0.000000,0.000000,0.000435,0.000000,0.000000,0.000000,0.000000,0.000000,0.000000,0.000000,0.000000,0.000290,0.000000
developing,24,0.000000,0.000000,0.000000,0.000000,0.000145,0.000435,0.000000,0.000000,0.000000,0.000290,0.000145,0.000000,0.000580,0.000000,0.000000,0.000145,0.000145,0.000145,0.000145,0.000000,0.000870,0.000145
operating,21,0.000000,0.000000,0.000000,0.000145,0.000000,0.000000,0.000145,0.000145,0.000000,0.000290,0.000435,0.000000,0.000290,0.000145,0.000000,0.000145,0.000290,0.000000,0.000290,0.000000,0.000290,0.000000
making,21,0.000000,0.000000,0.000000,0.000000,0.000145,0.000000,0.000000,0.000000,0.000000,0.000580,0.000145,0.000145,0.000145,0.000435,0.000000,0.000145,0.000435,0.000000,0.000000,0.000290,0.000000,0.000435
wing,20,0.000000,0.000000,0.000000,0.000000,0.000000,0.000145,0.000000,0.000000,0.000000,0.000145,0.000000,0.000000,0.000000,0.001305,0.000000,0.000000,0.000145,0.000000,0.000000,0.000145,0.000725,0.000000
funding,20,0.000000,0.000000,0.000145,0.000000,0.000000,0.000290,0.000145,0.000000,0.000000,0.000435,0.000290,0.000000,0.000000,0.000145,0.000000,0.000000,0.000145,0.000145,0.000290,0.000435,0.000000,0.000000
replacing,19,0.000000,0.000000,0.000000,0.000290,0.000000,0.000000,0.000000,0.000000,0.000000,0.000000,0.000145,0.000000,0.000290,0.000000,0.000000,0.000000,0.000145,0.000145,0.000290,0.000145,0.000290,0.000145
conducting,18,0.000000,0.000000,0.000000,0.000145,0.000000,0.000000,0.000145,0.000145,0.000000,0.000145,0.000000,0.000000,0.000000,0.000000,0.000000,0.000000,0.000000,0.000290,0.000000,0.000580,0.000580,0.000290
completing,17,0.000000,0.000000,0.000000,0.000000,0.000000,0.000000,0.000000,0.000000,0.000000,0.000435,0.000000,0.000145,0.000000,0.000145,0.000145,0.000145,0.000145,0.000000,0.000000,0.000290,0.000000,0.000580
building,17,0.000000,0.000000,0.000000,0.000145,0.000290,0.000290,0.000290,0.000145,0.000000,0.000290,0.000000,0.000000,0.000145,0.000000,0.000145,0.000145,0.000435,0.000000,0.000000,0.000000,0.000000,0.000000
providing,15,0.000000,0.000000,0.000000,0.000000,0.000290,0.000000,0.000000,0.000145,0.000000,0.000145,0.000290,0.000145,0.000000,0.000145,0.000145,0.000290,0.000000,0.000000,0.000145,0.000145,0.000290,0.000000
installing,15,0.000000,0.000000,0.000000,0.000000,0.000145,0.000000,0.000000,0.000000,0.000000,0.000145,0.000000,0.000000,0.000000,0.000290,0.000435,0.000000,0.000000,0.000000,0.000000,0.000290,0.000145,0.000145
studying,14,0.000145,0.000000,0.000000,0.000145,0.000145,0.000145,0.000000,0.000145,0.000000,0.000145,0.000000,0.000145,0.000000,0.000000,0.000000,0.000000,0.000290,0.000000,0.000145,0.000145,0.000145,0.000000
serving,14,0.000000,0.000000,0.000000,0.000000,0.000000,0.000145,0.000000,0.000000,0.000000,0.000000,0.000145,0.000000,0.000435,0.000000,0.000145,0.000000,0.000290,0.000000,0.000435,0.000145,0.000145,0.000145
preparing,14,0.000000,0.000000,0.000000,0.000000,0.000000,0.000000,0.000290,0.000290,0.000000,0.000145,0.000145,0.000000,0.000000,0.000000,0.000000,0.000000,0.000145,0.000000,0.000145,0.000145,0.000435,0.000145
planning,14,0.000145,0.000000,0.000000,0.000000,0.000145,0.000145,0.000145,0.000145,0.000000,0.000290,0.000000,0.000145,0.000000,0.000290,0.000000,0.000000,0.000000,0.000000,0.000290,0.000000,0.000145,0.000000
leaving,14,0.000000,0.000000,0.000000,0.000000,0.000000,0.000290,0.000000,0.000145,0.000000,0.000435,0.000000,0.000000,0.000290,0.000145,0.000000,0.000000,0.000000,0.000145,0.000145,0.000000,0.000145,0.000290
cooling,14,0.000000,0.000000,0.000000,0.000000,0.000145,0.000000,0.000000,0.000145,0.000000,0.000145,0.000000,0.000145,0.000000,0.000000,0.000000,0.000000,0.000000,0.000000,0.000000,0.000290,0.000580,0.000290
spending,13,0.000000,0.000000,0.000000,0.000290,0.000435,0.000290,0.000000,0.000000,0.000000,0.000145,0.000145,0.000145,0.000000,0.000000,0.000145,0.000000,0.000000,0.000145,0.000000,0.000000,0.000000,0.000145
processing,13,0.000290,0.000000,0.000145,0.000435,0.000145,0.000290,0.000145,0.000290,0.000000,0.000000,0.000000,0.000000,0.000145,0.000000,0.000000,0.000000,0.000000,0.000000,0.000000,0.000000,0.000000,0.000000
hearing,13,0.000000,0.000000,0.000000,0.000000,0.000000,0.000145,0.000000,0.000145,0.000000,0.000000,0.000290,0.000000,0.000000,0.000000,0.000000,0.000000,0.000000,0.000000,0.000870,0.000000,0.000435,0.000000
allowing,13,0.000000,0.000000,0.000000,0.000000,0.000000,0.000000,0.000000,0.000145,0.000000,0.000580,0.000145,0.000000,0.000000,0.000145,0.000435,0.000000,0.000145,0.000000,0.000000,0.000000,0.000000,0.000145
taking,12,0.000000,0.000000,0.000000,0.000000,0.000290,0.000000,0.000145,0.000435,0.000000,0.000435,0.000145,0.000290,0.000000,0.000000,0.000000,0.000000,0.000000,0.000000,0.000000,0.000000,0.000000,0.000000
living,12,0.000000,0.000000,0.000000,0.000000,0.000145,0.000145,0.000000,0.000145,0.000000,0.000145,0.000290,0.000145,0.000000,0.000145,0.000000,0.000000,0.000145,0.000000,0.000000,0.000000,0.000145,0.000000
launching,12,0.000000,0.000000,0.000145,0.000000,0.000145,0.000580,0.000000,0.000000,0.000000,0.000435,0.000000,0.000000,0.000000,0.000145,0.000000,0.000000,0.000145,0.000145,0.000000,0.000000,0.000000,0.000000
connecting,12,0.000000,0.000000,0.000000,0.000000,0.000000,0.000000,0.000000,0.000000,0.000000,0.000290,0.000000,0.000290,0.000145,0.000145,0.000145,0.000290,0.000000,0.000000,0.000145,0.000000,0.000290,0.000000
performing,11,0.000000,0.000000,0.000145,0.000000,0.000000,0.000000,0.000000,0.000145,0.000000,0.000145,0.000000,0.000145,0.000145,0.000000,0.000145,0.000000,0.000145,0.000145,0.000145,0.000145,0.000000,0.000145
monitoring,11,0.000000,0.000000,0.000000,0.000000,0.000145,0.000000,0.000000,0.000290,0.000000,0.000000,0.000290,0.000145,0.000145,0.000000,0.000000,0.000000,0.000000,0.000145,0.000000,0.000000,0.000435,0.000000
marking,11,0.000000,0.000000,0.000000,0.000000,0.000000,0.000000,0.000000,0.000000,0.000000,0.000145,0.000000,0.000290,0.000000,0.000000,0.000145,0.000145,0.000000,0.000000,0.000000,0.000145,0.000290,0.000145
lasting,11,0.000000,0.000000,0.000000,0.000000,0.000000,0.000000,0.000000,0.000000,0.000000,0.000145,0.000000,0.000290,0.000000,0.000000,0.000000,0.000145,0.000000,0.000000,0.000000,0.000000,0.000290,0.000145
continuing,11,0.000000,0.000000,0.000000,0.000000,0.000145,0.000145,0.000145,0.000000,0.000000,0.000145,0.000145,0.000000,0.000000,0.000290,0.000000,0.000000,0.000000,0.000145,0.000000,0.000000,0.000145,0.000145
containing,11,0.000000,0.000000,0.000000,0.000000,0.000000,0.000000,0.000000,0.000000,0.000000,0.000000,0.000000,0.000000,0.000000,0.000435,0.000145,0.000145,0.000000,0.000145,0.000000,0.000145,0.000290,0.000000
becoming,11,0.000000,0.000000,0.000000,0.000000,0.000000,0.000000,0.000000,0.000000,0.000000,0.000145,0.000145,0.000000,0.000145,0.000145,0.000000,0.000145,0.000290,0.000145,0.000290,0.000000,0.000000,0.000145
sending,10,0.000000,0.000000,0.000000,0.000145,0.000145,0.000145,0.000145,0.000000,0.000000,0.000000,0.000435,0.000000,0.000000,0.000000,0.000000,0.000145,0.000000,0.000000,0.000000,0.000290,0.000000,0.000000
mapping,10,0.000000,0.000000,0.000000,0.000290,0.000000,0.000000,0.000000,0.000580,0.000000,0.000000,0.000000,0.000000,0.000000,0.000580,0.000000,0.000000,0.000000,0.000000,0.000000,0.000000,0.000000,0.000000
having,10,0.000000,0.000000,0.000145,0.000000,0.000145,0.000145,0.000000,0.000145,0.000000,0.000290,0.000000,0.000000,0.000145,0.000145,0.000145,0.000000,0.000000,0.000000,0.000000,0.000000,0.000145,0.000000
concerning,10,0.000145,0.000000,0.000000,0.000145,0.000145,0.000000,0.000000,0.000580,0.000000,0.000000,0.000145,0.000145,0.000000,0.000000,0.000000,0.000000,0.000000,0.000000,0.000145,0.000000,0.000000,0.000000
supporting,9,0.000000,0.000000,0.000000,0.000000,0.000000,0.000000,0.000000,0.000000,0.000000,0.000000,0.000000,0.000145,0.000000,0.000000,0.000000,0.000290,0.000000,0.000145,0.000000,0.000000,0.000580,0.000000
retiring,9,0.000000,0.000000,0.000145,0.000000,0.000000,0.000000,0.000000,0.000000,0.000000,0.000000,0.000145,0.000290,0.000000,0.000000,0.000000,0.000000,0.000000,0.000145,0.000435,0.000000,0.000000,0.000145
regarding,9,0.000000,0.000000,0.000000,0.000000,0.000000,0.000000,0.000000,0.000000,0.000000,0.000000,0.000000,0.000000,0.000145,0.000290,0.000145,0.000000,0.000000,0.000000,0.000435,0.000000,0.000145,0.000000
participating,9,0.000000,0.000000,0.000000,0.000000,0.000145,0.000000,0.000000,0.000000,0.000000,0.000000,0.000145,0.000000,0.000145,0.000000,0.000145,0.000000,0.000000,0.000145,0.000000,0.000000,0.000290,0.000290
involving,9,0.000000,0.000000,0.000000,0.000145,0.000145,0.000290,0.000000,0.000000,0.000000,0.000000,0.000000,0.000000,0.000000,0.000000,0.000145,0.000000,0.000000,0.000000,0.000000,0.000000,0.000145,0.000000
causing,9,0.000000,0.000000,0.000000,0.000000,0.000000,0.000000,0.000000,0.000145,0.000000,0.000145,0.000000,0.000000,0.000000,0.000290,0.000000,0.000000,0.000145,0.000000,0.000000,0.000000,0.000145,0.000145
traveling,8,0.000000,0.000000,0.000000,0.000000,0.000000,0.000000,0.000000,0.000000,0.000000,0.000000,0.000145,0.000000,0.000000,0.000000,0.000145,0.000000,0.000290,0.000000,0.000000,0.000145,0.000000,0.000290
releasing,8,0.000000,0.000000,0.000000,0.000000,0.000145,0.000290,0.000000,0.000000,0.000000,0.000000,0.000145,0.000145,0.000290,0.000000,0.000000,0.000000,0.000000,0.000000,0.000000,0.000145,0.000000,0.000000
opening,8,0.000000,0.000000,0.000000,0.000000,0.000000,0.000000,0.000000,0.000000,0.000000,0.000145,0.000290,0.000290,0.000000,0.000000,0.000145,0.000000,0.000145,0.000000,0.000000,0.000000,0.000000,0.000000
moving,8,0.000000,0.000145,0.000000,0.000000,0.000000,0.000145,0.000000,0.000145,0.000145,0.000000,0.000000,0.000145,0.000000,0.000000,0.000000,0.000000,0.000000,0.000000,0.000000,0.000000,0.000145,0.000000
meeting,8,0.000000,0.000000,0.000000,0.000000,0.000000,0.000290,0.000145,0.000000,0.000000,0.000145,0.000000,0.000145,0.000000,0.000145,0.000000,0.000000,0.000000,0.000290,0.000000,0.000000,0.000000,0.000000
leading,8,0.000000,0.000000,0.000000,0.000000,0.000145,0.000145,0.000000,0.000000,0.000000,0.000000,0.000145,0.000145,0.000145,0.000000,0.000145,0.000000,0.000145,0.000000,0.000000,0.000000,0.000145,0.000000
going,8,0.000000,0.000000,0.000000,0.000000,0.000000,0.000290,0.000145,0.000000,0.000000,0.000145,0.000000,0.000000,0.000000,0.000000,0.000290,0.000000,0.000000,0.000000,0.000000,0.000000,0.000000,0.000000
ending,8,0.000000,0.000000,0.000000,0.000000,0.000000,0.000000,0.000000,0.000145,0.000000,0.000145,0.000000,0.000000,0.000000,0.000000,0.000145,0.000000,0.000000,0.000000,0.000000,0.000000,0.000000,0.000000
wiring,7,0.000000,0.000000,0.000000,0.000000,0.000000,0.000145,0.000000,0.000000,0.000000,0.000000,0.000000,0.000145,0.000725,0.000000,0.000000,0.000000,0.000000,0.000000,0.000000,0.000000,0.000000,0.000000
wearing,7,0.000000,0.000000,0.000000,0.000000,0.000000,0.000145,0.000000,0.000000,0.000000,0.000145,0.000000,0.000000,0.000145,0.000145,0.000145,0.000000,0.000000,0.000000,0.000000,0.000000,0.000000,0.000000
requiring,7,0.000000,0.000000,0.000000,0.000000,0.000145,0.000000,0.000000,0.000000,0.000000,0.000000,0.000000,0.000000,0.000145,0.000000,0.000000,0.000000,0.000000,0.000000,0.000000,0.000145,0.000000,0.000000
manufacturing,7,0.000000,0.000000,0.000145,0.000000,0.000000,0.000145,0.000000,0.000145,0.000000,0.000000,0.000145,0.000000,0.000000,0.000000,0.000145,0.000000,0.000000,0.000000,0.000000,0.000000,0.000000,0.000000
holding,7,0.000000,0.000000,0.000000,0.000000,0.000145,0.000145,0.000000,0.000000,0.000000,0.000145,0.000000,0.000000,0.000000,0.000000,0.000000,0.000000,0.000000,0.000000,0.000145,0.000000,0.000145,0.000000
getting,7,0.000000,0.000000,0.000000,0.000000,0.000290,0.000145,0.000000,0.000435,0.000000,0.000000,0.000145,0.000000,0.000000,0.000000,0.000000,0.000000,0.000000,0.000000,0.000000,0.000000,0.000000,0.000000
firing,7,0.000435,0.000000,0.000000,0.000000,0.000145,0.000000,0.000145,0.000000,0.000000,0.000000,0.000145,0.000000,0.000000,0.000145,0.000000,0.000000,0.000000,0.000000,0.000000,0.000000,0.000000,0.000000
deploying,7,0.000000,0.000000,0.000000,0.000000,0.000000,0.000145,0.000000,0.000000,0.000000,0.000145,0.000000,0.000145,0.000000,0.000145,0.000000,0.000000,0.000000,0.000000,0.000000,0.000000,0.000000,0.000000
bringing,7,0.000000,0.000000,0.000000,0.000145,0.000000,0.000000,0.000000,0.000000,0.000000,0.000290,0.000000,0.000145,0.000000,0.000000,0.000145,0.000000,0.000000,0.000000,0.000000,0.000000,0.000000,0.000000
beginning,7,0.000000,0.000000,0.000000,0.000145,0.000000,0.000145,0.000000,0.000000,0.000000,0.000145,0.000000,0.000000,0.000000,0.000000,0.000145,0.000000,0.000000,0.000000,0.000000,0.000000,0.000145,0.000145
acting,7,0.000290,0.000000,0.000145,0.000000,0.000000,0.000000,0.000000,0.000000,0.000000,0.000000,0.000000,0.000145,0.000000,0.000000,0.000000,0.000290,0.000145,0.000000,0.000000,0.000000,0.000000,0.000000
spring,6,0.000000,0.000000,0.000000,0.000000,0.000000,0.000145,0.000145,0.000000,0.000000,0.000000,0.000000,0.000000,0.000145,0.000000,0.000000,0.000000,0.000000,0.000000,0.000000,0.000000,0.000000,0.000000
remaining,6,0.000000,0.000000,0.000000,0.000000,0.000000,0.000000,0.000145,0.000000,0.000000,0.000000,0.000000,0.000000,0.000000,0.000000,0.000000,0.000000,0.000145,0.000145,0.000000,0.000145,0.000145,0.000000
ranging,6,0.000000,0.000145,0.000000,0.000000,0.000000,0.000000,0.000000,0.000290,0.000000,0.000000,0.000145,0.000000,0.000000,0.000000,0.000000,0.000000,0.000145,0.000145,0.000000,0.000000,0.000000,0.000000
helping,6,0.000000,0.000000,0.000145,0.000000,0.000000,0.000000,0.000290,0.000000,0.000000,0.000000,0.000000,0.000000,0.000000,0.000000,0.000000,0.000000,0.000145,0.000000,0.000000,0.000000,0.000145,0.000145
generating,6,0.000000,0.000000,0.000000,0.000000,0.000000,0.000290,0.000000,0.000000,0.000000,0.000000,0.000000,0.000000,0.000000,0.000145,0.000000,0.000000,0.000000,0.000000,0.000000,0.000145,0.000000,0.000290
gathering,6,0.000000,0.000000,0.000000,0.000000,0.000000,0.000290,0.000145,0.000000,0.000000,0.000145,0.000145,0.000000,0.000000,0.000000,0.000000,0.000000,0.000000,0.000000,0.000000,0.000000,0.000000,0.000000
determining,6,0.000000,0.000000,0.000000,0.000000,0.000000,0.000000,0.000145,0.000000,0.000000,0.000000,0.000000,0.000000,0.000145,0.000000,0.000000,0.000000,0.000000,0.000000,0.000145,0.000145,0.000000,0.000145
designing,6,0.000000,0.000000,0.000000,0.000000,0.000145,0.000000,0.000000,0.000000,0.000000,0.000000,0.000000,0.000000,0.000145,0.000000,0.000145,0.000145,0.000000,0.000000,0.000000,0.000000,0.000145,0.000000
delivering,6,0.000000,0.000000,0.000000,0.000000,0.000000,0.000000,0.000000,0.000000,0.000000,0.000290,0.000145,0.000000,0.000000,0.000145,0.000000,0.000000,0.000145,0.000000,0.000000,0.000000,0.000000,0.000000
attempting,6,0.000000,0.000000,0.000000,0.000000,0.000000,0.000000,0.000145,0.000000,0.000000,0.000145,0.000145,0.000145,0.000000,0.000145,0.000000,0.000000,0.000000,0.000000,0.000000,0.000000,0.000000,0.000000
attaching,6,0.000000,0.000000,0.000000,0.000000,0.000145,0.000000,0.000145,0.000000,0.000000,0.000145,0.000000,0.000000,0.000000,0.000145,0.000000,0.000145,0.000000,0.000000,0.000000,0.000000,0.000000,0.000000
aging,6,0.000000,0.000000,0.000000,0.000000,0.000000,0.000000,0.000000,0.000000,0.000000,0.000290,0.000145,0.000290,0.000000,0.000000,0.000000,0.000000,0.000000,0.000145,0.000000,0.000000,0.000000,0.000000
teaching,5,0.000000,0.000000,0.000000,0.000000,0.000145,0.000000,0.000290,0.000000,0.000000,0.000000,0.000000,0.000000,0.000000,0.000145,0.000000,0.000000,0.000000,0.000000,0.000000,0.000000,0.000145,0.000000
steering,5,0.000000,0.000000,0.000000,0.000000,0.000000,0.000145,0.000000,0.000145,0.000000,0.000000,0.000000,0.000000,0.000000,0.000145,0.000145,0.000000,0.000000,0.000000,0.000000,0.000000,0.000000,0.000000
speaking,5,0.000145,0.000000,0.000145,0.000000,0.000000,0.000145,0.000000,0.000000,0.000000,0.000000,0.000000,0.000000,0.000000,0.000145,0.000000,0.000000,0.000145,0.000000,0.000000,0.000000,0.000000,0.000000
sleeping,5,0.000000,0.000000,0.000000,0.000000,0.000000,0.000000,0.000000,0.000000,0.000000,0.000000,0.000145,0.000000,0.000000,0.000000,0.000000,0.000000,0.000000,0.000000,0.000000,0.000000,0.000000,0.000145
setting,5,0.000000,0.000000,0.000000,0.000000,0.000000,0.000000,0.000000,0.000000,0.000000,0.000290,0.000000,0.000000,0.000000,0.000000,0.000000,0.000000,0.000000,0.000000,0.000000,0.000000,0.000145,0.000000
saying,5,0.000000,0.000000,0.000000,0.000000,0.000145,0.000000,0.000000,0.000290,0.000000,0.000145,0.000145,0.000000,0.000000,0.000000,0.000000,0.000000,0.000000,0.000000,0.000000,0.000000,0.000000,0.000000
resuming,5,0.000000,0.000000,0.000000,0.000000,0.000000,0.000000,0.000000,0.000000,0.000000,0.000000,0.000000,0.000000,0.000000,0.000000,0.000000,0.000000,0.000145,0.000580,0.000000,0.000000,0.000000,0.000000
representing,5,0.000000,0.000000,0.000000,0.000145,0.000000,0.000145,0.000000,0.000000,0.000000,0.000000,0.000000,0.000000,0.000000,0.000000,0.000290,0.000000,0.000000,0.000000,0.000000,0.000000,0.000000,0.000000
repairing,5,0.000000,0.000000,0.000000,0.000145,0.000000,0.000145,0.000145,0.000000,0.000000,0.000000,0.000000,0.000145,0.000000,0.000145,0.000000,0.000000,0.000000,0.000000,0.000000,0.000000,0.000000,0.000000
receiving,5,0.000000,0.000000,0.000000,0.000000,0.000000,0.000000,0.000000,0.000000,0.000000,0.000145,0.000000,0.000000,0.000000,0.000145,0.000000,0.000000,0.000000,0.000000,0.000000,0.000000,0.000145,0.000000
observing,5,0.000000,0.000000,0.000000,0.000145,0.000000,0.000000,0.000145,0.000000,0.000000,0.000145,0.000000,0.000000,0.000000,0.000000,0.000000,0.000000,0.000000,0.000000,0.000145,0.000000,0.000000,0.000000
learning,5,0.000000,0.000000,0.000000,0.000000,0.000000,0.000000,0.000145,0.000000,0.000000,0.000000,0.000435,0.000000,0.000000,0.000000,0.000145,0.000000,0.000000,0.000000,0.000000,0.000000,0.000000,0.000000
honoring,5,0.000000,0.000000,0.000000,0.000000,0.000145,0.000000,0.000000,0.000145,0.000000,0.000145,0.000145,0.000000,0.000000,0.000000,0.000000,0.000145,0.000000,0.000000,0.000000,0.000000,0.000000,0.000000
establishing,5,0.000000,0.000000,0.000000,0.000000,0.000000,0.000000,0.000000,0.000000,0.000000,0.000145,0.000000,0.000000,0.000435,0.000000,0.000000,0.000000,0.000000,0.000000,0.000000,0.000000,0.000000,0.000000
ensuring,5,0.000000,0.000000,0.000000,0.000000,0.000000,0.000000,0.000000,0.000000,0.000000,0.000000,0.000000,0.000000,0.000000,0.000145,0.000000,0.000145,0.000145,0.000145,0.000000,0.000145,0.000000,0.000000
directing,5,0.000000,0.000000,0.000000,0.000145,0.000000,0.000000,0.000000,0.000000,0.000000,0.000145,0.000000,0.000000,0.000145,0.000000,0.000000,0.000000,0.000000,0.000145,0.000000,0.000000,0.000000,0.000000
covering,5,0.000000,0.000000,0.000000,0.000000,0.000000,0.000000,0.000000,0.000145,0.000000,0.000000,0.000000,0.000000,0.000145,0.000145,0.000000,0.000000,0.000000,0.000000,0.000000,0.000000,0.000145,0.000000
controlling,5,0.000000,0.000000,0.000000,0.000000,0.000000,0.000000,0.000000,0.000145,0.000000,0.000290,0.000145,0.000000,0.000000,0.000000,0.000000,0.000000,0.000000,0.000000,0.000000,0.000000,0.000145,0.000000
communicating,5,0.000000,0.000000,0.000000,0.000000,0.000145,0.000000,0.000000,0.000000,0.000000,0.000145,0.000145,0.000000,0.000000,0.000000,0.000000,0.000000,0.000000,0.000000,0.000000,0.000000,0.000290,0.000000
collecting,5,0.000000,0.000000,0.000000,0.000000,0.000000,0.000000,0.000000,0.000145,0.000000,0.000145,0.000000,0.000145,0.000000,0.000000,0.000000,0.000000,0.000000,0.000000,0.000000,0.000000,0.000290,0.000000
changing,5,0.000000,0.000000,0.000000,0.000000,0.000145,0.000145,0.000000,0.000145,0.000000,0.000000,0.000000,0.000000,0.000000,0.000145,0.000145,0.000000,0.000000,0.000000,0.000000,0.000000,0.000000,0.000000
adding,5,0.000000,0.000000,0.000000,0.000000,0.000145,0.000000,0.000145,0.000000,0.000000,0.000000,0.000145,0.000000,0.000000,0.000290,0.000000,0.000000,0.000000,0.000000,0.000000,0.000000,0.000000,0.000000
warning,4,0.000145,0.000000,0.000000,0.000000,0.000290,0.000000,0.000000,0.000000,0.000000,0.000000,0.000000,0.000000,0.000000,0.000000,0.000000,0.000000,0.000000,0.000000,0.000145,0.000000,0.000000,0.000000
visiting,4,0.000000,0.000145,0.000000,0.000000,0.000000,0.000000,0.000000,0.000000,0.000000,0.000000,0.000000,0.000000,0.000000,0.000145,0.000000,0.000000,0.000000,0.000000,0.000290,0.000000,0.000000,0.000000
understanding,4,0.000000,0.000000,0.000000,0.000000,0.000000,0.000145,0.000145,0.000000,0.000000,0.000000,0.000000,0.000145,0.000000,0.000000,0.000000,0.000000,0.000145,0.000000,0.000000,0.000000,0.000000,0.000000
shielding,4,0.000000,0.000000,0.000000,0.000000,0.000000,0.000000,0.000000,0.000145,0.000000,0.000000,0.000000,0.000000,0.000000,0.000000,0.000000,0.000000,0.000290,0.000000,0.000145,0.000000,0.000000,0.000000
ring,4,0.000000,0.000000,0.000000,0.000000,0.000000,0.000000,0.000000,0.000000,0.000000,0.000145,0.000000,0.000000,0.000000,0.000000,0.000000,0.000000,0.000145,0.000000,0.000000,0.000000,0.000145,0.000145
rendering,4,0.000000,0.000000,0.000000,0.000000,0.000000,0.000000,0.000000,0.000000,0.000000,0.000145,0.000000,0.000145,0.000000,0.000000,0.000000,0.000000,0.000000,0.000000,0.000000,0.000000,0.000000,0.000000
producing,4,0.000000,0.000000,0.000000,0.000000,0.000000,0.000000,0.000000,0.000000,0.000000,0.000000,0.000000,0.000000,0.000000,0.000000,0.000000,0.000000,0.000145,0.000000,0.000000,0.000000,0.000290,0.000000
piloting,4,0.000000,0.000000,0.000000,0.000000,0.000145,0.000000,0.000000,0.000000,0.000000,0.000290,0.000000,0.000000,0.000000,0.000000,0.000000,0.000000,0.000000,0.000000,0.000000,0.000000,0.000145,0.000000
looking,4,0.000000,0.000000,0.000000,0.000145,0.000000,0.000000,0.000000,0.000145,0.000000,0.000145,0.000000,0.000000,0.000000,0.000000,0.000145,0.000000,0.000000,0.000000,0.000000,0.000000,0.000000,0.000000
identifying,4,0.000000,0.000000,0.000000,0.000000,0.000000,0.000000,0.000000,0.000000,0.000000,0.000000,0.000000,0.000000,0.000000,0.000000,0.000000,0.000000,0.000000,0.000000,0.000435,0.000000,0.000145,0.000000
extending,4,0.000000,0.000000,0.000000,0.000000,0.000000,0.000145,0.000000,0.000000,0.000000,0.000145,0.000145,0.000000,0.000000,0.000000,0.000145,0.000000,0.000000,0.000000,0.000000,0.000000,0.000000,0.000000
experiencing,4,0.000000,0.000000,0.000000,0.000000,0.000000,0.000000,0.000000,0.000145,0.000000,0.000000,0.000145,0.000000,0.000000,0.000145,0.000000,0.000000,0.000000,0.000000,0.000000,0.000000,0.000000,0.000000
evaluating,4,0.000000,0.000000,0.000000,0.000000,0.000000,0.000000,0.000000,0.000000,0.000000,0.000000,0.000000,0.000000,0.000000,0.000145,0.000000,0.000000,0.000145,0.000000,0.000145,0.000000,0.000000,0.000000
calling,4,0.000000,0.000000,0.000000,0.000000,0.000000,0.000000,0.000000,0.000000,0.000000,0.000000,0.000290,0.000000,0.000000,0.000000,0.000000,0.000000,0.000000,0.000145,0.000000,0.000000,0.000145,0.000000
analyzing,4,0.000000,0.000000,0.000000,0.000000,0.000000,0.000000,0.000000,0.000000,0.000000,0.000145,0.000000,0.000000,0.000000,0.000000,0.000000,0.000000,0.000000,0.000000,0.000145,0.000000,0.000145,0.000000
