the national oceanic,36,0.000547,0.000547,0.000547,0.000000,0.003829,0.001094,0.001641,0.003829,0.000547,0.000000,0.001641,0.002735,0.000547,0.001094,0.000547,0.000000,0.000000,0.000000,0.000000,0.000000,0.000000,0.000547
the soviet union,24,0.002188,0.001094,0.001641,0.002188,0.002188,0.001641,0.000000,0.000000,0.000000,0.000000,0.001094,0.000547,0.000547,0.000000,0.000000,0.000000,0.000000,0.000000,0.000000,0.000000,0.000000,0.000000
the pacific ocean,20,0.001094,0.000547,0.000000,0.000000,0.000547,0.000547,0.000547,0.000547,0.000000,0.000000,0.000000,0.000547,0.000000,0.001641,0.000547,0.000000,0.001094,0.000000,0.000000,0.000547,0.001094,0.001641
the upper atmosphere,14,0.000000,0.000547,0.000000,0.000000,0.002735,0.001641,0.000000,0.000000,0.000000,0.000000,0.000000,0.000000,0.000547,0.000000,0.000000,0.000000,0.000547,0.000000,0.000000,0.000000,0.000000,0.001094
the northern hemisphere,12,0.000000,0.001094,0.000000,0.000000,0.000547,0.001094,0.000547,0.000000,0.000000,0.000000,0.000547,0.000000,0.000000,0.000000,0.000547,0.000000,0.000000,0.000000,0.001094,0.000000,0.001094,0.000000
the milky way,12,0.000000,0.000000,0.000000,0.000547,0.001094,0.002735,0.000547,0.000547,0.000000,0.000000,0.000000,0.000000,0.000000,0.000000,0.000000,0.000547,0.000000,0.000000,0.000000,0.000547,0.000000,0.000000
the solar wind,10,0.000547,0.000547,0.000000,0.000000,0.000000,0.000547,0.000547,0.000547,0.000000,0.000000,0.000000,0.000547,0.000547,0.000547,0.000000,0.000000,0.000000,0.000000,0.000547,0.000000,0.000547,0.000000
an international team,10,0.000000,0.000547,0.000547,0.000000,0.000000,0.000547,0.000000,0.000547,0.000547,0.000000,0.000000,0.001094,0.000547,0.000000,0.000000,0.000000,0.000000,0.000547,0.000000,0.000000,0.000000,0.000000
a black hole,10,0.000000,0.000000,0.000000,0.000000,0.000000,0.000000,0.000547,0.000000,0.000000,0.000000,0.000000,0.000000,0.001094,0.000000,0.001094,0.001094,0.000000,0.000000,0.001094,0.000000,0.000000,0.000000
the national reconnaissance,9,0.000000,0.000000,0.000000,0.000000,0.000000,0.000547,0.000000,0.000000,0.000000,0.000000,0.000000,0.000547,0.001094,0.000000,0.000000,0.000000,0.001094,0.000000,0.000547,0.000000,0.000547,0.000547
the international space,9,0.000000,0.000000,0.000000,0.000000,0.000000,0.000000,0.000000,0.001094,0.000000,0.000547,0.000547,0.000547,0.001094,0.000547,0.000000,0.000547,0.000000,0.000000,0.000000,0.000000,0.000000,0.000000
the big bang,9,0.000000,0.000000,0.000000,0.000000,0.001094,0.000000,0.000000,0.000000,0.000000,0.000000,0.000000,0.000000,0.000000,0.000000,0.000547,0.001094,0.000000,0.000000,0.000547,0.001094,0.000000,0.000000
a joint venture,9,0.000000,0.000000,0.000000,0.000000,0.000547,0.000547,0.000547,0.000547,0.000000,0.000000,0.000000,0.000000,0.000000,0.001094,0.000000,0.000000,0.000000,0.000000,0.000547,0.001094,0.000000,0.000000
the journal nature,8,0.000000,0.000000,0.000000,0.000000,0.000547,0.000547,0.000547,0.000547,0.000000,0.000000,0.000000,0.000547,0.000000,0.000000,0.000000,0.000547,0.000547,0.000000,0.000000,0.000000,0.000000,0.000547
a joint project,8,0.000000,0.000000,0.000000,0.000000,0.000000,0.000547,0.000547,0.000547,0.000547,0.000000,0.000000,0.000000,0.000000,0.000000,0.000000,0.000000,0.000000,0.001094,0.000000,0.000000,0.000547,0.000000
the wrong orbit,7,0.000000,0.000000,0.000000,0.000000,0.000000,0.000000,0.000547,0.000000,0.000000,0.000000,0.000000,0.000000,0.002735,0.000000,0.000000,0.000000,0.000000,0.000000,0.000000,0.000000,0.000547,0.000000
the white house,7,0.000000,0.000000,0.000000,0.000547,0.000000,0.000000,0.000547,0.000547,0.000000,0.000000,0.000000,0.000000,0.000000,0.000000,0.000000,0.000000,0.001094,0.000000,0.001094,0.000000,0.000000,0.000000
the solar system,7,0.000547,0.000000,0.000000,0.000000,0.000000,0.000547,0.000547,0.000547,0.000000,0.000000,0.000000,0.000000,0.000000,0.000000,0.000547,0.000547,0.000000,0.000547,0.000000,0.000000,0.000000,0.000000
the french space,7,0.000000,0.000000,0.000000,0.000000,0.000000,0.000547,0.000000,0.001094,0.001094,0.000000,0.000000,0.000000,0.000547,0.000000,0.000000,0.000000,0.000000,0.000000,0.000000,0.000000,0.000000,0.000547
the soviet space,6,0.000000,0.000000,0.000000,0.000547,0.001641,0.000547,0.000000,0.000000,0.000000,0.000000,0.000000,0.000000,0.000000,0.000000,0.000000,0.000000,0.000000,0.000000,0.000000,0.000000,0.000547,0.000000
the new york,6,0.000000,0.000000,0.000000,0.000000,0.002188,0.000000,0.001094,0.000000,0.000000,0.000000,0.000000,0.000000,0.000000,0.000000,0.000000,0.000000,0.000000,0.000000,0.000000,0.000000,0.000000,0.000000
the new policy,6,0.000000,0.000000,0.000000,0.000000,0.000000,0.000000,0.000000,0.000000,0.000000,0.000000,0.000000,0.000000,0.000000,0.000000,0.000000,0.000000,0.001094,0.000000,0.002188,0.000000,0.000000,0.000000
the journal science,6,0.000000,0.000000,0.000000,0.000000,0.001094,0.000000,0.000547,0.000000,0.000000,0.000000,0.000000,0.000000,0.000000,0.000000,0.000547,0.000000,0.000000,0.000000,0.000000,0.000547,0.000000,0.000547
the black hole,6,0.000000,0.000000,0.000000,0.000000,0.000000,0.000000,0.000000,0.000000,0.000000,0.000000,0.000000,0.000000,0.001094,0.000000,0.002188,0.000000,0.000000,0.000000,0.000000,0.000000,0.000000,0.000000
a military satellite,6,0.001094,0.000000,0.000000,0.000000,0.000000,0.000547,0.000547,0.000000,0.000000,0.000000,0.000547,0.000000,0.000000,0.000000,0.000000,0.000000,0.000000,0.000547,0.000000,0.000000,0.000000,0.000000
a long march,6,0.000000,0.000547,0.000000,0.000547,0.000000,0.000000,0.000000,0.000547,0.000000,0.000000,0.000000,0.000000,0.000000,0.000000,0.000000,0.000000,0.001094,0.000000,0.000000,0.000547,0.000000,0.000000
a joint mission,6,0.000000,0.000000,0.000000,0.000000,0.000547,0.000000,0.000000,0.000000,0.000000,0.000000,0.000000,0.000547,0.000000,0.000000,0.000000,0.000000,0.000547,0.000000,0.000000,0.000547,0.000547,0.000547
the tropical rainfall,5,0.000000,0.000000,0.000000,0.000000,0.000000,0.000000,0.000000,0.000000,0.000000,0.000000,0.000000,0.000000,0.000547,0.000000,0.000000,0.000000,0.000547,0.001641,0.000000,0.000000,0.000000,0.000000
the southern hemisphere,5,0.000000,0.000000,0.000000,0.000547,0.000000,0.000547,0.000547,0.000000,0.000000,0.000000,0.000000,0.000000,0.000000,0.000000,0.000000,0.000000,0.000547,0.000000,0.000000,0.000000,0.000547,0.000000
the south pole,5,0.000000,0.000547,0.000000,0.000000,0.000547,0.000000,0.001094,0.000000,0.000000,0.000000,0.000000,0.000000,0.000000,0.000000,0.000000,0.000000,0.000000,0.000000,0.000000,0.000000,0.000547,0.000000
the national weather,5,0.000000,0.000000,0.000547,0.000000,0.001641,0.000000,0.000000,0.000000,0.000000,0.000000,0.000000,0.000000,0.000000,0.000000,0.000000,0.000547,0.000000,0.000000,0.000000,0.000000,0.000000,0.000000
the national space,5,0.000000,0.000547,0.000547,0.000000,0.000547,0.000547,0.000000,0.000000,0.000000,0.000000,0.000000,0.000000,0.000547,0.000000,0.000000,0.000000,0.000000,0.000000,0.000000,0.000000,0.000000,0.000000
the national polar-orbiting,5,0.000000,0.000000,0.000000,0.000000,0.000000,0.000000,0.000000,0.000000,0.000000,0.000000,0.000000,0.000000,0.000547,0.001094,0.000000,0.000000,0.000000,0.000000,0.000000,0.000547,0.000547,0.000000
the national academy,5,0.000547,0.000000,0.000000,0.000000,0.000000,0.000000,0.000000,0.000000,0.000000,0.000000,0.000000,0.000547,0.000000,0.000000,0.000547,0.000000,0.000000,0.000547,0.000000,0.000000,0.000547,0.000000
the magnetic field,5,0.000547,0.000000,0.000000,0.000000,0.000000,0.000000,0.000000,0.000000,0.000000,0.000000,0.000000,0.000000,0.000547,0.000000,0.000000,0.000000,0.001094,0.000000,0.000000,0.000000,0.000000,0.000000
the lunar surface,5,0.000000,0.000000,0.000000,0.000000,0.000000,0.000000,0.000000,0.000000,0.000000,0.000000,0.000000,0.000000,0.000000,0.000000,0.000000,0.000000,0.000000,0.000000,0.000000,0.000000,0.001094,0.001094
the long duration,5,0.000000,0.000000,0.000000,0.002188,0.000000,0.000547,0.000000,0.000000,0.000000,0.000000,0.000000,0.000000,0.000000,0.000000,0.000000,0.000000,0.000000,0.000000,0.000000,0.000000,0.000000,0.000000
the commercial development,5,0.000000,0.000000,0.000000,0.000000,0.002188,0.000000,0.000547,0.000000,0.000000,0.000000,0.000000,0.000000,0.000000,0.000000,0.000000,0.000000,0.000000,0.000000,0.000000,0.000000,0.000000,0.000000
a new generation,5,0.000000,0.000000,0.000547,0.000000,0.000000,0.000547,0.000000,0.001094,0.000000,0.000000,0.000000,0.000000,0.000547,0.000000,0.000000,0.000000,0.000000,0.000000,0.000000,0.000000,0.000000,0.000000
a joint program,5,0.000000,0.000000,0.000000,0.000000,0.000000,0.000547,0.000000,0.001641,0.000547,0.000000,0.000000,0.000000,0.000000,0.000000,0.000000,0.000000,0.000000,0.000000,0.000000,0.000000,0.000000,0.000000
the upper stage,4,0.000000,0.000000,0.000000,0.000000,0.000547,0.000000,0.000000,0.000000,0.000000,0.000000,0.000000,0.000000,0.001094,0.000000,0.000000,0.000000,0.000547,0.000000,0.000000,0.000000,0.000000,0.000000
the successful test,4,0.000000,0.000000,0.000000,0.000000,0.000000,0.000000,0.000000,0.000000,0.000000,0.000547,0.000000,0.000000,0.000547,0.000547,0.000547,0.000000,0.000000,0.000000,0.000000,0.000000,0.000000,0.000000
the large magellanic,4,0.001094,0.000000,0.000000,0.000000,0.000000,0.000000,0.000000,0.000000,0.000000,0.000000,0.000000,0.000000,0.000000,0.000000,0.000000,0.000000,0.000000,0.000000,0.000000,0.001094,0.000000,0.000000
the cosmic background,4,0.001094,0.000000,0.000000,0.000000,0.000000,0.000547,0.000547,0.000000,0.000000,0.000000,0.000000,0.000000,0.000000,0.000000,0.000000,0.000000,0.000000,0.000000,0.000000,0.000000,0.000000,0.000000
the commercial space,4,0.000000,0.000000,0.000000,0.000000,0.000547,0.000000,0.000000,0.000547,0.000000,0.000000,0.000000,0.000000,0.000000,0.000000,0.000000,0.000000,0.000000,0.000000,0.000000,0.000547,0.000547,0.000000
a useless orbit,4,0.000000,0.000000,0.000000,0.000547,0.000000,0.000000,0.000547,0.000000,0.000000,0.000000,0.000000,0.000547,0.000547,0.000000,0.000000,0.000000,0.000000,0.000000,0.000000,0.000000,0.000000,0.000000
a small satellite,4,0.000000,0.000000,0.000000,0.000000,0.000000,0.000547,0.000000,0.000000,0.000000,0.000547,0.000000,0.000000,0.000000,0.000547,0.000000,0.000000,0.000000,0.000000,0.000547,0.000000,0.000000,0.000000
a preliminary orbit,4,0.000000,0.000000,0.001641,0.000000,0.000000,0.000547,0.000000,0.000000,0.000000,0.000000,0.000000,0.000000,0.000000,0.000000,0.000000,0.000000,0.000000,0.000000,0.000000,0.000000,0.000000,0.000000
a polar orbit,4,0.000547,0.000000,0.000000,0.000547,0.000000,0.000000,0.000000,0.000000,0.000547,0.000000,0.000000,0.000000,0.000000,0.000000,0.000000,0.000547,0.000000,0.000000,0.000000,0.000000,0.000000,0.000000
a low orbit,4,0.000000,0.000000,0.000000,0.000547,0.000000,0.000000,0.000547,0.000000,0.000000,0.000000,0.000000,0.000000,0.000000,0.000000,0.000000,0.000000,0.000000,0.000000,0.000547,0.000000,0.000000,0.000000
a joint effort,4,0.000000,0.000000,0.000000,0.000547,0.000547,0.000000,0.000547,0.000000,0.000000,0.000000,0.000000,0.000000,0.000547,0.000000,0.000000,0.000000,0.000000,0.000000,0.000000,0.000000,0.000000,0.000000
a global scale,4,0.000547,0.000000,0.000000,0.000000,0.000000,0.000000,0.000000,0.000547,0.000000,0.000000,0.000000,0.000000,0.000000,0.000547,0.000000,0.000000,0.000000,0.000000,0.000000,0.000000,0.000000,0.000000
