using,131,0.000912,0.000547,0.000182,0.001094,0.001094,0.002188,0.001094,0.001459,0.000182,0.000182,0.000729,0.000365,0.001823,0.001094,0.000729,0.001094,0.001823,0.001094,0.001641,0.001641,0.000547,0.000729
carrying,111,0.000365,0.001459,0.002918,0.000547,0.001276,0.000912,0.000547,0.000547,0.000182,0.000547,0.000547,0.001459,0.003647,0.000729,0.000182,0.000000,0.001641,0.000000,0.000365,0.000912,0.000729,0.000000
according,86,0.000729,0.000182,0.000000,0.000365,0.004741,0.000912,0.001641,0.001276,0.000182,0.000182,0.000729,0.000365,0.000000,0.000182,0.000182,0.000000,0.000547,0.001459,0.000729,0.000365,0.000729,0.000000
launching,63,0.001276,0.000365,0.000365,0.000729,0.000912,0.000912,0.000729,0.001459,0.000000,0.000182,0.000365,0.000729,0.000547,0.000182,0.000000,0.000000,0.001094,0.000000,0.000365,0.000182,0.000729,0.000000
including,61,0.000000,0.000365,0.000182,0.000182,0.001276,0.000182,0.000365,0.000547,0.000182,0.000365,0.000365,0.000182,0.000182,0.000729,0.000182,0.000729,0.000182,0.000912,0.000547,0.001276,0.001094,0.000365
tracking,59,0.000182,0.000547,0.000182,0.000729,0.002735,0.001094,0.000912,0.000912,0.000000,0.000365,0.000000,0.000182,0.000547,0.000182,0.000365,0.000912,0.000182,0.000000,0.000365,0.000000,0.000365,0.000000
orbiting,57,0.000729,0.001094,0.000365,0.000365,0.000547,0.000912,0.000729,0.000365,0.000547,0.000182,0.000729,0.000365,0.000729,0.000365,0.000000,0.000182,0.000365,0.000182,0.000365,0.000547,0.000182,0.000182
monitoring,44,0.000729,0.000182,0.000000,0.000182,0.000729,0.000729,0.000729,0.000365,0.000000,0.000000,0.000182,0.000365,0.000547,0.000547,0.000365,0.000547,0.000547,0.000365,0.000365,0.000365,0.000000,0.000000
being,43,0.000000,0.000182,0.000182,0.000729,0.001823,0.001094,0.000912,0.001823,0.000365,0.000000,0.000000,0.000000,0.000365,0.000365,0.000000,0.000000,0.000000,0.000000,0.000000,0.000000,0.000000,0.000000
observing,36,0.000000,0.000000,0.000000,0.000182,0.001094,0.000365,0.000000,0.000000,0.000182,0.000547,0.000182,0.000365,0.000912,0.000547,0.000000,0.000182,0.000729,0.000182,0.000182,0.000365,0.000000,0.000182
following,36,0.000182,0.000547,0.000182,0.000365,0.000182,0.000365,0.000182,0.000182,0.000000,0.000000,0.000182,0.000547,0.000729,0.000547,0.000000,0.000182,0.000182,0.000000,0.000365,0.000182,0.000547,0.000000
providing,30,0.000000,0.000182,0.000000,0.000000,0.000000,0.000547,0.000182,0.000547,0.000000,0.000000,0.000000,0.000182,0.000365,0.000365,0.000547,0.000547,0.000729,0.000000,0.000365,0.000547,0.000182,0.000182
developing,30,0.000000,0.000000,0.000000,0.000000,0.000912,0.000365,0.000182,0.000547,0.000182,0.000182,0.000182,0.000365,0.000729,0.000182,0.000000,0.000182,0.000912,0.000000,0.000182,0.000000,0.000182,0.000000
causing,30,0.000000,0.000000,0.000000,0.000182,0.000365,0.000182,0.000000,0.000547,0.000182,0.000000,0.000182,0.000365,0.000912,0.000547,0.000000,0.000182,0.000365,0.000182,0.000182,0.000365,0.000729,0.000000
testing,29,0.000000,0.000000,0.000000,0.000365,0.000729,0.000182,0.000000,0.001094,0.000182,0.000000,0.000000,0.000182,0.000547,0.001094,0.000000,0.000000,0.000182,0.000000,0.000182,0.000000,0.000182,0.000182
positioning,27,0.000000,0.000182,0.001276,0.000365,0.000729,0.000182,0.000365,0.000547,0.000000,0.000000,0.000182,0.000000,0.000000,0.000000,0.000182,0.000000,0.000182,0.000182,0.000182,0.000182,0.000000,0.000000
mapping,27,0.000000,0.000000,0.000000,0.000365,0.001276,0.000365,0.000000,0.000182,0.000000,0.000365,0.000182,0.000000,0.000182,0.000365,0.000365,0.000000,0.000912,0.000000,0.000182,0.000182,0.000000,0.000000
warming,26,0.000000,0.000000,0.000000,0.000000,0.000912,0.000547,0.000000,0.000729,0.000000,0.000000,0.000182,0.000182,0.000182,0.000182,0.000547,0.000000,0.000000,0.000729,0.000182,0.000000,0.000365,0.000000
landing,26,0.000000,0.000547,0.000000,0.000547,0.000365,0.000547,0.000000,0.000547,0.000000,0.000547,0.000000,0.000000,0.000000,0.000182,0.000000,0.000000,0.000729,0.000000,0.000000,0.000182,0.000000,0.000182
studying,23,0.000182,0.000000,0.000182,0.000000,0.000912,0.000182,0.000182,0.000182,0.000000,0.000182,0.000000,0.000182,0.000365,0.000182,0.000182,0.000000,0.000547,0.000000,0.000000,0.000547,0.000000,0.000000
forecasting,23,0.000000,0.000182,0.000000,0.000000,0.000365,0.000365,0.000000,0.000547,0.000182,0.000000,0.000000,0.000000,0.000000,0.000729,0.000000,0.000182,0.000182,0.000000,0.000912,0.000000,0.000000,0.000182
engineering,23,0.000000,0.000000,0.000182,0.000547,0.001276,0.000000,0.000000,0.000547,0.000000,0.000000,0.000000,0.000182,0.000000,0.000000,0.000000,0.000000,0.000182,0.000182,0.000729,0.000000,0.000182,0.000000
indicating,21,0.000000,0.000000,0.000000,0.000000,0.000365,0.000000,0.000000,0.000365,0.000000,0.000000,0.000182,0.000182,0.000000,0.000365,0.000729,0.000547,0.000000,0.000182,0.000000,0.000182,0.000000,0.000365
funding,20,0.000000,0.000182,0.000365,0.000000,0.000547,0.000182,0.000000,0.000547,0.000000,0.000000,0.000182,0.000000,0.000365,0.000000,0.000365,0.000182,0.000000,0.000000,0.000182,0.000182,0.000365,0.000000
planning,19,0.000182,0.000000,0.000000,0.000182,0.000365,0.000000,0.000729,0.000182,0.000182,0.000000,0.000182,0.000000,0.000000,0.000000,0.000000,0.000182,0.000729,0.000000,0.000000,0.000000,0.000365,0.000000
measuring,19,0.000000,0.000000,0.000000,0.000000,0.000000,0.000182,0.000547,0.000182,0.000000,0.000000,0.000000,0.000182,0.000182,0.000182,0.000182,0.000182,0.000365,0.000547,0.000000,0.000365,0.000000,0.000000
sensing,18,0.000000,0.000000,0.000182,0.000182,0.000365,0.000000,0.000182,0.000365,0.000000,0.000000,0.000182,0.000000,0.000729,0.000000,0.000182,0.000000,0.000182,0.000000,0.000000,0.000182,0.000182,0.000182
flying,18,0.000000,0.000000,0.000000,0.000000,0.000182,0.000000,0.000365,0.000365,0.000000,0.000547,0.000000,0.000182,0.000182,0.000182,0.000000,0.000182,0.000182,0.000182,0.000182,0.000000,0.000547,0.000000
beginning,18,0.000000,0.000000,0.000000,0.000365,0.000182,0.000547,0.000365,0.000182,0.000182,0.000182,0.000000,0.000365,0.000000,0.000000,0.000000,0.000182,0.000000,0.000000,0.000000,0.000182,0.000365,0.000000
operating,16,0.000000,0.000000,0.000000,0.000000,0.000182,0.000365,0.000182,0.000182,0.000000,0.000365,0.000000,0.000000,0.000182,0.000182,0.000000,0.000365,0.000365,0.000000,0.000182,0.000000,0.000000,0.000000
making,16,0.000000,0.000000,0.000000,0.000000,0.000182,0.000000,0.000182,0.000547,0.000182,0.000365,0.000000,0.000182,0.000000,0.000182,0.000182,0.000000,0.000182,0.000000,0.000000,0.000365,0.000182,0.000182
building,16,0.000182,0.000000,0.000000,0.000912,0.000000,0.000365,0.000000,0.000182,0.000000,0.000000,0.000000,0.000000,0.000000,0.000365,0.000000,0.000000,0.000365,0.000182,0.000000,0.000000,0.000000,0.000000
working,15,0.000365,0.000000,0.000182,0.000000,0.000365,0.000182,0.000182,0.000365,0.000000,0.000000,0.000182,0.000182,0.000182,0.000182,0.000000,0.000000,0.000000,0.000000,0.000000,0.000182,0.000182,0.000000
growing,15,0.000000,0.000000,0.000000,0.000000,0.000182,0.000000,0.000547,0.000182,0.000000,0.000000,0.000182,0.000182,0.000000,0.000182,0.000182,0.000000,0.000182,0.000912,0.000000,0.000000,0.000000,0.000000
understanding,14,0.000547,0.000000,0.000000,0.000000,0.000000,0.000547,0.000182,0.000000,0.000000,0.000000,0.000365,0.000000,0.000000,0.000365,0.000182,0.000000,0.000182,0.000000,0.000000,0.000000,0.000000,0.000182
meeting,14,0.000182,0.000000,0.000000,0.000547,0.000547,0.000365,0.000182,0.000182,0.000182,0.000000,0.000182,0.000182,0.000000,0.000000,0.000000,0.000000,0.000000,0.000000,0.000000,0.000000,0.000000,0.000000
existing,14,0.000182,0.000000,0.000000,0.000182,0.000000,0.000000,0.000000,0.000365,0.000000,0.000000,0.000000,0.000182,0.000729,0.000000,0.000000,0.000365,0.000182,0.000182,0.000000,0.000182,0.000000,0.000000
creating,14,0.000182,0.000000,0.000000,0.000000,0.000729,0.000000,0.000000,0.000000,0.000000,0.000000,0.000182,0.000182,0.000365,0.000365,0.000365,0.000000,0.000182,0.000000,0.000000,0.000000,0.000000,0.000000
warning,13,0.000000,0.000182,0.000182,0.000182,0.000182,0.000000,0.000547,0.000365,0.000000,0.000000,0.000000,0.000000,0.000182,0.000000,0.000000,0.000365,0.000182,0.000000,0.000000,0.000000,0.000000,0.000000
surrounding,13,0.000000,0.000182,0.000182,0.000000,0.000000,0.000182,0.000000,0.000000,0.000000,0.000182,0.000182,0.000000,0.000000,0.000182,0.000365,0.000000,0.000000,0.000729,0.000000,0.000000,0.000000,0.000182
occurring,13,0.000000,0.000000,0.000000,0.000182,0.000182,0.000000,0.000000,0.000000,0.000000,0.000182,0.000182,0.000000,0.000365,0.000365,0.000000,0.000182,0.000182,0.000000,0.000182,0.000000,0.000182,0.000182
marking,13,0.000000,0.000000,0.000000,0.000000,0.000000,0.000000,0.000182,0.000000,0.000000,0.000000,0.000000,0.000182,0.000182,0.000000,0.000000,0.000000,0.000547,0.000000,0.000000,0.000000,0.001276,0.000000
gathering,13,0.000000,0.000000,0.000000,0.000000,0.000182,0.000182,0.000365,0.000365,0.000000,0.000365,0.000182,0.000000,0.000000,0.000365,0.000000,0.000000,0.000000,0.000000,0.000000,0.000182,0.000000,0.000000
enabling,13,0.000000,0.000000,0.000000,0.000000,0.000000,0.000000,0.000000,0.000000,0.000000,0.000000,0.000000,0.000000,0.000182,0.000000,0.000365,0.000182,0.000547,0.000182,0.000182,0.000547,0.000000,0.000000
concerning,13,0.000182,0.000000,0.000000,0.000365,0.000547,0.000182,0.000000,0.000547,0.000000,0.000000,0.000000,0.000000,0.000182,0.000000,0.000000,0.000182,0.000000,0.000000,0.000000,0.000000,0.000000,0.000000
allowing,13,0.000182,0.000000,0.000365,0.000365,0.000000,0.000000,0.000000,0.000182,0.000182,0.000000,0.000000,0.000000,0.000000,0.000365,0.000000,0.000000,0.000365,0.000000,0.000182,0.000000,0.000000,0.000182
supporting,12,0.000000,0.000365,0.000000,0.000000,0.000365,0.000000,0.000000,0.000182,0.000182,0.000000,0.000000,0.000182,0.000000,0.000182,0.000000,0.000182,0.000182,0.000000,0.000000,0.000182,0.000182,0.000000
resulting,12,0.000000,0.000182,0.000000,0.000000,0.000182,0.000000,0.000000,0.000547,0.000000,0.000000,0.000000,0.000182,0.000365,0.000000,0.000000,0.000000,0.000182,0.000000,0.000000,0.000182,0.000000,0.000182
regarding,12,0.000000,0.000000,0.000000,0.000000,0.000182,0.000000,0.000000,0.000000,0.000000,0.000000,0.000000,0.000000,0.000182,0.000365,0.000182,0.000000,0.000182,0.000000,0.000365,0.000547,0.000182,0.000000
reaching,12,0.000000,0.000182,0.000000,0.000182,0.000000,0.000000,0.000000,0.000182,0.000000,0.000182,0.000000,0.000000,0.000182,0.000365,0.000182,0.000182,0.000000,0.000000,0.000000,0.000182,0.000182,0.000000
ranging,12,0.000182,0.000182,0.000000,0.000000,0.000000,0.000182,0.000365,0.000182,0.000000,0.000000,0.000000,0.000365,0.000000,0.000000,0.000000,0.000182,0.000000,0.000000,0.000000,0.000365,0.000000,0.000182
moving,12,0.000182,0.000182,0.000000,0.000000,0.000000,0.000000,0.000000,0.000182,0.000182,0.000000,0.000000,0.000365,0.000000,0.000000,0.000182,0.000182,0.000365,0.000000,0.000000,0.000000,0.000182,0.000182
finding,12,0.000000,0.000000,0.000182,0.000182,0.000182,0.000182,0.000182,0.000182,0.000000,0.000182,0.000000,0.000000,0.000000,0.000182,0.000000,0.000000,0.000182,0.000000,0.000000,0.000365,0.000182,0.000000
processing,11,0.000000,0.000000,0.000000,0.000182,0.000365,0.000182,0.000547,0.000182,0.000000,0.000000,0.000000,0.000000,0.000182,0.000000,0.000000,0.000182,0.000182,0.000000,0.000000,0.000000,0.000000,0.000000
leading,11,0.000000,0.000182,0.000000,0.000182,0.000365,0.000182,0.000365,0.000000,0.000000,0.000000,0.000000,0.000000,0.000000,0.000000,0.000000,0.000182,0.000365,0.000000,0.000000,0.000000,0.000182,0.000000
increasing,11,0.000000,0.000000,0.000000,0.000000,0.000729,0.000000,0.000000,0.000365,0.000000,0.000000,0.000182,0.000000,0.000365,0.000000,0.000365,0.000000,0.000000,0.000000,0.000000,0.000000,0.000000,0.000000
completing,11,0.000000,0.000000,0.000000,0.000000,0.000182,0.000000,0.000000,0.000000,0.000000,0.000182,0.000000,0.000182,0.000182,0.000182,0.000000,0.000000,0.000182,0.000000,0.000182,0.000182,0.000365,0.000182
broadcasting,11,0.000000,0.000000,0.000000,0.000182,0.000547,0.000182,0.000000,0.000000,0.000000,0.000000,0.000000,0.000000,0.000182,0.000000,0.000000,0.000000,0.000000,0.000365,0.000000,0.000365,0.000000,0.000000
weighing,10,0.000000,0.000182,0.000000,0.000000,0.000000,0.000000,0.000000,0.000182,0.000000,0.000000,0.000000,0.000182,0.000000,0.000000,0.000000,0.000000,0.000182,0.000000,0.000729,0.000182,0.000182,0.000000
serving,10,0.000365,0.000365,0.000000,0.000000,0.000000,0.000000,0.000000,0.000000,0.000000,0.000182,0.000000,0.000000,0.000182,0.000182,0.000000,0.000000,0.000182,0.000000,0.000000,0.000000,0.000000,0.000182
returning,10,0.000000,0.000000,0.000000,0.000000,0.000000,0.000000,0.000000,0.000000,0.000000,0.000000,0.000000,0.000000,0.000547,0.000000,0.000000,0.000182,0.000912,0.000000,0.000182,0.000000,0.000000,0.000000
leaving,10,0.000000,0.000000,0.000000,0.000000,0.000000,0.000000,0.000000,0.000000,0.000000,0.000000,0.000000,0.000000,0.000365,0.000000,0.000182,0.000182,0.000182,0.000000,0.000000,0.000182,0.000365,0.000365
firing,10,0.000182,0.000000,0.000182,0.000000,0.000182,0.000365,0.000182,0.000365,0.000000,0.000000,0.000000,0.000000,0.000000,0.000000,0.000000,0.000000,0.000000,0.000000,0.000000,0.000000,0.000182,0.000182
containing,10,0.000182,0.000000,0.000000,0.000182,0.000000,0.000365,0.000000,0.000000,0.000000,0.000000,0.000000,0.000000,0.000000,0.000729,0.000000,0.000000,0.000000,0.000000,0.000000,0.000000,0.000182,0.000000
sending,9,0.000182,0.000000,0.000000,0.000182,0.000365,0.000000,0.000000,0.000182,0.000182,0.000000,0.000000,0.000000,0.000000,0.000365,0.000182,0.000000,0.000000,0.000000,0.000000,0.000000,0.000000,0.000000
involving,9,0.000000,0.000182,0.000000,0.000365,0.000000,0.000000,0.000182,0.000000,0.000000,0.000000,0.000000,0.000000,0.000000,0.000000,0.000182,0.000000,0.000182,0.000000,0.000182,0.000000,0.000182,0.000000
investigating,9,0.000000,0.000000,0.000000,0.000000,0.000000,0.000000,0.000000,0.000182,0.000000,0.000182,0.000000,0.000365,0.000000,0.000182,0.000000,0.000000,0.000547,0.000000,0.000000,0.000000,0.000000,0.000000
comprising,9,0.000000,0.000000,0.000000,0.000000,0.000000,0.000000,0.000000,0.000000,0.000000,0.000000,0.000000,0.000182,0.000182,0.000182,0.000000,0.000182,0.000182,0.000000,0.000000,0.000182,0.000547,0.000000
collecting,9,0.000000,0.000182,0.000000,0.000000,0.000182,0.000000,0.000000,0.000182,0.000000,0.000000,0.000000,0.000000,0.000182,0.000182,0.000000,0.000000,0.000182,0.000000,0.000182,0.000182,0.000000,0.000000
traveling,8,0.000000,0.000000,0.000000,0.000000,0.000000,0.000000,0.000000,0.000182,0.000000,0.000000,0.000182,0.000365,0.000182,0.000000,0.000000,0.000000,0.000000,0.000000,0.000000,0.000000,0.000182,0.000000
suggesting,8,0.000000,0.000000,0.000182,0.000000,0.000000,0.000000,0.000000,0.000182,0.000000,0.000000,0.000000,0.000182,0.000000,0.000182,0.000000,0.000000,0.000182,0.000182,0.000000,0.000182,0.000182,0.000000
spinning,8,0.000000,0.000182,0.000182,0.000182,0.000000,0.000182,0.000000,0.000000,0.000000,0.000182,0.000000,0.000547,0.000000,0.000000,0.000000,0.000000,0.000000,0.000000,0.000000,0.000000,0.000000,0.000000
showing,8,0.000000,0.000182,0.000000,0.000000,0.000182,0.000182,0.000000,0.000000,0.000000,0.000000,0.000000,0.000000,0.000000,0.000182,0.000000,0.000182,0.000000,0.000182,0.000000,0.000182,0.000182,0.000000
setting,8,0.000000,0.000000,0.000000,0.000000,0.000000,0.000000,0.000000,0.000182,0.000000,0.000000,0.000365,0.000000,0.000182,0.000365,0.000000,0.000000,0.000000,0.000000,0.000000,0.000000,0.000365,0.000000
releasing,8,0.000000,0.000000,0.000000,0.000000,0.000182,0.000365,0.000000,0.000000,0.000000,0.000000,0.000000,0.000365,0.000365,0.000000,0.000000,0.000000,0.000182,0.000000,0.000000,0.000000,0.000000,0.000000
coming,8,0.000000,0.000000,0.000000,0.000000,0.000182,0.000365,0.000365,0.000000,0.000000,0.000000,0.000365,0.000000,0.000000,0.000182,0.000000,0.000000,0.000000,0.000000,0.000000,0.000000,0.000000,0.000000
aging,8,0.000000,0.000000,0.000000,0.000000,0.000000,0.000000,0.000182,0.000182,0.000000,0.000000,0.000000,0.000000,0.000000,0.000365,0.000000,0.000000,0.000182,0.000000,0.000000,0.000000,0.000365,0.000000
taking,7,0.000000,0.000000,0.000000,0.000182,0.000182,0.000000,0.000182,0.000000,0.000182,0.000000,0.000182,0.000182,0.000000,0.000000,0.000000,0.000000,0.000000,0.000000,0.000000,0.000182,0.000000,0.000000
spring,7,0.000182,0.000000,0.000000,0.000000,0.000000,0.000182,0.000000,0.000000,0.000000,0.000000,0.000365,0.000000,0.000365,0.000000,0.000000,0.000182,0.000000,0.000000,0.000000,0.000000,0.000000,0.000000
sounding,7,0.000182,0.000182,0.000000,0.000182,0.000182,0.000000,0.000000,0.000000,0.000000,0.000000,0.000000,0.000000,0.000000,0.000182,0.000000,0.000000,0.000000,0.000000,0.000182,0.000182,0.000000,0.000000
saying,7,0.000182,0.000000,0.000000,0.000000,0.000729,0.000000,0.000000,0.000365,0.000000,0.000000,0.000000,0.000000,0.000000,0.000000,0.000000,0.000000,0.000000,0.000000,0.000000,0.000000,0.000000,0.000000
rotating,7,0.000000,0.000000,0.000182,0.000000,0.000000,0.000547,0.000000,0.000000,0.000000,0.000000,0.000000,0.000182,0.000000,0.000000,0.000182,0.000000,0.000000,0.000182,0.000000,0.000000,0.000000,0.000000
remaining,7,0.000000,0.000000,0.000000,0.000182,0.000182,0.000000,0.000000,0.000182,0.000000,0.000000,0.000000,0.000000,0.000000,0.000000,0.000182,0.000000,0.000182,0.000000,0.000000,0.000000,0.000365,0.000000
producing,7,0.000000,0.000000,0.000000,0.000000,0.000182,0.000182,0.000000,0.000000,0.000000,0.000000,0.000000,0.000000,0.000000,0.000000,0.000000,0.000000,0.000365,0.000182,0.000000,0.000000,0.000000,0.000182
hearing,7,0.000000,0.000000,0.000000,0.000000,0.000182,0.000000,0.000182,0.000000,0.000000,0.000000,0.000000,0.000182,0.000000,0.000000,0.000000,0.000000,0.000000,0.000182,0.000000,0.000182,0.000365,0.000000
giving,7,0.000000,0.000000,0.000000,0.000182,0.000000,0.000182,0.000182,0.000000,0.000000,0.000000,0.000182,0.000000,0.000182,0.000182,0.000182,0.000000,0.000000,0.000000,0.000000,0.000000,0.000000,0.000000
forming,7,0.000000,0.000000,0.000000,0.000000,0.000182,0.000000,0.000000,0.000000,0.000182,0.000000,0.000000,0.000000,0.000000,0.000000,0.000000,0.000000,0.000000,0.000000,0.000000,0.000365,0.000547,0.000000
falling,7,0.000182,0.000000,0.000000,0.000000,0.000000,0.000000,0.000000,0.000182,0.000000,0.000000,0.000000,0.000000,0.000000,0.000000,0.000182,0.000000,0.000365,0.000000,0.000000,0.000365,0.000000,0.000000
covering,7,0.000000,0.000000,0.000000,0.000000,0.000000,0.000000,0.000000,0.000365,0.000000,0.000000,0.000000,0.000000,0.000000,0.000000,0.000182,0.000000,0.000000,0.000000,0.000000,0.000365,0.000000,0.000000
capturing,7,0.000000,0.000000,0.000000,0.000000,0.000000,0.000000,0.000000,0.000000,0.000000,0.000182,0.000000,0.000000,0.000547,0.000365,0.000000,0.000182,0.000000,0.000000,0.000000,0.000000,0.000000,0.000000
becoming,7,0.000000,0.000000,0.000000,0.000000,0.000000,0.000000,0.000000,0.000182,0.000000,0.000000,0.000000,0.000182,0.000182,0.000182,0.000000,0.000000,0.000000,0.000182,0.000000,0.000000,0.000000,0.000182
analyzing,7,0.000000,0.000000,0.000000,0.000000,0.000182,0.000182,0.000000,0.000182,0.000182,0.000000,0.000182,0.000000,0.000000,0.000000,0.000000,0.000182,0.000000,0.000000,0.000182,0.000000,0.000000,0.000000
accounting,7,0.000365,0.000000,0.000000,0.000000,0.000365,0.000000,0.000000,0.000000,0.000182,0.000000,0.000000,0.000000,0.000000,0.000000,0.000182,0.000000,0.000000,0.000000,0.000000,0.000000,0.000000,0.000000
thinning,6,0.000000,0.000000,0.000000,0.000000,0.000365,0.000000,0.000000,0.000000,0.000000,0.000000,0.000000,0.000000,0.000000,0.000182,0.000000,0.000000,0.000000,0.000000,0.000000,0.000365,0.000000,0.000000
steering,6,0.000000,0.000000,0.000000,0.000000,0.000365,0.000365,0.000000,0.000182,0.000000,0.000000,0.000000,0.000000,0.000000,0.000000,0.000000,0.000000,0.000182,0.000000,0.000000,0.000000,0.000000,0.000000
servicing,6,0.000000,0.000000,0.000000,0.000182,0.000000,0.000000,0.000000,0.000000,0.000000,0.000000,0.000000,0.000000,0.000000,0.000182,0.000000,0.000000,0.000000,0.000000,0.000000,0.000000,0.000729,0.000000
scheduling,6,0.000000,0.000000,0.000000,0.000182,0.000000,0.000000,0.000000,0.000000,0.000000,0.000000,0.000000,0.000182,0.000000,0.000365,0.000000,0.000000,0.000365,0.000000,0.000000,0.000000,0.000000,0.000000
placing,6,0.000000,0.000000,0.000000,0.000000,0.000000,0.000000,0.000000,0.000182,0.000000,0.000182,0.000182,0.000000,0.000000,0.000000,0.000000,0.000182,0.000000,0.000000,0.000000,0.000182,0.000000,0.000000
opening,6,0.000000,0.000000,0.000000,0.000182,0.000000,0.000000,0.000000,0.000182,0.000000,0.000000,0.000000,0.000000,0.000182,0.000000,0.000000,0.000000,0.000182,0.000000,0.000000,0.000000,0.000000,0.000182
looking,6,0.000000,0.000000,0.000000,0.000000,0.000182,0.000365,0.000000,0.000182,0.000000,0.000000,0.000182,0.000182,0.000000,0.000000,0.000000,0.000000,0.000000,0.000000,0.000000,0.000000,0.000000,0.000000
keeping,6,0.000000,0.000000,0.000000,0.000000,0.000182,0.000000,0.000000,0.000182,0.000000,0.000000,0.000182,0.000365,0.000000,0.000000,0.000000,0.000000,0.000182,0.000000,0.000000,0.000000,0.000000,0.000000
having,6,0.000000,0.000000,0.000000,0.000000,0.000000,0.000000,0.000182,0.000000,0.000000,0.000182,0.000000,0.000000,0.000182,0.000365,0.000000,0.000000,0.000000,0.000000,0.000000,0.000000,0.000000,0.000182
functioning,6,0.000000,0.000000,0.000000,0.000000,0.000182,0.000000,0.000000,0.000000,0.000182,0.000182,0.000000,0.000000,0.000182,0.000182,0.000000,0.000000,0.000000,0.000000,0.000000,0.000000,0.000000,0.000000
focusing,6,0.000000,0.000182,0.000000,0.000182,0.000000,0.000182,0.000000,0.000000,0.000000,0.000000,0.000000,0.000000,0.000000,0.000000,0.000000,0.000000,0.000365,0.000000,0.000000,0.000000,0.000000,0.000000
floating,6,0.000000,0.000000,0.000000,0.000000,0.000000,0.000000,0.000000,0.000000,0.000000,0.000000,0.000000,0.000182,0.000000,0.000000,0.000182,0.000000,0.000365,0.000000,0.000182,0.000000,0.000182,0.000000
determining,6,0.000000,0.000000,0.000000,0.000000,0.000000,0.000000,0.000000,0.000365,0.000000,0.000000,0.000000,0.000182,0.000000,0.000000,0.000000,0.000000,0.000000,0.000000,0.000000,0.000182,0.000000,0.000000
destroying,6,0.000000,0.000000,0.000000,0.000000,0.000000,0.000365,0.000000,0.000000,0.000000,0.000182,0.000000,0.000365,0.000182,0.000000,0.000000,0.000000,0.000000,0.000000,0.000000,0.000000,0.000000,0.000000
demonstrating,6,0.000000,0.000000,0.000000,0.000000,0.000000,0.000000,0.000000,0.000000,0.000000,0.000000,0.000000,0.000000,0.000000,0.000000,0.000365,0.000000,0.000000,0.000365,0.000000,0.000000,0.000182,0.000182
burning,6,0.000000,0.000000,0.000000,0.000000,0.000182,0.000000,0.000365,0.000182,0.000000,0.000000,0.000000,0.000000,0.000182,0.000000,0.000182,0.000000,0.000000,0.000000,0.000000,0.000000,0.000000,0.000000
acting,6,0.000182,0.000000,0.000000,0.000000,0.000000,0.000000,0.000000,0.000182,0.000000,0.000000,0.000000,0.000182,0.000000,0.000182,0.000000,0.000000,0.000182,0.000000,0.000000,0.000182,0.000000,0.000000
wing,5,0.000000,0.000000,0.000000,0.000182,0.000182,0.000000,0.000365,0.000000,0.000000,0.000000,0.000000,0.000000,0.000000,0.000000,0.000000,0.000000,0.000000,0.000000,0.000000,0.000000,0.000182,0.000000
timing,5,0.000000,0.000000,0.000000,0.000000,0.000000,0.000000,0.000000,0.000000,0.000000,0.000000,0.000000,0.000182,0.000000,0.000000,0.000000,0.000365,0.000182,0.000000,0.000000,0.000000,0.000000,0.000182
string,5,0.000000,0.000000,0.000000,0.000000,0.000182,0.000000,0.000365,0.000000,0.000000,0.000000,0.000000,0.000182,0.000000,0.000000,0.000182,0.000000,0.000000,0.000000,0.000000,0.000000,0.000000,0.000000
seeking,5,0.000000,0.000000,0.000000,0.000000,0.000000,0.000182,0.000000,0.000182,0.000000,0.000000,0.000182,0.000000,0.000000,0.000000,0.000000,0.000000,0.000182,0.000000,0.000000,0.000000,0.000182,0.000000
requiring,5,0.000000,0.000000,0.000000,0.000000,0.000000,0.000000,0.000000,0.000000,0.000000,0.000000,0.000000,0.000000,0.000000,0.000365,0.000000,0.000000,0.000182,0.000000,0.000000,0.000000,0.000182,0.000000
reducing,5,0.000000,0.000000,0.000000,0.000182,0.000000,0.000000,0.000000,0.000000,0.000000,0.000000,0.000000,0.000182,0.000182,0.000000,0.000365,0.000000,0.000000,0.000000,0.000000,0.000000,0.000000,0.000000
receiving,5,0.000000,0.000547,0.000000,0.000000,0.000000,0.000000,0.000000,0.000182,0.000000,0.000000,0.000000,0.000000,0.000000,0.000000,0.000000,0.000000,0.000000,0.000000,0.000000,0.000000,0.000182,0.000000
preparing,5,0.000000,0.000000,0.000000,0.000000,0.000365,0.000182,0.000182,0.000182,0.000000,0.000000,0.000000,0.000000,0.000000,0.000000,0.000000,0.000000,0.000000,0.000000,0.000000,0.000000,0.000000,0.000000
pointing,5,0.000000,0.000000,0.000000,0.000000,0.000365,0.000000,0.000000,0.000000,0.000000,0.000000,0.000000,0.000000,0.000000,0.000000,0.000182,0.000182,0.000182,0.000000,0.000000,0.000000,0.000000,0.000000
performing,5,0.000000,0.000000,0.000000,0.000000,0.000000,0.000000,0.000000,0.000000,0.000000,0.000000,0.000000,0.000000,0.000547,0.000000,0.000000,0.000182,0.000182,0.000000,0.000000,0.000000,0.000000,0.000000
melting,5,0.000000,0.000000,0.000000,0.000000,0.000182,0.000000,0.000000,0.000000,0.000000,0.000000,0.000000,0.000000,0.000000,0.000000,0.000000,0.000182,0.000000,0.000000,0.000182,0.000365,0.000000,0.000000
living,5,0.000182,0.000000,0.000000,0.000182,0.000000,0.000000,0.000000,0.000000,0.000000,0.000000,0.000000,0.000000,0.000000,0.000182,0.000000,0.000000,0.000000,0.000000,0.000000,0.000000,0.000182,0.000000
holding,5,0.000000,0.000000,0.000000,0.000000,0.000182,0.000182,0.000000,0.000000,0.000000,0.000182,0.000000,0.000000,0.000182,0.000000,0.000000,0.000000,0.000182,0.000000,0.000000,0.000000,0.000000,0.000000
getting,5,0.000000,0.000000,0.000000,0.000182,0.000547,0.000000,0.000000,0.000000,0.000182,0.000000,0.000000,0.000000,0.000000,0.000000,0.000000,0.000000,0.000000,0.000000,0.000000,0.000000,0.000000,0.000000
experiencing,5,0.000000,0.000000,0.000000,0.000000,0.000000,0.000000,0.000182,0.000000,0.000000,0.000000,0.000000,0.000182,0.000000,0.000000,0.000000,0.000182,0.000182,0.000000,0.000000,0.000000,0.000000,0.000000
examining,5,0.000000,0.000000,0.000000,0.000000,0.000000,0.000000,0.000000,0.000000,0.000000,0.000000,0.000000,0.000182,0.000000,0.000000,0.000000,0.000182,0.000182,0.000182,0.000000,0.000000,0.000182,0.000000
ending,5,0.000000,0.000000,0.000000,0.000182,0.000000,0.000547,0.000000,0.000000,0.000000,0.000000,0.000000,0.000000,0.000000,0.000000,0.000000,0.000000,0.000000,0.000000,0.000000,0.000000,0.000182,0.000000
diminishing,5,0.000000,0.000000,0.000000,0.000000,0.000000,0.000000,0.000000,0.000000,0.000000,0.000000,0.000000,0.000000,0.000182,0.000000,0.000000,0.000000,0.000000,0.000000,0.000000,0.000182,0.000000,0.000000
detecting,5,0.000182,0.000000,0.000000,0.000000,0.000000,0.000182,0.000000,0.000000,0.000000,0.000000,0.000000,0.000000,0.000182,0.000182,0.000000,0.000000,0.000000,0.000000,0.000000,0.000000,0.000000,0.000000
considering,5,0.000000,0.000000,0.000000,0.000000,0.000182,0.000182,0.000182,0.000000,0.000000,0.000182,0.000000,0.000000,0.000000,0.000182,0.000000,0.000000,0.000000,0.000000,0.000000,0.000000,0.000000,0.000000
confirming,5,0.000000,0.000000,0.000000,0.000000,0.000000,0.000000,0.000000,0.000182,0.000182,0.000000,0.000000,0.000000,0.000000,0.000000,0.000000,0.000000,0.000182,0.000000,0.000182,0.000000,0.000182,0.000000
combining,5,0.000000,0.000000,0.000000,0.000000,0.000000,0.000000,0.000000,0.000182,0.000000,0.000000,0.000000,0.000000,0.000000,0.000182,0.000000,0.000000,0.000000,0.000000,0.000365,0.000000,0.000182,0.000000
changing,5,0.000000,0.000000,0.000000,0.000000,0.000000,0.000000,0.000000,0.000547,0.000000,0.000000,0.000000,0.000000,0.000000,0.000000,0.000000,0.000000,0.000000,0.000000,0.000182,0.000000,0.000000,0.000000
bringing,5,0.000000,0.000000,0.000000,0.000182,0.000000,0.000182,0.000000,0.000000,0.000000,0.000182,0.000000,0.000182,0.000000,0.000182,0.000000,0.000000,0.000000,0.000000,0.000000,0.000000,0.000000,0.000000
belonging,5,0.000000,0.000182,0.000000,0.000000,0.000000,0.000000,0.000000,0.000365,0.000000,0.000000,0.000000,0.000182,0.000182,0.000000,0.000000,0.000000,0.000000,0.000000,0.000000,0.000000,0.000000,0.000000
tumbling,4,0.000000,0.000000,0.000000,0.000000,0.000182,0.000000,0.000000,0.000000,0.000182,0.000365,0.000000,0.000000,0.000000,0.000000,0.000000,0.000000,0.000000,0.000000,0.000000,0.000000,0.000000,0.000000
scanning,4,0.000000,0.000000,0.000000,0.000000,0.000000,0.000000,0.000000,0.000000,0.000000,0.000000,0.000000,0.000000,0.000000,0.000000,0.000000,0.000000,0.000547,0.000000,0.000000,0.000182,0.000000,0.000000
revealing,4,0.000000,0.000000,0.000000,0.000000,0.000000,0.000000,0.000000,0.000000,0.000000,0.000000,0.000182,0.000000,0.000000,0.000000,0.000000,0.000000,0.000182,0.000182,0.000000,0.000182,0.000000,0.000000
researching,4,0.000000,0.000000,0.000000,0.000000,0.000182,0.000000,0.000182,0.000000,0.000000,0.000000,0.000000,0.000000,0.000000,0.000000,0.000182,0.000000,0.000000,0.000000,0.000000,0.000000,0.000182,0.000000
replacing,4,0.000000,0.000000,0.000000,0.000000,0.000000,0.000000,0.000000,0.000000,0.000000,0.000000,0.000000,0.000000,0.000000,0.000182,0.000000,0.000000,0.000000,0.000000,0.000365,0.000000,0.000000,0.000000
relaying,4,0.000000,0.000000,0.000000,0.000000,0.000182,0.000000,0.000000,0.000000,0.000000,0.000000,0.000000,0.000000,0.000000,0.000000,0.000000,0.000000,0.000182,0.000000,0.000182,0.000000,0.000000,0.000000
protecting,4,0.000000,0.000000,0.000000,0.000000,0.000000,0.000000,0.000000,0.000182,0.000000,0.000000,0.000000,0.000000,0.000000,0.000182,0.000000,0.000000,0.000000,0.000000,0.000000,0.000000,0.000000,0.000000
prompting,4,0.000000,0.000000,0.000000,0.000000,0.000000,0.000000,0.000000,0.000000,0.000000,0.000000,0.000000,0.000000,0.000365,0.000182,0.000000,0.000000,0.000000,0.000000,0.000182,0.000000,0.000000,0.000000
passing,4,0.000000,0.000182,0.000000,0.000182,0.000000,0.000000,0.000000,0.000182,0.000000,0.000000,0.000000,0.000000,0.000000,0.000000,0.000000,0.000000,0.000000,0.000000,0.000000,0.000000,0.000000,0.000000
offering,4,0.000000,0.000000,0.000000,0.000000,0.000000,0.000000,0.000000,0.000000,0.000000,0.000000,0.000000,0.000000,0.000365,0.000182,0.000000,0.000000,0.000000,0.000000,0.000000,0.000000,0.000000,0.000182
neighboring,4,0.000000,0.000000,0.000000,0.000000,0.000000,0.000000,0.000182,0.000000,0.000000,0.000000,0.000000,0.000000,0.000000,0.000000,0.000000,0.000000,0.000547,0.000000,0.000000,0.000000,0.000000,0.000000
manufacturing,4,0.000000,0.000182,0.000000,0.000000,0.000182,0.000000,0.000000,0.000000,0.000000,0.000000,0.000000,0.000182,0.000182,0.000000,0.000000,0.000000,0.000000,0.000000,0.000000,0.000000,0.000000,0.000000
managing,4,0.000000,0.000000,0.000000,0.000000,0.000000,0.000000,0.000000,0.000182,0.000000,0.000000,0.000182,0.000000,0.000000,0.000000,0.000000,0.000000,0.000000,0.000000,0.000000,0.000182,0.000182,0.000000
maintaining,4,0.000000,0.000000,0.000000,0.000000,0.000182,0.000000,0.000000,0.000000,0.000000,0.000000,0.000000,0.000000,0.000365,0.000000,0.000000,0.000000,0.000000,0.000000,0.000000,0.000000,0.000000,0.000000
losing,4,0.000000,0.000000,0.000000,0.000000,0.000000,0.000000,0.000000,0.000000,0.000000,0.000182,0.000000,0.000182,0.000000,0.000182,0.000182,0.000000,0.000000,0.000000,0.000000,0.000000,0.000000,0.000000
improving,4,0.000000,0.000000,0.000000,0.000000,0.000182,0.000000,0.000000,0.000182,0.000000,0.000000,0.000000,0.000000,0.000000,0.000182,0.000000,0.000000,0.000000,0.000000,0.000182,0.000000,0.000000,0.000000
helping,4,0.000000,0.000000,0.000000,0.000000,0.000000,0.000000,0.000000,0.000000,0.000000,0.000000,0.000000,0.000000,0.000000,0.000000,0.000000,0.000000,0.000182,0.000000,0.000000,0.000000,0.000182,0.000182
fishing,4,0.000000,0.000182,0.000000,0.000000,0.000000,0.000365,0.000000,0.000000,0.000000,0.000000,0.000182,0.000000,0.000000,0.000000,0.000000,0.000000,0.000000,0.000000,0.000000,0.000000,0.000000,0.000000
financing,4,0.000000,0.000000,0.000000,0.000000,0.000182,0.000365,0.000182,0.000000,0.000000,0.000000,0.000000,0.000000,0.000000,0.000000,0.000000,0.000000,0.000000,0.000000,0.000000,0.000000,0.000000,0.000000
featuring,4,0.000000,0.000000,0.000000,0.000000,0.000000,0.000000,0.000182,0.000182,0.000000,0.000000,0.000000,0.000000,0.000182,0.000182,0.000000,0.000000,0.000000,0.000000,0.000000,0.000000,0.000000,0.000000
failing,4,0.000182,0.000000,0.000000,0.000000,0.000000,0.000000,0.000000,0.000000,0.000000,0.000000,0.000000,0.000365,0.000182,0.000000,0.000000,0.000000,0.000000,0.000000,0.000000,0.000000,0.000000,0.000000
extending,4,0.000000,0.000000,0.000000,0.000000,0.000000,0.000000,0.000000,0.000000,0.000000,0.000182,0.000000,0.000000,0.000000,0.000365,0.000000,0.000000,0.000000,0.000182,0.000000,0.000000,0.000000,0.000000
exploding,4,0.000365,0.000000,0.000000,0.000000,0.000000,0.000000,0.000000,0.000000,0.000000,0.000000,0.000000,0.000000,0.000000,0.000000,0.000000,0.000182,0.000000,0.000000,0.000000,0.000000,0.000000,0.000182
equipping,4,0.000000,0.000000,0.000000,0.000000,0.000000,0.000000,0.000000,0.000000,0.000000,0.000000,0.000000,0.000000,0.000182,0.000000,0.000000,0.000000,0.000182,0.000182,0.000000,0.000000,0.000000,0.000000
directing,4,0.000000,0.000000,0.000000,0.000000,0.000000,0.000000,0.000000,0.000182,0.000000,0.000182,0.000000,0.000000,0.000000,0.000182,0.000000,0.000000,0.000182,0.000000,0.000000,0.000000,0.000000,0.000000
deploying,4,0.000000,0.000000,0.000000,0.000182,0.000000,0.000182,0.000000,0.000000,0.000000,0.000182,0.000182,0.000000,0.000000,0.000000,0.000000,0.000000,0.000000,0.000000,0.000000,0.000000,0.000000,0.000000
delivering,4,0.000000,0.000000,0.000000,0.000000,0.000000,0.000000,0.000000,0.000182,0.000000,0.000000,0.000000,0.000000,0.000000,0.000182,0.000000,0.000000,0.000182,0.000000,0.000182,0.000000,0.000000,0.000000
declining,4,0.000000,0.000000,0.000000,0.000000,0.000000,0.000000,0.000000,0.000000,0.000000,0.000000,0.000182,0.000000,0.000000,0.000365,0.000000,0.000000,0.000000,0.000000,0.000000,0.000000,0.000000,0.000000
cooling,4,0.000000,0.000000,0.000000,0.000000,0.000000,0.000000,0.000182,0.000000,0.000000,0.000000,0.000000,0.000000,0.000182,0.000182,0.000182,0.000000,0.000000,0.000000,0.000000,0.000000,0.000000,0.000000
contributing,4,0.000000,0.000000,0.000000,0.000000,0.000000,0.000182,0.000000,0.000182,0.000000,0.000000,0.000000,0.000000,0.000000,0.000000,0.000000,0.000000,0.000000,0.000000,0.000000,0.000182,0.000000,0.000000
turning,3,0.000000,0.000000,0.000000,0.000000,0.000000,0.000182,0.000182,0.000000,0.000000,0.000182,0.000000,0.000000,0.000000,0.000000,0.000000,0.000000,0.000000,0.000000,0.000000,0.000000,0.000000,0.000000
trying,3,0.000000,0.000000,0.000000,0.000000,0.000000,0.000365,0.000182,0.000000,0.000000,0.000000,0.000000,0.000000,0.000000,0.000000,0.000000,0.000000,0.000000,0.000000,0.000000,0.000000,0.000000,0.000000
transmitting,3,0.000000,0.000000,0.000000,0.000000,0.000000,0.000000,0.000000,0.000000,0.000000,0.000182,0.000000,0.000000,0.000000,0.000000,0.000000,0.000000,0.000365,0.000000,0.000000,0.000000,0.000000,0.000000
training,3,0.000000,0.000000,0.000000,0.000000,0.000000,0.000000,0.000000,0.000000,0.000000,0.000000,0.000000,0.000182,0.000000,0.000182,0.000000,0.000000,0.000000,0.000182,0.000000,0.000000,0.000000,0.000000
threatening,3,0.000000,0.000182,0.000000,0.000000,0.000000,0.000000,0.000000,0.000000,0.000182,0.000000,0.000000,0.000000,0.000000,0.000000,0.000000,0.000000,0.000000,0.000000,0.000182,0.000000,0.000000,0.000000
surveying,3,0.000000,0.000000,0.000000,0.000000,0.000000,0.000000,0.000000,0.000000,0.000000,0.000000,0.000000,0.000000,0.000182,0.000000,0.000000,0.000000,0.000000,0.000000,0.000000,0.000365,0.000000,0.000000
streaming,3,0.000000,0.000000,0.000000,0.000000,0.000000,0.000000,0.000182,0.000000,0.000000,0.000000,0.000182,0.000000,0.000000,0.000000,0.000000,0.000000,0.000182,0.000000,0.000000,0.000000,0.000000,0.000000
spending,3,0.000000,0.000000,0.000000,0.000182,0.000000,0.000182,0.000000,0.000000,0.000000,0.000000,0.000000,0.000000,0.000000,0.000000,0.000000,0.000000,0.000000,0.000000,0.000000,0.000000,0.000182,0.000000
speaking,3,0.000182,0.000000,0.000000,0.000000,0.000000,0.000000,0.000182,0.000000,0.000000,0.000000,0.000000,0.000000,0.000000,0.000000,0.000000,0.000000,0.000000,0.000000,0.000000,0.000182,0.000000,0.000000
signaling,3,0.000000,0.000000,0.000000,0.000000,0.000000,0.000000,0.000000,0.000000,0.000000,0.000000,0.000182,0.000000,0.000182,0.000000,0.000000,0.000000,0.000000,0.000000,0.000182,0.000000,0.000000,0.000000
shipping,3,0.000000,0.000182,0.000000,0.000000,0.000000,0.000000,0.000000,0.000000,0.000000,0.000000,0.000000,0.000000,0.000365,0.000000,0.000000,0.000000,0.000000,0.000000,0.000000,0.000000,0.000000,0.000000
sharing,3,0.000000,0.000000,0.000000,0.000182,0.000182,0.000000,0.000000,0.000000,0.000000,0.000000,0.000000,0.000000,0.000000,0.000000,0.000000,0.000000,0.000000,0.000182,0.000000,0.000000,0.000000,0.000000
saving,3,0.000000,0.000000,0.000000,0.000182,0.000000,0.000000,0.000000,0.000000,0.000000,0.000000,0.000000,0.000182,0.000000,0.000000,0.000000,0.000000,0.000000,0.000182,0.000000,0.000000,0.000000,0.000000
ring,3,0.000000,0.000000,0.000000,0.000000,0.000182,0.000182,0.000000,0.000000,0.000000,0.000000,0.000000,0.000000,0.000000,0.000000,0.000000,0.000000,0.000000,0.000000,0.000000,0.000000,0.000182,0.000000
reviewing,3,0.000000,0.000000,0.000000,0.000000,0.000182,0.000000,0.000182,0.000182,0.000000,0.000000,0.000000,0.000000,0.000000,0.000000,0.000000,0.000000,0.000000,0.000000,0.000000,0.000000,0.000000,0.000000
retiring,3,0.000000,0.000000,0.000000,0.000000,0.000000,0.000000,0.000000,0.000000,0.000000,0.000000,0.000000,0.000182,0.000000,0.000000,0.000000,0.000000,0.000000,0.000182,0.000182,0.000000,0.000000,0.000000
resolving,3,0.000182,0.000000,0.000000,0.000000,0.000000,0.000000,0.000000,0.000000,0.000000,0.000000,0.000182,0.000000,0.000182,0.000000,0.000000,0.000000,0.000000,0.000000,0.000000,0.000000,0.000000,0.000000
reporting,3,0.000000,0.000000,0.000000,0.000000,0.000000,0.000000,0.000182,0.000182,0.000000,0.000000,0.000000,0.000000,0.000000,0.000000,0.000000,0.000000,0.000182,0.000000,0.000000,0.000000,0.000000,0.000000
rendering,3,0.000000,0.000000,0.000000,0.000000,0.000000,0.000000,0.000000,0.000000,0.000000,0.000182,0.000000,0.000182,0.000182,0.000000,0.000000,0.000000,0.000000,0.000000,0.000000,0.000000,0.000000,0.000000
referring,3,0.000000,0.000000,0.000000,0.000182,0.000182,0.000000,0.000182,0.000000,0.000000,0.000000,0.000000,0.000000,0.000000,0.000000,0.000000,0.000000,0.000000,0.000000,0.000000,0.000000,0.000000,0.000000
raising,3,0.000000,0.000000,0.000000,0.000000,0.000000,0.000182,0.000000,0.000182,0.000000,0.000000,0.000000,0.000000,0.000000,0.000000,0.000000,0.000000,0.000182,0.000000,0.000000,0.000000,0.000000,0.000000
putting,3,0.000182,0.000000,0.000182,0.000000,0.000000,0.000000,0.000000,0.000182,0.000000,0.000000,0.000000,0.000000,0.000000,0.000000,0.000000,0.000000,0.000000,0.000000,0.000000,0.000000,0.000000,0.000000
pulling,3,0.000000,0.000000,0.000000,0.000182,0.000000,0.000000,0.000000,0.000000,0.000000,0.000000,0.000000,0.000000,0.000182,0.000000,0.000182,0.000000,0.000000,0.000000,0.000000,0.000000,0.000000,0.000000
programming,3,0.000000,0.000000,0.000000,0.000000,0.000000,0.000000,0.000000,0.000000,0.000182,0.000000,0.000000,0.000182,0.000000,0.000182,0.000000,0.000000,0.000000,0.000000,0.000000,0.000000,0.000000,0.000000
preventing,3,0.000000,0.000000,0.000000,0.000000,0.000000,0.000000,0.000000,0.000000,0.000182,0.000000,0.000000,0.000000,0.000182,0.000000,0.000000,0.000000,0.000000,0.000000,0.000000,0.000000,0.000000,0.000000
powering,3,0.000000,0.000000,0.000000,0.000182,0.000000,0.000000,0.000000,0.000182,0.000000,0.000000,0.000000,0.000182,0.000000,0.000000,0.000000,0.000000,0.000000,0.000000,0.000000,0.000000,0.000000,0.000000
pending,3,0.000000,0.000000,0.000000,0.000000,0.000000,0.000000,0.000000,0.000000,0.000000,0.000000,0.000000,0.000000,0.000547,0.000000,0.000000,0.000000,0.000000,0.000000,0.000000,0.000000,0.000000,0.000000
noting,3,0.000000,0.000000,0.000000,0.000182,0.000000,0.000000,0.000000,0.000000,0.000000,0.000000,0.000000,0.000000,0.000182,0.000182,0.000000,0.000000,0.000000,0.000000,0.000000,0.000000,0.000000,0.000000
nearing,3,0.000000,0.000000,0.000000,0.000000,0.000547,0.000000,0.000000,0.000000,0.000000,0.000000,0.000000,0.000000,0.000000,0.000000,0.000000,0.000000,0.000000,0.000000,0.000000,0.000000,0.000000,0.000000
modifying,3,0.000000,0.000000,0.000000,0.000000,0.000000,0.000000,0.000000,0.000182,0.000000,0.000000,0.000000,0.000000,0.000000,0.000000,0.000000,0.000000,0.000365,0.000000,0.000000,0.000000,0.000000,0.000000
marketing,3,0.000000,0.000000,0.000000,0.000000,0.000000,0.000182,0.000182,0.000000,0.000000,0.000000,0.000182,0.000000,0.000000,0.000000,0.000000,0.000000,0.000000,0.000000,0.000000,0.000000,0.000000,0.000000
maneuvering,3,0.000000,0.000000,0.000000,0.000182,0.000182,0.000000,0.000000,0.000000,0.000000,0.000000,0.000000,0.000000,0.000000,0.000000,0.000000,0.000000,0.000000,0.000000,0.000000,0.000182,0.000000,0.000000
locating,3,0.000000,0.000182,0.000000,0.000000,0.000182,0.000000,0.000000,0.000000,0.000000,0.000000,0.000000,0.000000,0.000000,0.000000,0.000000,0.000000,0.000000,0.000000,0.000182,0.000000,0.000000,0.000000
lifting,3,0.000000,0.000000,0.000000,0.000365,0.000000,0.000000,0.000000,0.000000,0.000000,0.000000,0.000000,0.000000,0.000182,0.000000,0.000000,0.000000,0.000000,0.000000,0.000000,0.000000,0.000000,0.000000
learning,3,0.000000,0.000000,0.000000,0.000000,0.000000,0.000000,0.000182,0.000000,0.000000,0.000182,0.000182,0.000000,0.000000,0.000000,0.000000,0.000000,0.000000,0.000000,0.000000,0.000000,0.000000,0.000000
leaking,3,0.000000,0.000000,0.000000,0.000000,0.000000,0.000182,0.000000,0.000000,0.000182,0.000000,0.000000,0.000000,0.000000,0.000000,0.000000,0.000000,0.000000,0.000000,0.000000,0.000000,0.000182,0.000000
hoping,3,0.000000,0.000000,0.000000,0.000182,0.000000,0.000182,0.000182,0.000000,0.000000,0.000000,0.000000,0.000000,0.000000,0.000000,0.000000,0.000000,0.000000,0.000000,0.000000,0.000000,0.000000,0.000000
generating,3,0.000000,0.000000,0.000000,0.000000,0.000000,0.000182,0.000000,0.000182,0.000000,0.000000,0.000000,0.000000,0.000000,0.000000,0.000000,0.000000,0.000182,0.000000,0.000000,0.000000,0.000000,0.000000
fading,3,0.000000,0.000000,0.000000,0.000000,0.000000,0.000000,0.000000,0.000000,0.000000,0.000000,0.000000,0.000000,0.000000,0.000000,0.000000,0.000182,0.000000,0.000000,0.000000,0.000000,0.000000,0.000182
facing,3,0.000000,0.000000,0.000000,0.000182,0.000182,0.000000,0.000000,0.000182,0.000000,0.000000,0.000000,0.000000,0.000000,0.000000,0.000000,0.000000,0.000000,0.000000,0.000000,0.000000,0.000000,0.000000
expressing,3,0.000000,0.000000,0.000000,0.000000,0.000000,0.000000,0.000000,0.000182,0.000000,0.000000,0.000000,0.000000,0.000000,0.000000,0.000000,0.000182,0.000000,0.000000,0.000000,0.000000,0.000000,0.000182
exploring,3,0.000000,0.000000,0.000000,0.000000,0.000000,0.000000,0.000000,0.000000,0.000000,0.000000,0.000000,0.000000,0.000000,0.000000,0.000182,0.000000,0.000000,0.000000,0.000182,0.000000,0.000182,0.000000
expanding,3,0.000000,0.000000,0.000000,0.000000,0.000000,0.000000,0.000182,0.000000,0.000182,0.000000,0.000000,0.000000,0.000000,0.000000,0.000182,0.000000,0.000000,0.000000,0.000000,0.000000,0.000000,0.000000
evolving,3,0.000000,0.000000,0.000000,0.000000,0.000000,0.000000,0.000000,0.000182,0.000000,0.000000,0.000000,0.000000,0.000000,0.000000,0.000000,0.000000,0.000182,0.000000,0.000000,0.000000,0.000000,0.000000
evening,3,0.000000,0.000000,0.000000,0.000000,0.000547,0.000000,0.000000,0.000000,0.000000,0.000000,0.000000,0.000000,0.000000,0.000000,0.000000,0.000000,0.000000,0.000000,0.000000,0.000000,0.000000,0.000000
estimating,3,0.000000,0.000000,0.000000,0.000000,0.000000,0.000000,0.000000,0.000000,0.000000,0.000000,0.000000,0.000000,0.000000,0.000182,0.000000,0.000365,0.000000,0.000000,0.000000,0.000000,0.000000,0.000000
establishing,3,0.000000,0.000000,0.000000,0.000000,0.000182,0.000000,0.000000,0.000182,0.000000,0.000000,0.000000,0.000000,0.000000,0.000000,0.000000,0.000000,0.000000,0.000000,0.000000,0.000000,0.000182,0.000000
entering,3,0.000000,0.000182,0.000000,0.000000,0.000000,0.000000,0.000000,0.000000,0.000000,0.000000,0.000000,0.000182,0.000000,0.000000,0.000000,0.000000,0.000000,0.000000,0.000000,0.000000,0.000182,0.000000
emanating,3,0.000000,0.000000,0.000000,0.000000,0.000000,0.000000,0.000000,0.000000,0.000182,0.000000,0.000000,0.000000,0.000000,0.000000,0.000182,0.000000,0.000000,0.000000,0.000000,0.000000,0.000000,0.000000
dragging,3,0.000000,0.000000,0.000000,0.000000,0.000000,0.000000,0.000000,0.000000,0.000000,0.000000,0.000000,0.000182,0.000000,0.000000,0.000000,0.000000,0.000000,0.000365,0.000000,0.000000,0.000000,0.000000
doing,3,0.000000,0.000000,0.000000,0.000182,0.000000,0.000000,0.000000,0.000000,0.000000,0.000000,0.000000,0.000000,0.000365,0.000000,0.000000,0.000000,0.000000,0.000000,0.000000,0.000000,0.000000,0.000000
disrupting,3,0.000000,0.000000,0.000000,0.000000,0.000000,0.000000,0.000000,0.000000,0.000000,0.000000,0.000000,0.000000,0.000182,0.000182,0.000000,0.000182,0.000000,0.000000,0.000000,0.000000,0.000000,0.000000
discussing,3,0.000000,0.000000,0.000000,0.000000,0.000182,0.000000,0.000182,0.000182,0.000000,0.000000,0.000000,0.000000,0.000000,0.000000,0.000000,0.000000,0.000000,0.000000,0.000000,0.000000,0.000000,0.000000
designing,3,0.000000,0.000182,0.000000,0.000000,0.000000,0.000000,0.000000,0.000000,0.000000,0.000000,0.000000,0.000000,0.000182,0.000000,0.000000,0.000000,0.000000,0.000000,0.000000,0.000000,0.000000,0.000000
delaying,3,0.000000,0.000000,0.000000,0.000000,0.000000,0.000182,0.000000,0.000182,0.000000,0.000000,0.000000,0.000000,0.000000,0.000182,0.000000,0.000000,0.000000,0.000000,0.000000,0.000000,0.000000,0.000000
crashing,3,0.000000,0.000000,0.000000,0.000000,0.000000,0.000000,0.000000,0.000000,0.000000,0.000000,0.000000,0.000000,0.000000,0.000365,0.000000,0.000000,0.000000,0.000000,0.000000,0.000000,0.000000,0.000000
cooperating,3,0.000000,0.000000,0.000000,0.000000,0.000182,0.000000,0.000182,0.000182,0.000000,0.000000,0.000000,0.000000,0.000000,0.000000,0.000000,0.000000,0.000000,0.000000,0.000000,0.000000,0.000000,0.000000
continuing,3,0.000000,0.000000,0.000000,0.000000,0.000000,0.000000,0.000000,0.000182,0.000000,0.000182,0.000000,0.000000,0.000000,0.000000,0.000182,0.000000,0.000000,0.000000,0.000000,0.000000,0.000000,0.000000
conducting,3,0.000000,0.000000,0.000000,0.000000,0.000182,0.000000,0.000000,0.000000,0.000000,0.000000,0.000000,0.000000,0.000000,0.000000,0.000000,0.000000,0.000182,0.000000,0.000000,0.000000,0.000000,0.000000
comparing,3,0.000000,0.000000,0.000000,0.000000,0.000000,0.000000,0.000000,0.000000,0.000000,0.000000,0.000000,0.000000,0.000000,0.000000,0.000000,0.000000,0.000000,0.000365,0.000000,0.000000,0.000182,0.000000
circling,3,0.000000,0.000000,0.000000,0.000000,0.000182,0.000000,0.000000,0.000000,0.000000,0.000000,0.000000,0.000000,0.000182,0.000000,0.000000,0.000182,0.000000,0.000000,0.000000,0.000000,0.000000,0.000000
calling,3,0.000182,0.000000,0.000000,0.000000,0.000000,0.000000,0.000000,0.000000,0.000000,0.000182,0.000000,0.000182,0.000000,0.000000,0.000000,0.000000,0.000000,0.000000,0.000000,0.000000,0.000000,0.000000
buying,3,0.000000,0.000000,0.000000,0.000000,0.000365,0.000182,0.000000,0.000000,0.000000,0.000000,0.000000,0.000000,0.000000,0.000000,0.000000,0.000000,0.000000,0.000000,0.000000,0.000000,0.000000,0.000000
briefing,3,0.000000,0.000000,0.000000,0.000182,0.000182,0.000000,0.000182,0.000000,0.000000,0.000000,0.000000,0.000000,0.000000,0.000000,0.000000,0.000000,0.000000,0.000000,0.000000,0.000000,0.000000,0.000000
breaking,3,0.000000,0.000000,0.000000,0.000000,0.000000,0.000000,0.000000,0.000000,0.000000,0.000365,0.000000,0.000000,0.000000,0.000000,0.000000,0.000000,0.000000,0.000000,0.000000,0.000182,0.000000,0.000000
awaiting,3,0.000182,0.000000,0.000000,0.000000,0.000182,0.000000,0.000000,0.000000,0.000000,0.000000,0.000000,0.000000,0.000000,0.000000,0.000000,0.000000,0.000000,0.000000,0.000000,0.000000,0.000000,0.000000
assessing,3,0.000000,0.000000,0.000000,0.000000,0.000000,0.000000,0.000000,0.000182,0.000000,0.000000,0.000000,0.000000,0.000182,0.000000,0.000000,0.000000,0.000000,0.000000,0.000182,0.000000,0.000000,0.000000
approaching,3,0.000000,0.000000,0.000000,0.000000,0.000000,0.000000,0.000000,0.000365,0.000000,0.000000,0.000000,0.000000,0.000000,0.000000,0.000000,0.000000,0.000182,0.000000,0.000000,0.000000,0.000000,0.000000
affecting,3,0.000000,0.000000,0.000000,0.000000,0.000000,0.000000,0.000000,0.000365,0.000000,0.000000,0.000000,0.000000,0.000000,0.000182,0.000000,0.000000,0.000000,0.000000,0.000000,0.000000,0.000000,0.000000
