main engines,31,0.001080,0.001800,0.000360,0.000720,0.000720,0.001440,0.001800,0.000720,0.000000,0.000000,0.000000,0.000000,0.000720,0.000000,0.000360,0.001440,0.000000,0.000000,0.000000,0.000000,0.000000,0.000000
solar arrays,17,0.000000,0.000000,0.000000,0.000000,0.000360,0.000000,0.000000,0.000000,0.000720,0.000000,0.000000,0.000000,0.000000,0.000360,0.000360,0.001080,0.000000,0.000000,0.000000,0.002160,0.000360,0.000360
scientific experiments,11,0.000000,0.000000,0.000000,0.000000,0.000360,0.000000,0.000720,0.001080,0.000000,0.000360,0.000000,0.000000,0.000000,0.000360,0.000000,0.000000,0.000360,0.000000,0.000000,0.000360,0.000000,0.000000
general dynamics,9,0.001440,0.000000,0.000000,0.000360,0.000360,0.000000,0.001080,0.000000,0.000000,0.000000,0.000000,0.000000,0.000000,0.000000,0.000000,0.000000,0.000000,0.000000,0.000000,0.000000,0.000000,0.000000
spare parts,6,0.000000,0.000000,0.000000,0.000000,0.000000,0.000360,0.000000,0.000000,0.000000,0.000000,0.000000,0.000000,0.000000,0.000000,0.000000,0.000000,0.000000,0.000000,0.000000,0.000000,0.000000,0.000000
orbital sciences,6,0.000000,0.000000,0.000000,0.000360,0.000000,0.000000,0.000000,0.000720,0.000000,0.000000,0.000000,0.000000,0.000000,0.000000,0.000000,0.000000,0.000000,0.000360,0.000000,0.000000,0.000000,0.000720
new orleans,6,0.000360,0.000000,0.000000,0.000000,0.000000,0.000000,0.000000,0.000360,0.000000,0.000360,0.000000,0.000000,0.000000,0.000360,0.000000,0.000360,0.000360,0.000000,0.000000,0.000000,0.000000,0.000000
solar panels,5,0.000000,0.000000,0.000000,0.000000,0.000360,0.000000,0.000360,0.000360,0.000000,0.000000,0.000000,0.000720,0.000000,0.000000,0.000000,0.000000,0.000000,0.000000,0.000000,0.000000,0.000000,0.000000
national institutes,5,0.000000,0.000000,0.000000,0.000000,0.000000,0.000000,0.000000,0.001080,0.000000,0.000360,0.000000,0.000360,0.000000,0.000000,0.000000,0.000000,0.000000,0.000000,0.000000,0.000000,0.000000,0.000000
medical tests,5,0.000000,0.000000,0.000000,0.000000,0.000000,0.000720,0.000360,0.000360,0.000000,0.000000,0.000000,0.000360,0.000000,0.000000,0.000000,0.000000,0.000000,0.000000,0.000000,0.000000,0.000000,0.000000
fiscal years,5,0.000000,0.000000,0.000000,0.000000,0.000000,0.000360,0.000000,0.000000,0.000000,0.000000,0.000000,0.000000,0.000000,0.000000,0.000000,0.000360,0.000000,0.000720,0.000000,0.000360,0.000000,0.000000
critical recommendations,5,0.000000,0.000000,0.000000,0.000000,0.000000,0.000000,0.000000,0.000000,0.000000,0.000000,0.000000,0.000000,0.000000,0.000000,0.000000,0.000000,0.000000,0.000000,0.001800,0.000000,0.000000,0.000000
commercial programs,5,0.001800,0.000000,0.000000,0.000000,0.000000,0.000000,0.000000,0.000000,0.000000,0.000000,0.000000,0.000000,0.000000,0.000000,0.000000,0.000000,0.000000,0.000000,0.000000,0.000000,0.000000,0.000000
white sands,4,0.000360,0.000000,0.000000,0.000000,0.000000,0.000360,0.000000,0.000000,0.000000,0.000720,0.000000,0.000000,0.000000,0.000000,0.000000,0.000000,0.000000,0.000000,0.000000,0.000000,0.000000,0.000000
technical services,4,0.000000,0.000000,0.000000,0.000000,0.000360,0.000000,0.000000,0.000000,0.000000,0.000000,0.000000,0.000000,0.000720,0.000000,0.000000,0.000000,0.000360,0.000000,0.000000,0.000000,0.000000,0.000000
several months,4,0.000000,0.000000,0.000360,0.000000,0.000000,0.000360,0.000000,0.000000,0.000000,0.000000,0.000000,0.000000,0.000000,0.000000,0.000360,0.000000,0.000360,0.000000,0.000000,0.000000,0.000000,0.000000
secondary payloads,4,0.001080,0.000360,0.000000,0.000000,0.000000,0.000000,0.000000,0.000000,0.000000,0.000000,0.000000,0.000000,0.000000,0.000000,0.000000,0.000000,0.000000,0.000000,0.000000,0.000000,0.000000,0.000000
primary objectives,4,0.000000,0.000000,0.000000,0.000000,0.000000,0.000360,0.000000,0.000000,0.000000,0.000000,0.000000,0.000360,0.000000,0.000000,0.000000,0.000000,0.000000,0.000000,0.000720,0.000000,0.000000,0.000000
late 1990s,4,0.000000,0.000000,0.000000,0.000000,0.000360,0.000360,0.000000,0.000720,0.000000,0.000000,0.000000,0.000000,0.000000,0.000000,0.000000,0.000000,0.000000,0.000000,0.000000,0.000000,0.000000,0.000000
joint operations,4,0.000000,0.000000,0.000000,0.000000,0.000000,0.000000,0.000000,0.000000,0.000360,0.000000,0.000000,0.000000,0.000000,0.000000,0.000000,0.000720,0.000000,0.000000,0.000000,0.000360,0.000000,0.000000
international partners,4,0.000000,0.000000,0.000000,0.000000,0.000000,0.000000,0.000000,0.000360,0.000000,0.000000,0.000000,0.000000,0.000360,0.000000,0.000000,0.000360,0.000000,0.000000,0.000000,0.000360,0.000000,0.000000
high winds,4,0.000000,0.000000,0.000000,0.000360,0.000720,0.000000,0.000000,0.000000,0.000000,0.000000,0.000000,0.000000,0.000000,0.000000,0.000000,0.000000,0.000360,0.000000,0.000000,0.000000,0.000000,0.000000
external tanks,4,0.000000,0.000000,0.000000,0.000360,0.000000,0.000000,0.000000,0.000000,0.000000,0.000000,0.000000,0.000000,0.000000,0.000360,0.000000,0.000360,0.000000,0.000360,0.000000,0.000000,0.000000,0.000000
terrorist attacks,3,0.000000,0.000000,0.000000,0.000000,0.000000,0.000000,0.000000,0.000000,0.000000,0.000000,0.000000,0.000000,0.000000,0.000000,0.001080,0.000000,0.000000,0.000000,0.000000,0.000000,0.000000,0.000000
solar flares,3,0.000000,0.000000,0.000000,0.000000,0.000000,0.000360,0.000000,0.000360,0.000000,0.000000,0.000000,0.000000,0.000000,0.000000,0.000000,0.000000,0.000360,0.000000,0.000000,0.000000,0.000000,0.000000
small satellites,3,0.000000,0.000000,0.000000,0.000000,0.000000,0.000000,0.000000,0.000360,0.000000,0.000000,0.000000,0.000000,0.000000,0.000000,0.000000,0.000000,0.000000,0.000000,0.000000,0.000000,0.000000,0.000000
several days,3,0.000000,0.000000,0.000000,0.000000,0.000000,0.000360,0.000360,0.000000,0.000000,0.000000,0.000360,0.000000,0.000000,0.000000,0.000000,0.000000,0.000000,0.000000,0.000000,0.000000,0.000000,0.000000
robotic arms,3,0.000000,0.000000,0.000000,0.000000,0.000000,0.000000,0.000000,0.000000,0.000000,0.000000,0.000000,0.000000,0.000000,0.000000,0.000000,0.000360,0.000360,0.000000,0.000360,0.000000,0.000000,0.000000
public affairs,3,0.000000,0.000000,0.000000,0.000000,0.000000,0.000000,0.000000,0.000360,0.000000,0.000000,0.000000,0.000000,0.000000,0.000720,0.000000,0.000000,0.000000,0.000000,0.000000,0.000000,0.000000,0.000000
other experiments,3,0.000000,0.000000,0.000000,0.000360,0.000360,0.000360,0.000000,0.000000,0.000000,0.000000,0.000000,0.000000,0.000000,0.000000,0.000000,0.000000,0.000000,0.000000,0.000000,0.000000,0.000000,0.000000
other components,3,0.000000,0.000360,0.000000,0.000000,0.000000,0.000000,0.000000,0.000360,0.000000,0.000000,0.000000,0.000000,0.000000,0.000000,0.000000,0.000360,0.000000,0.000000,0.000000,0.000000,0.000000,0.000000
other astronauts,3,0.000000,0.000000,0.000000,0.000000,0.000000,0.000000,0.000000,0.000000,0.000000,0.000000,0.000360,0.000360,0.000000,0.000000,0.000000,0.000000,0.000000,0.000000,0.000360,0.000000,0.000000,0.000000
new policies,3,0.001080,0.000000,0.000000,0.000000,0.000000,0.000000,0.000000,0.000000,0.000000,0.000000,0.000000,0.000000,0.000000,0.000000,0.000000,0.000000,0.000000,0.000000,0.000000,0.000000,0.000000,0.000000
national aeronautics,3,0.000000,0.000000,0.000000,0.000000,0.000360,0.000000,0.000000,0.000000,0.000000,0.000000,0.000000,0.000000,0.000000,0.000000,0.000000,0.000000,0.000000,0.000360,0.000000,0.000000,0.000000,0.000360
military officers,3,0.000360,0.000000,0.000000,0.000000,0.000000,0.000360,0.000000,0.000360,0.000000,0.000000,0.000000,0.000000,0.000000,0.000000,0.000000,0.000000,0.000000,0.000000,0.000000,0.000000,0.000000,0.000000
major problems,3,0.000000,0.000000,0.000000,0.000000,0.000000,0.000360,0.000360,0.000000,0.000000,0.000000,0.000000,0.000000,0.000000,0.000000,0.000000,0.000000,0.000000,0.000360,0.000000,0.000000,0.000000,0.000000
major media,3,0.000000,0.000000,0.000000,0.000000,0.000000,0.000000,0.000000,0.000000,0.000000,0.000000,0.000000,0.000000,0.000000,0.000000,0.000000,0.000360,0.000000,0.000360,0.000360,0.000000,0.000000,0.000000
international corporation's,3,0.000000,0.000000,0.000000,0.000000,0.000720,0.000360,0.000000,0.000000,0.000000,0.000000,0.000000,0.000000,0.000000,0.000000,0.000000,0.000000,0.000000,0.000000,0.000000,0.000000,0.000000,0.000000
great observatories,3,0.000000,0.000360,0.000000,0.000000,0.000000,0.000720,0.000000,0.000000,0.000000,0.000000,0.000000,0.000000,0.000000,0.000000,0.000000,0.000000,0.000000,0.000000,0.000000,0.000000,0.000000,0.000000
few days,3,0.000000,0.000000,0.000000,0.000000,0.000360,0.000720,0.000000,0.000000,0.000000,0.000000,0.000000,0.000000,0.000000,0.000000,0.000000,0.000000,0.000000,0.000000,0.000000,0.000000,0.000000,0.000000
distant galaxies,3,0.000000,0.000000,0.000000,0.000000,0.000000,0.000000,0.000360,0.000000,0.000000,0.000000,0.000000,0.000000,0.000000,0.000000,0.000000,0.000360,0.000360,0.000000,0.000000,0.000000,0.000000,0.000000
cosmic rays,3,0.000000,0.000000,0.000000,0.000000,0.000000,0.000360,0.000000,0.000720,0.000000,0.000000,0.000000,0.000000,0.000000,0.000000,0.000000,0.000000,0.000000,0.000000,0.000000,0.000000,0.000000,0.000000
black holes,3,0.000000,0.000360,0.000000,0.000360,0.000000,0.000000,0.000000,0.000000,0.000000,0.000000,0.000000,0.000000,0.000000,0.000360,0.000000,0.000000,0.000000,0.000000,0.000000,0.000000,0.000000,0.000000
