two years,22,0.000407,0.000000,0.000407,0.000000,0.000814,0.000000,0.001629,0.001629,0.000407,0.000000,0.000000,0.001222,0.000407,0.001222,0.000407,0.000000,0.000000,0.000000,0.000000,0.000000,0.000407,0.000000
three years,9,0.000000,0.000000,0.000000,0.000407,0.000000,0.000814,0.000000,0.000814,0.000000,0.000000,0.000000,0.000407,0.000814,0.000000,0.000000,0.000407,0.000000,0.000000,0.000000,0.000000,0.000000,0.000000
four years,9,0.000000,0.000000,0.000000,0.000000,0.000000,0.000000,0.000000,0.000814,0.000000,0.000000,0.000407,0.000407,0.000000,0.000814,0.000000,0.000407,0.000407,0.000000,0.000000,0.000000,0.000407,0.000000
10 years,9,0.000000,0.000000,0.000000,0.000000,0.000000,0.000407,0.000000,0.001629,0.000000,0.000000,0.000407,0.000000,0.000000,0.000814,0.000000,0.000000,0.000000,0.000000,0.000000,0.000000,0.000000,0.000000
20 years,7,0.000000,0.000000,0.000000,0.000000,0.000407,0.000000,0.000000,0.000000,0.000000,0.000000,0.000407,0.000814,0.000000,0.001222,0.000000,0.000000,0.000000,0.000000,0.000000,0.000000,0.000000,0.000000
three days,6,0.000000,0.000000,0.000000,0.000000,0.000000,0.000000,0.000407,0.000407,0.000000,0.000407,0.000814,0.000000,0.000000,0.000000,0.000000,0.000000,0.000407,0.000000,0.000000,0.000000,0.000000,0.000000
30 years,6,0.000000,0.000000,0.000000,0.000407,0.000407,0.000407,0.000000,0.000814,0.000000,0.000000,0.000000,0.000000,0.000000,0.000000,0.000000,0.000407,0.000000,0.000000,0.000000,0.000000,0.000000,0.000000
000 feet,6,0.000000,0.000000,0.000000,0.000000,0.000000,0.000000,0.000000,0.000000,0.000000,0.000407,0.000000,0.000000,0.000000,0.000000,0.000814,0.000000,0.000814,0.000407,0.000000,0.000000,0.000000,0.000000
two astronauts,5,0.000407,0.000000,0.000000,0.000000,0.000000,0.000000,0.000814,0.000000,0.000000,0.000407,0.000000,0.000407,0.000000,0.000000,0.000000,0.000000,0.000000,0.000000,0.000000,0.000000,0.000000,0.000000
four months,5,0.000000,0.000000,0.000000,0.000000,0.000407,0.000000,0.000000,0.000000,0.000000,0.000407,0.000814,0.000000,0.000000,0.000407,0.000000,0.000000,0.000000,0.000000,0.000000,0.000000,0.000000,0.000000
000 miles,5,0.000407,0.000407,0.000000,0.000000,0.000000,0.000407,0.000407,0.000000,0.000000,0.000000,0.000000,0.000000,0.000000,0.000000,0.000000,0.000407,0.000000,0.000000,0.000000,0.000000,0.000000,0.000000
two members,4,0.000407,0.000000,0.000000,0.000000,0.000407,0.000000,0.000000,0.000000,0.000000,0.000407,0.000407,0.000000,0.000000,0.000000,0.000000,0.000000,0.000000,0.000000,0.000000,0.000000,0.000000,0.000000
5 hours,4,0.000000,0.000000,0.000000,0.000000,0.000000,0.000000,0.000000,0.000000,0.000000,0.000407,0.000000,0.000000,0.000000,0.000000,0.000000,0.000000,0.000000,0.000000,0.000000,0.000000,0.001222,0.000000
15 years,4,0.000000,0.000000,0.000000,0.000000,0.000407,0.000000,0.000000,0.000407,0.000407,0.000000,0.000000,0.000000,0.000000,0.000000,0.000000,0.000000,0.000000,0.000000,0.000407,0.000000,0.000000,0.000000
two weeks,3,0.000000,0.000000,0.000000,0.000000,0.000000,0.000407,0.000000,0.000000,0.000000,0.000407,0.000000,0.000000,0.000000,0.000000,0.000407,0.000000,0.000000,0.000000,0.000000,0.000000,0.000000,0.000000
two satellites,3,0.000000,0.000000,0.000000,0.000000,0.000000,0.000000,0.000000,0.000000,0.000000,0.000000,0.000000,0.000407,0.000000,0.000000,0.000000,0.000000,0.000000,0.000000,0.000000,0.000407,0.000407,0.000000
two months,3,0.000000,0.000407,0.000000,0.000000,0.000407,0.000000,0.000000,0.000000,0.000000,0.000000,0.000000,0.000000,0.000000,0.000000,0.000000,0.000000,0.000000,0.000000,0.000000,0.000000,0.000000,0.000000
two men,3,0.000000,0.000000,0.000000,0.000000,0.000000,0.000000,0.000000,0.000000,0.000000,0.000407,0.000814,0.000000,0.000000,0.000000,0.000000,0.000000,0.000000,0.000000,0.000000,0.000000,0.000000,0.000000
two countries,3,0.000407,0.000000,0.000000,0.000000,0.000000,0.000407,0.000407,0.000000,0.000000,0.000000,0.000000,0.000000,0.000000,0.000000,0.000000,0.000000,0.000000,0.000000,0.000000,0.000000,0.000000,0.000000
two companies,3,0.000000,0.000000,0.000000,0.000000,0.000000,0.000000,0.000000,0.000407,0.000000,0.000814,0.000000,0.000000,0.000000,0.000000,0.000000,0.000000,0.000000,0.000000,0.000000,0.000000,0.000000,0.000000
three times,3,0.000000,0.000000,0.000000,0.000000,0.000000,0.000000,0.000407,0.000000,0.000000,0.000000,0.000000,0.000000,0.000000,0.000000,0.000000,0.000000,0.000814,0.000000,0.000000,0.000000,0.000000,0.000000
three months,3,0.000407,0.000000,0.000407,0.000000,0.000000,0.000000,0.000407,0.000000,0.000000,0.000000,0.000000,0.000000,0.000000,0.000000,0.000000,0.000000,0.000000,0.000000,0.000000,0.000000,0.000000,0.000000
three companies,3,0.000000,0.000000,0.000000,0.000000,0.000000,0.000000,0.000000,0.000000,0.000000,0.000407,0.000000,0.000000,0.000000,0.000814,0.000000,0.000000,0.000000,0.000000,0.000000,0.000000,0.000000,0.000000
four times,3,0.000000,0.000000,0.000000,0.000000,0.000407,0.000000,0.000000,0.000000,0.000000,0.000000,0.000000,0.000000,0.000000,0.000000,0.000000,0.000000,0.000000,0.000000,0.000407,0.000000,0.000000,0.000000
500 people,3,0.000000,0.000000,0.000000,0.000000,0.000407,0.000000,0.000000,0.000407,0.000000,0.000000,0.000000,0.000000,0.000000,0.000000,0.000000,0.000000,0.000000,0.000000,0.000000,0.000000,0.000000,0.000407
500 miles,3,0.000000,0.000000,0.000000,0.000000,0.000000,0.000000,0.000000,0.000000,0.000000,0.000407,0.000000,0.000000,0.000000,0.000000,0.000000,0.000000,0.000407,0.000000,0.000407,0.000000,0.000000,0.000000
5 years,3,0.000407,0.000407,0.000000,0.000407,0.000000,0.000000,0.000000,0.000000,0.000000,0.000000,0.000000,0.000000,0.000000,0.000000,0.000000,0.000000,0.000000,0.000000,0.000000,0.000000,0.000000,0.000000
40 years,3,0.000000,0.000000,0.000000,0.000000,0.000000,0.000000,0.000000,0.000407,0.000000,0.000407,0.000000,0.000000,0.000000,0.000000,0.000407,0.000000,0.000000,0.000000,0.000000,0.000000,0.000000,0.000000
30 minutes,3,0.000000,0.000000,0.000000,0.000000,0.000000,0.000000,0.000000,0.000000,0.000000,0.000000,0.000000,0.000407,0.000407,0.000000,0.000000,0.000000,0.000000,0.000000,0.000000,0.000000,0.000407,0.000000
24 hours,3,0.000000,0.000000,0.000000,0.000000,0.000000,0.000000,0.000000,0.000000,0.000000,0.000000,0.000000,0.000000,0.000000,0.000814,0.000000,0.000407,0.000000,0.000000,0.000000,0.000000,0.000000,0.000000
200 miles,3,0.000000,0.000000,0.000000,0.000000,0.000000,0.000000,0.000000,0.000814,0.000000,0.000000,0.000000,0.000000,0.000000,0.000000,0.000000,0.000000,0.000000,0.000407,0.000000,0.000000,0.000000,0.000000
2 hours,3,0.000000,0.000000,0.000000,0.000000,0.000000,0.000000,0.000000,0.000000,0.000000,0.000407,0.000000,0.000000,0.000407,0.000000,0.000000,0.000000,0.000000,0.000000,0.000000,0.000000,0.000407,0.000000
10 days,3,0.000000,0.000000,0.000000,0.000000,0.000000,0.000407,0.000000,0.000000,0.000000,0.000000,0.000000,0.000000,0.000000,0.000407,0.000000,0.000000,0.000000,0.000000,0.000000,0.000000,0.000000,0.000407
000 pounds,3,0.000000,0.000000,0.000000,0.000000,0.000000,0.000000,0.000000,0.000814,0.000000,0.000000,0.000407,0.000000,0.000000,0.000000,0.000000,0.000000,0.000000,0.000000,0.000000,0.000000,0.000000,0.000000
000 employees,3,0.000000,0.000000,0.000000,0.000000,0.000000,0.000000,0.000407,0.000000,0.000000,0.000407,0.000407,0.000000,0.000000,0.000000,0.000000,0.000000,0.000000,0.000000,0.000000,0.000000,0.000000,0.000000
