the space,353,0.010181,0.003665,0.002036,0.006109,0.016290,0.016697,0.015475,0.021991,0.002851,0.003258,0.000814,0.006109,0.004480,0.003665,0.006516,0.002443,0.006923,0.004887,0.001629,0.001629,0.002036,0.001629
the iss,199,0.000000,0.000000,0.000000,0.000000,0.000000,0.000000,0.000000,0.000000,0.000000,0.001629,0.002851,0.006109,0.000814,0.006923,0.014661,0.008959,0.008959,0.006923,0.002851,0.006109,0.006109,0.005294
the first,142,0.004072,0.000814,0.001222,0.000407,0.003258,0.004072,0.001629,0.004887,0.000814,0.005294,0.001629,0.005701,0.002036,0.003665,0.001222,0.001629,0.003258,0.002036,0.002036,0.002443,0.001629,0.002443
the shuttle,105,0.000814,0.002443,0.000814,0.002036,0.002851,0.002851,0.002036,0.000814,0.000000,0.009367,0.004072,0.002443,0.000407,0.002036,0.000814,0.000814,0.004887,0.000407,0.000814,0.000407,0.001222,0.000000
the russian,77,0.000407,0.000000,0.000000,0.000000,0.000000,0.003258,0.002036,0.006109,0.001222,0.004887,0.003665,0.002443,0.000407,0.000814,0.002036,0.000814,0.000814,0.000407,0.000000,0.001222,0.000000,0.000814
the mission,67,0.000407,0.000407,0.000000,0.000407,0.000407,0.001222,0.001629,0.002443,0.000814,0.002036,0.003258,0.000000,0.000814,0.002851,0.000814,0.000000,0.001629,0.000814,0.002443,0.001629,0.002036,0.001222
the nasa,58,0.002443,0.002036,0.000814,0.000407,0.002851,0.002851,0.000814,0.003665,0.000407,0.000000,0.000000,0.000000,0.000000,0.000407,0.000000,0.001222,0.000000,0.000814,0.000814,0.000407,0.000407,0.002851
the program,57,0.000407,0.000814,0.000000,0.000000,0.002851,0.001629,0.002036,0.003665,0.000814,0.000814,0.001629,0.002443,0.000407,0.001629,0.000000,0.000407,0.002036,0.000000,0.000000,0.000407,0.001222,0.000000
the office,57,0.003258,0.001222,0.000407,0.001629,0.002036,0.000814,0.001629,0.003258,0.000000,0.000000,0.000000,0.001629,0.000000,0.001629,0.000407,0.002036,0.000814,0.000000,0.000814,0.000000,0.000814,0.000407
the launch,55,0.002036,0.002036,0.000000,0.000407,0.000814,0.000814,0.001222,0.002036,0.000407,0.001629,0.001629,0.000814,0.001629,0.001629,0.001629,0.001222,0.000407,0.000000,0.000000,0.000407,0.001222,0.000000
the crew,55,0.001629,0.000407,0.000000,0.000000,0.000000,0.001222,0.000814,0.000814,0.000000,0.003258,0.002036,0.001222,0.000000,0.002443,0.000407,0.000814,0.002036,0.002036,0.000407,0.001222,0.001222,0.000407
the house,53,0.000407,0.001222,0.000000,0.000407,0.003665,0.002036,0.002443,0.004887,0.000814,0.000000,0.000407,0.001222,0.000000,0.000000,0.000000,0.000407,0.000000,0.000000,0.000814,0.000814,0.000407,0.001629
the moon,47,0.000407,0.001629,0.000000,0.001629,0.001629,0.000000,0.000407,0.001629,0.000000,0.000000,0.000000,0.001222,0.000407,0.001222,0.000000,0.000000,0.000000,0.001222,0.001629,0.002851,0.000407,0.002036
the station,40,0.000407,0.000407,0.001629,0.000407,0.002851,0.001629,0.000407,0.002443,0.000407,0.001629,0.001222,0.000407,0.000407,0.000000,0.000814,0.000407,0.000000,0.000407,0.000000,0.000407,0.000000,0.000000
the cost,39,0.000407,0.000000,0.000000,0.000000,0.001629,0.000407,0.000814,0.003665,0.000814,0.001222,0.001629,0.002443,0.000407,0.000000,0.000000,0.000000,0.000814,0.000000,0.000407,0.000407,0.000814,0.000000
the report,38,0.000814,0.000000,0.000000,0.000000,0.002443,0.000407,0.001222,0.000814,0.000407,0.000407,0.001629,0.001222,0.000000,0.000814,0.000000,0.000814,0.000814,0.000814,0.000000,0.001222,0.001222,0.000000
the project,36,0.000814,0.000000,0.000000,0.000407,0.000814,0.000000,0.002851,0.002851,0.000407,0.001222,0.000814,0.001629,0.000407,0.000814,0.000407,0.000407,0.000407,0.000000,0.000407,0.000000,0.000000,0.000000
the craft,35,0.000000,0.000000,0.000407,0.000407,0.000407,0.000814,0.000407,0.000814,0.000000,0.000000,0.001222,0.000407,0.002851,0.002443,0.000814,0.000000,0.000407,0.000000,0.000814,0.000000,0.001222,0.000000
the future,33,0.000000,0.000000,0.000000,0.000000,0.002036,0.003258,0.000407,0.000000,0.000814,0.002443,0.000000,0.000814,0.000000,0.000000,0.000407,0.000814,0.000407,0.000000,0.000814,0.000407,0.000407,0.000407
the agreement,32,0.001629,0.000000,0.000814,0.000000,0.000814,0.000000,0.000000,0.001222,0.000407,0.000407,0.000814,0.000000,0.000407,0.000814,0.001222,0.000000,0.000814,0.000000,0.000407,0.000407,0.001629,0.000000
the agency,31,0.000000,0.000407,0.000814,0.001222,0.000000,0.002036,0.005294,0.001629,0.000814,0.000000,0.000000,0.000000,0.000000,0.000000,0.000000,0.000000,0.000000,0.000000,0.000000,0.000000,0.000000,0.000407
the appointment,30,0.000000,0.000000,0.001629,0.000000,0.001629,0.002036,0.000407,0.002036,0.000000,0.000814,0.000000,0.000000,0.000814,0.000407,0.000000,0.000000,0.001629,0.000000,0.000000,0.000000,0.000000,0.000814
the spacecraft,29,0.000000,0.001222,0.000000,0.000000,0.000814,0.000814,0.002036,0.001222,0.000407,0.000000,0.000407,0.000000,0.002036,0.000814,0.000000,0.000000,0.000000,0.000814,0.000000,0.000000,0.000407,0.000814
the hubble,27,0.000000,0.000000,0.000000,0.002036,0.000814,0.001222,0.001629,0.002443,0.000814,0.000000,0.000000,0.000814,0.000814,0.000407,0.000000,0.000000,0.000000,0.000000,0.000000,0.000000,0.000000,0.000000
a space,27,0.001222,0.000000,0.000000,0.000814,0.002036,0.001222,0.000407,0.002036,0.000814,0.000000,0.000000,0.000000,0.000000,0.000407,0.000000,0.000407,0.000814,0.000000,0.000814,0.000000,0.000000,0.000000
the end,26,0.000000,0.000407,0.000000,0.000000,0.000407,0.001629,0.000000,0.001222,0.000814,0.001629,0.000407,0.000407,0.000000,0.000000,0.000407,0.000407,0.000407,0.000000,0.000000,0.000814,0.000814,0.000000
the caib,26,0.000000,0.000000,0.000000,0.000000,0.000000,0.000000,0.000000,0.000000,0.000000,0.000000,0.000000,0.000000,0.000000,0.000000,0.000000,0.000000,0.009774,0.000000,0.000814,0.000000,0.000000,0.000000
the american,26,0.000407,0.000000,0.000000,0.000407,0.000814,0.001629,0.001629,0.001629,0.000000,0.000814,0.000407,0.000814,0.000000,0.000814,0.000000,0.000407,0.000000,0.000000,0.000407,0.000000,0.000000,0.000000
the mir,25,0.000407,0.000407,0.001222,0.000000,0.000814,0.000814,0.000407,0.000407,0.000814,0.002851,0.000814,0.000000,0.000000,0.000407,0.000814,0.000000,0.000000,0.000000,0.000000,0.000000,0.000000,0.000000
the apollo,25,0.000000,0.000407,0.000407,0.000814,0.000407,0.000407,0.000000,0.000407,0.000000,0.001629,0.000407,0.000407,0.000000,0.000814,0.001222,0.000000,0.000814,0.000407,0.000407,0.000000,0.000407,0.000814
the year,24,0.000000,0.000000,0.000000,0.000814,0.000814,0.001629,0.001629,0.002036,0.001629,0.000000,0.000000,0.000407,0.000000,0.000407,0.000000,0.000407,0.000000,0.000000,0.000000,0.000000,0.000000,0.000000
the time,24,0.000407,0.000000,0.000000,0.000000,0.000407,0.000000,0.000000,0.001222,0.000407,0.000814,0.001222,0.000407,0.000407,0.000407,0.000000,0.000407,0.000407,0.000000,0.000000,0.000000,0.002443,0.000814
the sun,24,0.000814,0.000814,0.000000,0.000407,0.000407,0.002851,0.000000,0.001222,0.000407,0.000000,0.000814,0.000000,0.000000,0.000000,0.000000,0.000407,0.000407,0.000814,0.000000,0.000000,0.000407,0.000000
the earth,24,0.000814,0.000407,0.000000,0.000814,0.001222,0.001222,0.000407,0.002036,0.001222,0.000000,0.000407,0.000407,0.000000,0.000000,0.000000,0.000000,0.000000,0.000000,0.000000,0.000000,0.000407,0.000000
the university,23,0.000000,0.001629,0.000000,0.000000,0.000407,0.000814,0.000407,0.002443,0.000000,0.000814,0.000000,0.000407,0.000407,0.000407,0.000000,0.000000,0.000407,0.000000,0.000000,0.000000,0.000407,0.000407
the senate,22,0.000814,0.000000,0.000000,0.000814,0.001222,0.001222,0.000814,0.000407,0.000000,0.000000,0.000407,0.000407,0.000000,0.000000,0.000000,0.000000,0.000814,0.000407,0.000000,0.000000,0.000407,0.000814
the columbia,22,0.000000,0.000000,0.000000,0.000000,0.000000,0.000000,0.000000,0.000000,0.000000,0.000000,0.000000,0.000000,0.000000,0.000000,0.000000,0.000000,0.005294,0.000814,0.000814,0.001222,0.000814,0.000000
the center,22,0.001222,0.000407,0.000000,0.000000,0.000407,0.000407,0.000407,0.002443,0.000000,0.000814,0.000000,0.000407,0.001222,0.000407,0.000000,0.000000,0.000814,0.000000,0.000000,0.000000,0.000000,0.000000
a mission,22,0.000000,0.000407,0.000407,0.000407,0.000000,0.001222,0.000407,0.000000,0.000000,0.000000,0.000814,0.000814,0.000814,0.000000,0.000000,0.000407,0.001222,0.000000,0.000000,0.000000,0.000407,0.000000
the development,21,0.000000,0.000814,0.000000,0.000000,0.000407,0.000407,0.000814,0.001222,0.000000,0.000407,0.000407,0.000000,0.001629,0.000000,0.000000,0.000407,0.000407,0.000407,0.000000,0.000407,0.000000,0.000407
a nasa,21,0.000407,0.000407,0.000000,0.000407,0.000000,0.000814,0.000814,0.001629,0.000000,0.000814,0.000814,0.000814,0.000000,0.000000,0.000000,0.000000,0.000000,0.000814,0.000000,0.000000,0.000407,0.000000
the ground,19,0.000407,0.001222,0.000407,0.000407,0.000814,0.000407,0.000407,0.001222,0.000000,0.000000,0.000000,0.000407,0.000814,0.000000,0.000814,0.000000,0.000000,0.000000,0.000000,0.000000,0.000407,0.000000
a series,19,0.001222,0.000000,0.000000,0.000000,0.000814,0.001222,0.000814,0.000000,0.000814,0.000407,0.000000,0.000407,0.000000,0.000814,0.000814,0.000000,0.000000,0.000000,0.000000,0.000000,0.000000,0.000000
the team,18,0.000000,0.000000,0.000000,0.000000,0.000000,0.000814,0.000407,0.000814,0.000407,0.000407,0.000407,0.000000,0.001222,0.001222,0.000000,0.000407,0.000814,0.000000,0.000000,0.000000,0.000000,0.000407
the selection,18,0.000000,0.000000,0.000407,0.000000,0.001629,0.000814,0.000407,0.001629,0.000000,0.000407,0.000407,0.000407,0.000000,0.000000,0.000000,0.000814,0.000407,0.000000,0.000000,0.000000,0.000000,0.000000
the second,18,0.000407,0.000814,0.000000,0.000000,0.001222,0.000407,0.000000,0.000814,0.000407,0.000407,0.000000,0.000407,0.000000,0.000407,0.000000,0.000407,0.000814,0.000000,0.000000,0.000000,0.000407,0.000000
the satellite,18,0.000407,0.000000,0.000000,0.000000,0.000407,0.000000,0.000407,0.000407,0.000407,0.001629,0.000000,0.000814,0.000000,0.002036,0.000000,0.000000,0.000000,0.000000,0.000407,0.000407,0.000000,0.000000
the loss,18,0.000000,0.000000,0.000407,0.000000,0.000000,0.000407,0.002036,0.000407,0.000000,0.000000,0.000000,0.000407,0.001629,0.000000,0.000407,0.000000,0.001629,0.000000,0.000000,0.000000,0.000000,0.000000
the hst,18,0.000000,0.000000,0.000000,0.000000,0.000000,0.000000,0.000000,0.000814,0.000000,0.000814,0.000000,0.000407,0.000000,0.000000,0.000407,0.000814,0.000000,0.000000,0.003258,0.000407,0.000000,0.000000
the budget,18,0.000407,0.000000,0.000000,0.000407,0.000407,0.000407,0.000814,0.000814,0.000407,0.000000,0.000814,0.001222,0.000000,0.000000,0.000000,0.000407,0.000000,0.000000,0.000000,0.001222,0.000000,0.000000
the boeing,18,0.000000,0.000000,0.000000,0.000000,0.000000,0.000000,0.001222,0.000000,0.000407,0.001222,0.000000,0.001629,0.000000,0.000814,0.000000,0.000000,0.001629,0.000000,0.000000,0.000000,0.000407,0.000000
the age,18,0.000000,0.000000,0.000000,0.000000,0.000000,0.000000,0.000000,0.000000,0.000000,0.000000,0.000407,0.000814,0.000814,0.000814,0.001222,0.000407,0.000000,0.000407,0.000000,0.000407,0.000407,0.000814
a year,18,0.000407,0.000407,0.000000,0.000000,0.000407,0.001222,0.001222,0.000814,0.000000,0.000000,0.000000,0.000407,0.000814,0.000000,0.000000,0.000407,0.000814,0.000000,0.000000,0.000000,0.000000,0.000000
a report,18,0.000407,0.000814,0.000000,0.000000,0.000000,0.000000,0.001222,0.000814,0.000000,0.000000,0.000407,0.000000,0.000000,0.000000,0.000407,0.001222,0.000407,0.000000,0.000000,0.000814,0.000000,0.000407
the rocket,17,0.000407,0.000407,0.000000,0.000407,0.000814,0.000000,0.000000,0.000814,0.000000,0.001629,0.000407,0.000000,0.000000,0.000000,0.000000,0.000000,0.000407,0.000000,0.000000,0.000814,0.000000,0.000814
the flight,17,0.000000,0.000814,0.000000,0.000000,0.000000,0.001629,0.000407,0.000407,0.000407,0.000407,0.000407,0.000407,0.000814,0.000000,0.000000,0.000000,0.000814,0.000000,0.000000,0.000000,0.000407,0.000000
the challenger,17,0.002851,0.000814,0.000814,0.000000,0.000407,0.000000,0.000000,0.000000,0.000000,0.001222,0.000000,0.000000,0.000000,0.000000,0.000000,0.000000,0.000814,0.000000,0.000000,0.000000,0.000000,0.000000
an agreement,17,0.000814,0.000000,0.000000,0.000000,0.000407,0.000814,0.000814,0.000407,0.000000,0.000000,0.000000,0.000000,0.000000,0.001222,0.000407,0.000000,0.000407,0.000000,0.000000,0.000407,0.000407,0.000407
the johnson,16,0.000407,0.000000,0.000000,0.000000,0.000000,0.001629,0.000814,0.002443,0.000407,0.000407,0.000000,0.000407,0.000000,0.000000,0.000000,0.000000,0.000000,0.000000,0.000000,0.000000,0.000000,0.000000
the clinton,16,0.000000,0.000000,0.000000,0.000000,0.000000,0.000000,0.003665,0.000407,0.000000,0.001222,0.000407,0.000000,0.000000,0.000407,0.000000,0.000407,0.000000,0.000000,0.000000,0.000000,0.000000,0.000000
the air,16,0.000814,0.000814,0.000000,0.000000,0.000407,0.000407,0.000407,0.000000,0.000000,0.000000,0.000407,0.000000,0.000814,0.000407,0.000000,0.000407,0.000407,0.000000,0.000000,0.001222,0.000000,0.000000
the use,14,0.001222,0.000000,0.000000,0.000000,0.000000,0.000407,0.000000,0.001629,0.000407,0.000000,0.000407,0.000000,0.000000,0.000000,0.000000,0.000814,0.000407,0.000000,0.000000,0.000000,0.000000,0.000407
the european,14,0.000407,0.000407,0.000000,0.000407,0.000407,0.000814,0.000000,0.002443,0.000407,0.000000,0.000000,0.000000,0.000000,0.000000,0.000000,0.000000,0.000000,0.000000,0.000407,0.000000,0.000000,0.000000
the design,14,0.000000,0.000000,0.000000,0.000814,0.000000,0.000000,0.000407,0.000407,0.000407,0.000000,0.000000,0.000814,0.000814,0.000000,0.000814,0.000000,0.000000,0.000000,0.000000,0.000000,0.000000,0.000814
the award,14,0.000000,0.000000,0.000000,0.000000,0.000407,0.001222,0.000000,0.000407,0.000000,0.001222,0.000000,0.000000,0.000000,0.000814,0.001629,0.000000,0.000000,0.000000,0.000000,0.000000,0.000000,0.000000
a member,14,0.000000,0.000000,0.000000,0.000000,0.000000,0.000407,0.000000,0.000814,0.000000,0.000814,0.000000,0.000814,0.000407,0.000814,0.000000,0.000000,0.000407,0.000000,0.000000,0.000000,0.000407,0.000407
the study,13,0.000407,0.000000,0.000000,0.000407,0.000000,0.000407,0.000407,0.000407,0.000000,0.000000,0.000000,0.000814,0.000000,0.000814,0.000407,0.000000,0.000000,0.000000,0.000000,0.000407,0.000407,0.000000
the plan,13,0.000407,0.000000,0.000000,0.000000,0.000000,0.000000,0.000407,0.000407,0.000000,0.001222,0.000814,0.000814,0.000000,0.000000,0.000814,0.000000,0.000407,0.000000,0.000000,0.000000,0.000000,0.000000
the panel,13,0.000000,0.000000,0.000000,0.000000,0.000000,0.000407,0.000407,0.000000,0.000000,0.000000,0.000407,0.001222,0.000000,0.000407,0.000000,0.000000,0.002036,0.000000,0.000407,0.000000,0.000000,0.000000
the kennedy,13,0.000000,0.001222,0.000407,0.000407,0.000814,0.000407,0.000814,0.000814,0.000407,0.000000,0.000000,0.000000,0.000000,0.000000,0.000000,0.000000,0.000000,0.000000,0.000000,0.000000,0.000000,0.000000
the construction,13,0.000000,0.000000,0.000000,0.000000,0.000407,0.000407,0.000407,0.000814,0.000000,0.000407,0.000407,0.000000,0.000000,0.000407,0.000407,0.000814,0.000000,0.000000,0.000000,0.000000,0.000407,0.000000
the committee,13,0.000000,0.000000,0.000000,0.000000,0.000814,0.000000,0.000000,0.001222,0.000000,0.000000,0.000000,0.000000,0.000000,0.000000,0.000000,0.000000,0.000000,0.000000,0.002036,0.000000,0.001222,0.000000
the board,13,0.000000,0.000000,0.000000,0.000000,0.000407,0.000407,0.000000,0.000000,0.000000,0.000000,0.000000,0.000000,0.000814,0.000000,0.000000,0.000000,0.003258,0.000000,0.000407,0.000000,0.000000,0.000000
the aerospace,13,0.000000,0.000000,0.000000,0.000000,0.000814,0.000407,0.000407,0.000814,0.000000,0.000814,0.000000,0.000000,0.000000,0.000407,0.000407,0.000000,0.000814,0.000000,0.000000,0.000000,0.000407,0.000000
an astronaut,13,0.000000,0.000000,0.000000,0.000407,0.000000,0.000000,0.000000,0.000000,0.000000,0.000814,0.000000,0.000407,0.000407,0.000000,0.000000,0.000407,0.000407,0.000407,0.000407,0.000000,0.000000,0.001222
an american,13,0.000407,0.000407,0.000000,0.000000,0.000000,0.001222,0.000000,0.000814,0.000000,0.000000,0.000814,0.000000,0.000000,0.000000,0.000407,0.000000,0.000000,0.000000,0.000000,0.000000,0.000000,0.000814
a result,13,0.000814,0.001222,0.000000,0.000000,0.002036,0.000000,0.000000,0.001222,0.000000,0.000000,0.000000,0.000000,0.000000,0.000000,0.000000,0.000000,0.000000,0.000000,0.000000,0.000000,0.000000,0.000000
the work,12,0.000000,0.000000,0.000000,0.000000,0.001629,0.000407,0.001222,0.000407,0.000814,0.000000,0.000000,0.000000,0.000000,0.000000,0.000000,0.000000,0.000407,0.000000,0.000000,0.000000,0.000000,0.000000
the third,12,0.000814,0.000000,0.000000,0.000000,0.000000,0.000407,0.000407,0.000814,0.000000,0.000814,0.000407,0.000000,0.000000,0.000407,0.000000,0.000000,0.000407,0.000000,0.000000,0.000000,0.000407,0.000000
the department,12,0.000000,0.000000,0.000000,0.000000,0.001222,0.000000,0.000407,0.001629,0.000000,0.000000,0.000000,0.000000,0.000000,0.000000,0.000814,0.000407,0.000000,0.000000,0.000000,0.000000,0.000000,0.000407
a team,12,0.000407,0.000000,0.000000,0.000000,0.000000,0.000407,0.001222,0.000407,0.000407,0.000407,0.000000,0.000407,0.000407,0.000000,0.000000,0.000000,0.000814,0.000000,0.000000,0.000000,0.000000,0.000000
a russian,12,0.000000,0.000000,0.000000,0.000000,0.000000,0.002036,0.000000,0.000000,0.000407,0.000407,0.000000,0.000000,0.000407,0.000000,0.000000,0.000000,0.000000,0.000407,0.000000,0.000407,0.000407,0.000407
the wake,11,0.000407,0.000407,0.000000,0.000000,0.000000,0.000407,0.000000,0.000407,0.000000,0.000000,0.000000,0.000000,0.000000,0.000407,0.000000,0.000000,0.001629,0.000407,0.000000,0.000407,0.000000,0.000000
the universe,11,0.000000,0.000000,0.000000,0.000407,0.000000,0.001222,0.000000,0.000407,0.000000,0.000814,0.000814,0.000000,0.000000,0.000407,0.000000,0.000000,0.000000,0.000000,0.000000,0.000407,0.000000,0.000000
the test,11,0.001222,0.000814,0.000000,0.000000,0.000000,0.000000,0.000000,0.000000,0.000000,0.000407,0.000000,0.000000,0.000000,0.000000,0.000407,0.000000,0.000000,0.000407,0.000000,0.000000,0.000814,0.000000
the system,11,0.000000,0.000407,0.000000,0.000000,0.000000,0.000000,0.000407,0.001629,0.000000,0.000407,0.000000,0.000000,0.000000,0.000000,0.000000,0.000407,0.000407,0.000000,0.000000,0.000000,0.000000,0.000000
the safety,11,0.000000,0.000000,0.000000,0.000000,0.000407,0.000407,0.000407,0.000407,0.000000,0.000000,0.000814,0.000407,0.000000,0.000000,0.000407,0.000000,0.000814,0.000000,0.000000,0.000407,0.000000,0.000000
the research,11,0.000000,0.000000,0.000000,0.000000,0.000000,0.000407,0.000000,0.000000,0.000407,0.000407,0.000000,0.000814,0.000814,0.000000,0.000000,0.001629,0.000000,0.000000,0.000000,0.000000,0.000000,0.000000
the problem,11,0.000000,0.000407,0.000000,0.000000,0.001222,0.000814,0.000407,0.000000,0.000000,0.000407,0.000407,0.000407,0.000000,0.000000,0.000000,0.000000,0.000407,0.000000,0.000000,0.000000,0.000000,0.000000
the probe,11,0.000000,0.000407,0.000000,0.000000,0.000000,0.000000,0.000407,0.000407,0.000407,0.000814,0.000000,0.000000,0.001222,0.000000,0.000000,0.000000,0.000000,0.000814,0.000000,0.000000,0.000000,0.000000
the possibility,11,0.000000,0.000000,0.000000,0.000000,0.000814,0.000814,0.000000,0.000000,0.000000,0.000000,0.000000,0.000407,0.000407,0.000814,0.000000,0.001222,0.000000,0.000000,0.000000,0.000000,0.000000,0.000000
the government,11,0.000000,0.000000,0.000000,0.000000,0.000407,0.000814,0.000000,0.001629,0.000407,0.000814,0.000000,0.000000,0.000000,0.000407,0.000407,0.000000,0.000000,0.000000,0.000000,0.000000,0.000000,0.000000
the galileo,11,0.000814,0.000000,0.000000,0.000407,0.000000,0.000407,0.000000,0.000000,0.000000,0.000814,0.000407,0.000407,0.001222,0.000000,0.000000,0.000000,0.000000,0.000000,0.000000,0.000000,0.000000,0.000000
the facility,11,0.000407,0.001222,0.000407,0.000000,0.000000,0.000000,0.000407,0.000000,0.000000,0.000000,0.000000,0.000000,0.001222,0.000000,0.000000,0.000000,0.000000,0.000000,0.000000,0.000407,0.000000,0.000407
the discovery,11,0.000407,0.000407,0.000000,0.000000,0.000000,0.000000,0.000407,0.000407,0.000407,0.000000,0.001629,0.000000,0.000000,0.000407,0.000000,0.000000,0.000000,0.000000,0.000000,0.000000,0.000407,0.000000
the science,10,0.000000,0.000000,0.000000,0.000000,0.000000,0.000000,0.000407,0.000000,0.000407,0.000000,0.000000,0.001629,0.000000,0.000814,0.000000,0.000000,0.000000,0.000000,0.000000,0.000000,0.000407,0.000407
the review,10,0.000000,0.000000,0.000000,0.000000,0.000000,0.000000,0.000407,0.001222,0.000000,0.000000,0.000000,0.000407,0.000407,0.000000,0.000000,0.000000,0.000000,0.000000,0.000000,0.000000,0.000814,0.000407
the president,10,0.000407,0.000407,0.000000,0.000000,0.000407,0.000000,0.000407,0.001222,0.000000,0.000000,0.000000,0.000000,0.000000,0.000000,0.000000,0.000000,0.000814,0.000000,0.000000,0.000407,0.000000,0.000000
the number,10,0.000000,0.000000,0.000000,0.000000,0.000407,0.000000,0.000814,0.000000,0.000407,0.000000,0.000000,0.000000,0.000000,0.000407,0.000000,0.000407,0.000000,0.000000,0.000407,0.000407,0.000814,0.000000
the nation,10,0.001629,0.000000,0.000000,0.000000,0.000000,0.000814,0.000814,0.000407,0.000000,0.000000,0.000000,0.000407,0.000000,0.000000,0.000000,0.000000,0.000000,0.000000,0.000000,0.000000,0.000000,0.000000
the jet,10,0.000000,0.000000,0.000000,0.000000,0.000000,0.000407,0.000814,0.001629,0.000814,0.000000,0.000000,0.000000,0.000000,0.000000,0.000407,0.000000,0.000000,0.000000,0.000000,0.000000,0.000000,0.000000
the group,10,0.000814,0.000000,0.000000,0.000407,0.000407,0.000407,0.000407,0.001222,0.000000,0.000000,0.000000,0.000000,0.000000,0.000000,0.000000,0.000000,0.000000,0.000000,0.000000,0.000000,0.000407,0.000000
the event,10,0.000000,0.000814,0.000000,0.000000,0.000000,0.000000,0.000000,0.000000,0.000000,0.000814,0.000407,0.000000,0.000407,0.000407,0.000407,0.000000,0.000407,0.000000,0.000000,0.000407,0.000000,0.000000
the change,10,0.000407,0.000000,0.000000,0.000000,0.000000,0.000000,0.000000,0.000407,0.000000,0.001222,0.000814,0.000000,0.000407,0.000000,0.000000,0.000814,0.000000,0.000000,0.000000,0.000000,0.000000,0.000000
the astronaut,10,0.000000,0.000000,0.000407,0.000000,0.000000,0.000000,0.000407,0.000000,0.000407,0.000000,0.000000,0.000814,0.000000,0.000000,0.000000,0.000407,0.000407,0.000000,0.000000,0.000000,0.000814,0.000000
the administration,10,0.000000,0.000814,0.000000,0.000000,0.000407,0.000814,0.001222,0.000407,0.000000,0.000000,0.000000,0.000000,0.000000,0.000000,0.000000,0.000000,0.000000,0.000000,0.000000,0.000000,0.000000,0.000407
a statement,10,0.000407,0.000000,0.000000,0.000000,0.000814,0.000000,0.000000,0.001629,0.000407,0.000000,0.000000,0.000000,0.000000,0.000000,0.000000,0.000000,0.000407,0.000000,0.000000,0.000000,0.000000,0.000407
a number,10,0.000407,0.000000,0.000000,0.000000,0.001222,0.000407,0.000814,0.000814,0.000407,0.000000,0.000000,0.000000,0.000000,0.000000,0.000000,0.000000,0.000000,0.000000,0.000000,0.000000,0.000000,0.000000
a letter,10,0.000000,0.000000,0.000000,0.000000,0.001222,0.000407,0.000814,0.000814,0.000000,0.000000,0.000000,0.000000,0.000000,0.000000,0.000407,0.000407,0.000000,0.000000,0.000000,0.000000,0.000000,0.000000
a crew,10,0.000407,0.000000,0.000000,0.000000,0.000000,0.000407,0.000000,0.000407,0.000000,0.000407,0.000000,0.000814,0.000000,0.000000,0.000000,0.000814,0.000000,0.000000,0.000407,0.000000,0.000407,0.000000
the world,9,0.000000,0.000407,0.000000,0.000407,0.000000,0.001629,0.000407,0.000407,0.000000,0.000407,0.000000,0.000000,0.000000,0.000000,0.000000,0.000000,0.000000,0.000000,0.000000,0.000000,0.000000,0.000000
the way,9,0.000000,0.000000,0.000000,0.000000,0.000814,0.000407,0.001222,0.000407,0.000000,0.000407,0.000000,0.000000,0.000000,0.000000,0.000000,0.000000,0.000000,0.000000,0.000407,0.000000,0.000407,0.000000
the vision,9,0.000000,0.000000,0.000000,0.000000,0.000000,0.000000,0.000000,0.000000,0.000000,0.000000,0.000000,0.000000,0.000000,0.000000,0.000000,0.000000,0.000000,0.000814,0.001629,0.000814,0.000407,0.000000
the vehicle,9,0.000000,0.000814,0.000000,0.000000,0.000000,0.000000,0.000000,0.000000,0.000000,0.000814,0.000000,0.000000,0.000407,0.000407,0.000000,0.000000,0.000407,0.000814,0.000000,0.000000,0.000000,0.000000
the task,9,0.000000,0.000000,0.000000,0.000000,0.000000,0.000000,0.000000,0.000000,0.000000,0.000000,0.000000,0.000407,0.000000,0.000000,0.000814,0.000814,0.000000,0.000000,0.001222,0.000000,0.000407,0.000000
the surface,9,0.000000,0.000000,0.000000,0.000000,0.000814,0.000000,0.000000,0.000407,0.000000,0.000407,0.000407,0.000407,0.000407,0.000000,0.000407,0.000407,0.000000,0.000000,0.000000,0.000000,0.000000,0.000000
the planet,9,0.000000,0.000000,0.000000,0.000000,0.000407,0.000000,0.000814,0.000407,0.000000,0.000407,0.000000,0.000000,0.000814,0.000000,0.000000,0.000000,0.000000,0.000814,0.000000,0.000000,0.000000,0.000000
the ozone,9,0.000407,0.000000,0.000000,0.000000,0.000000,0.000000,0.000000,0.001629,0.000000,0.000000,0.000000,0.000000,0.000000,0.001629,0.000000,0.000000,0.000000,0.000000,0.000000,0.000000,0.000000,0.000000
the italian,9,0.000000,0.000000,0.000000,0.000000,0.000407,0.000000,0.000000,0.001629,0.000000,0.000000,0.000000,0.000000,0.000000,0.000000,0.001222,0.000000,0.000000,0.000407,0.000000,0.000000,0.000000,0.000000
the field,9,0.000407,0.000000,0.000000,0.000407,0.000000,0.000000,0.000000,0.000407,0.000407,0.000407,0.000407,0.000000,0.000407,0.000000,0.000000,0.000000,0.000000,0.000000,0.000000,0.000000,0.000000,0.000407
the fact,9,0.000000,0.000000,0.000000,0.000000,0.000000,0.000000,0.000000,0.001629,0.000000,0.000000,0.000407,0.000407,0.000407,0.000000,0.000407,0.000000,0.000000,0.000000,0.000407,0.000000,0.000000,0.000000
the esa,9,0.000814,0.000407,0.000000,0.000000,0.000000,0.000000,0.000000,0.000814,0.000000,0.000000,0.000000,0.000407,0.000000,0.000000,0.000000,0.000000,0.000000,0.000000,0.000814,0.000000,0.000407,0.000000
the director,9,0.000407,0.000814,0.000000,0.000000,0.000814,0.001222,0.000000,0.000000,0.000000,0.000000,0.000000,0.000000,0.000000,0.000000,0.000000,0.000000,0.000000,0.000000,0.000000,0.000000,0.000407,0.000000
the defense,9,0.000000,0.000000,0.000000,0.000000,0.000814,0.000000,0.000000,0.001629,0.000000,0.000000,0.000000,0.000000,0.000000,0.000000,0.000000,0.000000,0.000000,0.000000,0.000407,0.000407,0.000000,0.000000
the course,9,0.000000,0.000000,0.000000,0.000000,0.000000,0.000000,0.000000,0.000000,0.000000,0.000407,0.000407,0.000407,0.000000,0.000814,0.000000,0.000000,0.000000,0.000000,0.000000,0.000000,0.000814,0.000814
the company,9,0.000000,0.000000,0.000000,0.000000,0.000000,0.000407,0.000407,0.000407,0.000000,0.000814,0.000000,0.000000,0.000407,0.000814,0.000000,0.000000,0.000000,0.000000,0.000000,0.000000,0.000000,0.000407
an interview,9,0.000000,0.000000,0.000000,0.000000,0.001222,0.000407,0.000407,0.001222,0.000000,0.000000,0.000000,0.000000,0.000000,0.000407,0.000000,0.000000,0.000000,0.000000,0.000000,0.000000,0.000000,0.000000
a research,9,0.000814,0.000000,0.000000,0.000000,0.000000,0.000814,0.000000,0.000000,0.000407,0.000000,0.000000,0.000407,0.000000,0.000407,0.000000,0.000000,0.000407,0.000000,0.000407,0.000000,0.000000,0.000000
a plan,9,0.000000,0.000000,0.000000,0.000000,0.000407,0.000407,0.000407,0.001629,0.000000,0.000000,0.000000,0.000000,0.000000,0.000000,0.000000,0.000000,0.000407,0.000000,0.000407,0.000000,0.000000,0.000000
the washington,8,0.000000,0.000000,0.000000,0.000000,0.001222,0.000814,0.001222,0.000000,0.000000,0.000000,0.000000,0.000000,0.000000,0.000000,0.000000,0.000000,0.000000,0.000000,0.000000,0.000000,0.000000,0.000000
the telescope,8,0.000000,0.000000,0.000000,0.000814,0.000000,0.000000,0.000000,0.000000,0.000000,0.000000,0.000000,0.000000,0.000000,0.000407,0.000000,0.000407,0.000000,0.000000,0.000407,0.000000,0.000407,0.000000
the subcommittee,8,0.000000,0.000000,0.000000,0.000407,0.000000,0.000000,0.000814,0.000000,0.000000,0.000000,0.000000,0.000000,0.000000,0.000000,0.000000,0.001629,0.000000,0.000000,0.000000,0.000000,0.000000,0.000407
the redesign,8,0.000000,0.000000,0.000407,0.000407,0.000000,0.000000,0.002036,0.000000,0.000000,0.000000,0.000000,0.000000,0.000000,0.000000,0.000407,0.000000,0.000000,0.000000,0.000000,0.000000,0.000000,0.000000
the quality,8,0.000407,0.000000,0.000000,0.000000,0.000000,0.000407,0.000407,0.000000,0.000407,0.000814,0.000000,0.000000,0.000407,0.000000,0.000000,0.000407,0.000000,0.000000,0.000000,0.000000,0.000000,0.000000
the position,8,0.000407,0.000000,0.000000,0.000000,0.000000,0.000407,0.000407,0.000000,0.000000,0.000000,0.000000,0.000407,0.000000,0.000814,0.000000,0.000000,0.000000,0.000000,0.000000,0.000000,0.000814,0.000000
the orion,8,0.000000,0.000000,0.000000,0.000000,0.000000,0.000000,0.000000,0.000407,0.000000,0.000000,0.000000,0.000000,0.000000,0.000407,0.000000,0.000000,0.000000,0.000000,0.000000,0.000000,0.001629,0.000000
the orbiter,8,0.000000,0.000407,0.000000,0.000407,0.000407,0.000000,0.000000,0.000407,0.000000,0.000000,0.000000,0.000000,0.000000,0.000000,0.000000,0.000000,0.000407,0.000407,0.000000,0.000000,0.000814,0.000000
the name,8,0.000000,0.001629,0.000000,0.000000,0.000407,0.000000,0.000000,0.000000,0.000000,0.000000,0.000000,0.000407,0.000407,0.000000,0.000000,0.000000,0.000000,0.000407,0.000000,0.000000,0.000000,0.000000
the mercury,8,0.000000,0.000000,0.000000,0.000000,0.000000,0.000000,0.000000,0.000000,0.000000,0.000000,0.000000,0.000407,0.000000,0.000814,0.001629,0.000000,0.000000,0.000000,0.000000,0.000000,0.000407,0.000000
the gemini,8,0.000407,0.000000,0.000000,0.000000,0.000000,0.000000,0.000000,0.000000,0.000000,0.001629,0.000000,0.000000,0.000000,0.000000,0.000814,0.000000,0.000000,0.000000,0.000000,0.000000,0.000407,0.000000
the exploration,8,0.000000,0.000000,0.000000,0.000000,0.000000,0.000407,0.000000,0.000000,0.000000,0.000000,0.000000,0.000000,0.000000,0.001222,0.000000,0.000000,0.000000,0.000000,0.000407,0.000407,0.000407,0.000407
the establishment,8,0.000000,0.000407,0.000000,0.000814,0.000000,0.000000,0.000407,0.000407,0.000000,0.000407,0.000000,0.000407,0.000000,0.000407,0.000000,0.000000,0.000000,0.000000,0.000000,0.000000,0.000000,0.000000
the cause,8,0.000407,0.000000,0.000000,0.000000,0.000000,0.000000,0.000000,0.000000,0.000000,0.000814,0.000000,0.000000,0.000814,0.000407,0.000407,0.000000,0.000000,0.000000,0.000000,0.000000,0.000000,0.000407
the administrator,8,0.000000,0.000407,0.000000,0.000000,0.000000,0.001222,0.000407,0.000000,0.000000,0.000000,0.000000,0.000000,0.000407,0.000407,0.000000,0.000000,0.000000,0.000000,0.000407,0.000000,0.000000,0.000000
a news,8,0.000000,0.000000,0.000000,0.000000,0.000814,0.000407,0.000407,0.000407,0.000000,0.000000,0.000407,0.000407,0.000000,0.000000,0.000000,0.000000,0.000407,0.000000,0.000000,0.000000,0.000000,0.000000
the x-33,7,0.000000,0.000000,0.000000,0.000000,0.000000,0.000000,0.000000,0.000000,0.000407,0.000000,0.000000,0.000000,0.000814,0.000000,0.001629,0.000000,0.000000,0.000000,0.000000,0.000000,0.000000,0.000000
the search,7,0.000000,0.000000,0.000000,0.000407,0.000000,0.000814,0.000000,0.001222,0.000000,0.000000,0.000000,0.000000,0.000000,0.000000,0.000407,0.000000,0.000000,0.000000,0.000000,0.000000,0.000000,0.000000
the request,7,0.000000,0.000000,0.000407,0.000000,0.000000,0.000407,0.000000,0.000000,0.000000,0.000000,0.000814,0.000407,0.000000,0.000000,0.000000,0.000000,0.000000,0.000000,0.000000,0.000000,0.000000,0.000814
the post,7,0.000000,0.000000,0.000000,0.000000,0.000407,0.000000,0.000000,0.000814,0.000000,0.000407,0.000000,0.000000,0.000000,0.000000,0.000000,0.000407,0.000000,0.000407,0.000407,0.000000,0.000000,0.000000
the launchpad,7,0.000000,0.000000,0.000000,0.000000,0.000000,0.000000,0.000000,0.000407,0.000000,0.001222,0.000000,0.000000,0.000407,0.000407,0.000000,0.000000,0.000407,0.000000,0.000000,0.000000,0.000000,0.000000
the japanese,7,0.000000,0.000000,0.000407,0.000000,0.000000,0.000000,0.000407,0.000814,0.000000,0.000000,0.000000,0.000000,0.000000,0.000000,0.000000,0.000000,0.000000,0.000000,0.000000,0.000000,0.000407,0.000814
the german,7,0.000000,0.000000,0.000000,0.000000,0.000000,0.000000,0.000407,0.001222,0.000000,0.000000,0.000000,0.000000,0.000000,0.000407,0.000000,0.000000,0.000000,0.000000,0.000814,0.000000,0.000000,0.000000
the fy,7,0.000000,0.000000,0.000000,0.000000,0.000407,0.000000,0.000000,0.000000,0.000000,0.000000,0.000000,0.000407,0.000407,0.000000,0.000000,0.000407,0.000000,0.000000,0.000000,0.000407,0.000407,0.000407
the foam,7,0.000000,0.000000,0.000000,0.000000,0.000000,0.000000,0.000000,0.000000,0.000000,0.000000,0.000000,0.000000,0.000000,0.000000,0.000000,0.000000,0.002036,0.000000,0.000000,0.000000,0.000407,0.000407
the failure,7,0.000000,0.000000,0.000000,0.000000,0.000000,0.000000,0.000407,0.000407,0.000000,0.000814,0.000000,0.000000,0.000407,0.000407,0.000000,0.000000,0.000407,0.000000,0.000000,0.000000,0.000000,0.000000
the decision,7,0.000814,0.000000,0.000000,0.000000,0.000000,0.000000,0.000000,0.001222,0.000000,0.000000,0.000000,0.000000,0.000000,0.000000,0.000000,0.000000,0.000000,0.000407,0.000407,0.000000,0.000000,0.000000
the country,7,0.000407,0.000000,0.000000,0.000000,0.000407,0.000407,0.000000,0.000407,0.000000,0.000407,0.000000,0.000000,0.000000,0.000000,0.000000,0.000000,0.000000,0.000000,0.000407,0.000000,0.000000,0.000000
the contract,7,0.000000,0.000000,0.000000,0.000000,0.000000,0.000814,0.000000,0.000407,0.000407,0.000814,0.000000,0.000000,0.000000,0.000407,0.000000,0.000000,0.000000,0.000000,0.000000,0.000000,0.000000,0.000000
the ceremony,7,0.000000,0.000000,0.000814,0.000000,0.001629,0.000000,0.000000,0.000000,0.000000,0.000407,0.000000,0.000000,0.000000,0.000000,0.000000,0.000000,0.000000,0.000000,0.000000,0.000000,0.000000,0.000000
the cassini,7,0.000000,0.000000,0.000000,0.000000,0.000000,0.000000,0.000000,0.002036,0.000407,0.000000,0.000407,0.000000,0.000000,0.000000,0.000000,0.000000,0.000000,0.000000,0.000000,0.000000,0.000000,0.000000
the canadian,7,0.000407,0.000000,0.000000,0.000000,0.000000,0.000000,0.000000,0.000814,0.000000,0.000000,0.000000,0.000407,0.000000,0.000000,0.000814,0.000407,0.000000,0.000000,0.000000,0.000000,0.000000,0.000000
the bush,7,0.000000,0.000000,0.000000,0.000000,0.000407,0.001629,0.000000,0.000000,0.000000,0.000000,0.000000,0.000000,0.000000,0.000000,0.000000,0.000000,0.000407,0.000000,0.000000,0.000407,0.000000,0.000000
the antenna,7,0.000000,0.000000,0.000000,0.000000,0.000407,0.000000,0.000000,0.000000,0.000000,0.002036,0.000000,0.000000,0.000000,0.000000,0.000000,0.000000,0.000000,0.000000,0.000000,0.000000,0.000407,0.000000
the amount,7,0.000000,0.000407,0.000000,0.000000,0.000407,0.000000,0.000000,0.000407,0.000407,0.000000,0.000407,0.000407,0.000000,0.000000,0.000000,0.000000,0.000000,0.000000,0.000000,0.000000,0.000407,0.000000
the accident,7,0.000000,0.000000,0.000000,0.000000,0.000000,0.000000,0.000000,0.000407,0.000000,0.000000,0.000000,0.000000,0.000407,0.000000,0.000407,0.000000,0.001222,0.000000,0.000000,0.000000,0.000407,0.000000
an article,7,0.000000,0.000000,0.000000,0.000000,0.001629,0.000000,0.000407,0.000814,0.000000,0.000000,0.000000,0.000000,0.000000,0.000000,0.000000,0.000000,0.000000,0.000000,0.000000,0.000000,0.000000,0.000000
a study,7,0.000000,0.000000,0.000000,0.000000,0.000000,0.000407,0.000407,0.000407,0.000000,0.000000,0.000000,0.000407,0.000000,0.000407,0.000000,0.000000,0.000000,0.000000,0.000000,0.000407,0.000407,0.000000
a speech,7,0.000000,0.000000,0.000000,0.000000,0.000000,0.000407,0.000814,0.001222,0.000000,0.000000,0.000000,0.000000,0.000000,0.000000,0.000000,0.000000,0.000000,0.000407,0.000000,0.000000,0.000000,0.000000
a spacewalk,7,0.000000,0.000000,0.000000,0.000000,0.000000,0.000000,0.000000,0.000000,0.000000,0.000000,0.000814,0.000407,0.000000,0.000407,0.000000,0.000000,0.000407,0.000000,0.000000,0.000814,0.000000,0.000000
a problem,7,0.000000,0.000000,0.000000,0.000000,0.000000,0.000000,0.000407,0.000814,0.000000,0.000407,0.000407,0.000000,0.000000,0.000407,0.000000,0.000000,0.000000,0.000407,0.000000,0.000000,0.000000,0.000000
the vice,6,0.000000,0.000000,0.000000,0.000407,0.000000,0.000000,0.000000,0.001629,0.000000,0.000000,0.000407,0.000000,0.000000,0.000000,0.000000,0.000000,0.000000,0.000000,0.000000,0.000000,0.000000,0.000000
the start,6,0.000000,0.000000,0.000000,0.000000,0.000407,0.000000,0.000000,0.000000,0.000000,0.000407,0.000407,0.000000,0.000407,0.000000,0.000000,0.000000,0.000000,0.000000,0.000000,0.000000,0.000000,0.000000
the size,6,0.000000,0.000000,0.000000,0.000000,0.000407,0.000000,0.000000,0.000000,0.000000,0.000814,0.000000,0.000000,0.000000,0.000407,0.000000,0.000407,0.000407,0.000000,0.000000,0.000000,0.000000,0.000000
the return,6,0.000000,0.000000,0.000407,0.000000,0.000000,0.000000,0.000000,0.000407,0.000000,0.000814,0.000407,0.000000,0.000000,0.000000,0.000000,0.000000,0.000000,0.000000,0.000000,0.000000,0.000407,0.000000
the resignation,6,0.000000,0.000000,0.000000,0.000000,0.000407,0.000000,0.000000,0.000000,0.000000,0.000000,0.000000,0.000000,0.000407,0.000000,0.000000,0.000000,0.000814,0.000000,0.000000,0.000000,0.000000,0.000814
the plane,6,0.000000,0.000000,0.000000,0.000000,0.000000,0.000000,0.000407,0.000814,0.000000,0.000814,0.000000,0.000000,0.000000,0.000000,0.000407,0.000000,0.000000,0.000000,0.000000,0.000000,0.000000,0.000000
the pin,6,0.000000,0.000000,0.000000,0.000000,0.000000,0.000000,0.000000,0.000000,0.000000,0.000000,0.000000,0.000000,0.000000,0.002443,0.000000,0.000000,0.000000,0.000000,0.000000,0.000000,0.000000,0.000000
the ocean,6,0.000000,0.000000,0.000000,0.000000,0.000407,0.000000,0.000000,0.000000,0.000000,0.000814,0.000000,0.000000,0.000000,0.000000,0.000407,0.000000,0.000000,0.000000,0.000000,0.000000,0.000407,0.000000
the marshall,6,0.000000,0.000407,0.000814,0.000000,0.000407,0.000000,0.000407,0.000407,0.000000,0.000000,0.000000,0.000000,0.000000,0.000000,0.000000,0.000000,0.000000,0.000000,0.000000,0.000000,0.000000,0.000000
the latter,6,0.000000,0.000407,0.000000,0.000000,0.000814,0.000407,0.000000,0.000407,0.000000,0.000000,0.000000,0.000000,0.000000,0.000407,0.000000,0.000000,0.000000,0.000000,0.000000,0.000000,0.000000,0.000000
the foundation,6,0.000000,0.000000,0.000000,0.000000,0.000000,0.000407,0.000000,0.000000,0.000407,0.000407,0.000000,0.000000,0.000000,0.000000,0.000814,0.000000,0.000407,0.000000,0.000000,0.000000,0.000000,0.000000
the dod,6,0.000000,0.000000,0.000000,0.000000,0.000000,0.000000,0.000000,0.000000,0.000000,0.000000,0.000000,0.000000,0.000000,0.000000,0.000000,0.001222,0.000000,0.000000,0.000000,0.001222,0.000000,0.000000
the creation,6,0.000000,0.000000,0.000000,0.000000,0.000814,0.000407,0.000000,0.000814,0.000000,0.000000,0.000000,0.000000,0.000000,0.000407,0.000000,0.000000,0.000000,0.000000,0.000000,0.000000,0.000000,0.000000
the conference,6,0.000000,0.000000,0.000000,0.000000,0.000000,0.000000,0.000407,0.000407,0.000000,0.000000,0.000407,0.000000,0.000000,0.000000,0.000407,0.000000,0.000000,0.000000,0.000000,0.000407,0.000000,0.000407
the cev,6,0.000000,0.000000,0.000000,0.000000,0.000000,0.000000,0.000000,0.000000,0.000000,0.000000,0.000000,0.000000,0.000000,0.000000,0.000000,0.000000,0.000000,0.000000,0.000000,0.001629,0.000000,0.000000
the atmosphere,6,0.000000,0.000000,0.000000,0.000407,0.000000,0.000407,0.000000,0.000000,0.000000,0.000000,0.000000,0.000407,0.000000,0.000000,0.000000,0.000407,0.000000,0.000407,0.000000,0.000000,0.000000,0.000000
the announcement,6,0.000000,0.000000,0.000000,0.000000,0.000000,0.000000,0.000000,0.000000,0.000000,0.000814,0.000000,0.000000,0.000407,0.000000,0.000407,0.000407,0.000000,0.000000,0.000000,0.000000,0.000407,0.000000
each year,6,0.000407,0.000000,0.000000,0.000407,0.000000,0.000000,0.000000,0.000407,0.000407,0.000000,0.000000,0.000000,0.000000,0.000000,0.000000,0.000000,0.000407,0.000000,0.000000,0.000000,0.000407,0.000000
an aerospace,6,0.000000,0.000000,0.000000,0.000000,0.000000,0.000000,0.000407,0.000000,0.000000,0.001222,0.000000,0.000407,0.000407,0.000000,0.000000,0.000000,0.000000,0.000000,0.000000,0.000000,0.000000,0.000000
a week,6,0.000000,0.000000,0.000000,0.000000,0.000000,0.000000,0.000407,0.000814,0.000000,0.000000,0.000000,0.000000,0.000000,0.000407,0.000000,0.000000,0.000407,0.000000,0.000000,0.000000,0.000000,0.000000
a test,6,0.000000,0.000407,0.000000,0.000000,0.000000,0.000407,0.000000,0.000407,0.000000,0.000000,0.000000,0.000000,0.000407,0.000000,0.000407,0.000000,0.000000,0.000000,0.000000,0.000000,0.000000,0.000000
a program,6,0.000000,0.000407,0.000000,0.000000,0.000000,0.000000,0.000000,0.000407,0.000000,0.000407,0.000000,0.000407,0.000000,0.000407,0.000407,0.000000,0.000000,0.000000,0.000000,0.000000,0.000000,0.000000
a panel,6,0.000000,0.000000,0.000000,0.001222,0.000000,0.000407,0.000000,0.000000,0.000000,0.000000,0.000000,0.000000,0.000407,0.000000,0.000000,0.000000,0.000000,0.000000,0.000000,0.000000,0.000000,0.000407
a memorandum,6,0.001222,0.000000,0.000000,0.000000,0.000407,0.000000,0.000407,0.000000,0.000000,0.000000,0.000000,0.000000,0.000000,0.000000,0.000000,0.000000,0.000000,0.000000,0.000000,0.000000,0.000000,0.000000
a group,6,0.000407,0.000000,0.000000,0.000407,0.000000,0.000000,0.000000,0.001222,0.000000,0.000000,0.000407,0.000000,0.000000,0.000000,0.000000,0.000000,0.000000,0.000000,0.000000,0.000000,0.000000,0.000000
a fuel,6,0.000000,0.000814,0.000000,0.000000,0.000814,0.000000,0.000000,0.000000,0.000000,0.000000,0.000407,0.000000,0.000000,0.000407,0.000000,0.000000,0.000000,0.000000,0.000000,0.000000,0.000000,0.000000
a flight,6,0.000000,0.000407,0.000000,0.000000,0.000407,0.000407,0.000000,0.000000,0.000000,0.000000,0.000000,0.000000,0.000407,0.000000,0.000000,0.000407,0.000407,0.000000,0.000000,0.000000,0.000000,0.000000
a contract,6,0.000407,0.000000,0.000000,0.000000,0.000407,0.000000,0.000000,0.000814,0.000407,0.000000,0.000000,0.000000,0.000000,0.000000,0.000000,0.000000,0.000000,0.000000,0.000000,0.000000,0.000407,0.000000
a comet,6,0.000000,0.000000,0.000000,0.000000,0.000407,0.000000,0.000000,0.000407,0.000814,0.000000,0.000000,0.000000,0.000814,0.000000,0.000000,0.000000,0.000000,0.000000,0.000000,0.000000,0.000000,0.000000
the success,5,0.000000,0.000000,0.000000,0.000000,0.000407,0.000000,0.000000,0.000000,0.000000,0.000000,0.000000,0.000000,0.000000,0.000000,0.000407,0.000000,0.000000,0.000000,0.000000,0.000000,0.000407,0.000407
the risk,5,0.000000,0.000407,0.000000,0.000000,0.000407,0.000000,0.000000,0.000000,0.000000,0.000000,0.000000,0.000000,0.000000,0.000407,0.000000,0.000000,0.000000,0.000407,0.000000,0.000407,0.000000,0.000000
the prize,5,0.000000,0.000000,0.000000,0.000000,0.000000,0.000000,0.000000,0.000000,0.000000,0.001222,0.000000,0.000000,0.000000,0.000000,0.000000,0.000000,0.000000,0.000000,0.000000,0.000000,0.000814,0.000000
the prince,5,0.000000,0.000000,0.000000,0.000000,0.000000,0.000000,0.000407,0.000000,0.000000,0.000000,0.000000,0.000000,0.000000,0.000000,0.001629,0.000000,0.000000,0.000000,0.000000,0.000000,0.000000,0.000000
the p6,5,0.000000,0.000000,0.000000,0.000000,0.000000,0.000000,0.000000,0.000000,0.000000,0.000000,0.000000,0.000000,0.000000,0.000000,0.000000,0.000000,0.000000,0.000000,0.000000,0.000000,0.002036,0.000000
the osp,5,0.000000,0.000000,0.000000,0.000000,0.000000,0.000000,0.000000,0.000000,0.000000,0.000000,0.000000,0.000000,0.000000,0.000000,0.000000,0.000000,0.002036,0.000000,0.000000,0.000000,0.000000,0.000000
the occasion,5,0.000000,0.000000,0.000000,0.000000,0.000407,0.000000,0.000000,0.000814,0.000000,0.000814,0.000000,0.000000,0.000000,0.000000,0.000000,0.000000,0.000000,0.000000,0.000000,0.000000,0.000000,0.000000
the navy,5,0.000000,0.000000,0.000000,0.000000,0.000000,0.000407,0.000000,0.000407,0.000000,0.000000,0.000000,0.000000,0.000407,0.000000,0.000407,0.000000,0.000407,0.000000,0.000000,0.000000,0.000000,0.000000
the management,5,0.000407,0.000407,0.000000,0.000000,0.000000,0.000000,0.000000,0.000000,0.000000,0.000000,0.000000,0.000000,0.000407,0.000000,0.000407,0.000000,0.000407,0.000000,0.000000,0.000000,0.000000,0.000000
the information,5,0.000000,0.000000,0.000000,0.000000,0.000000,0.000000,0.000000,0.000407,0.000000,0.000000,0.000000,0.000000,0.000000,0.000000,0.000000,0.000000,0.000407,0.000407,0.000000,0.000000,0.000000,0.000000
the impact,5,0.000000,0.000000,0.000000,0.000000,0.000000,0.000407,0.000000,0.000000,0.000000,0.000407,0.000000,0.000000,0.000000,0.000000,0.000000,0.000000,0.000407,0.000000,0.000000,0.000000,0.000407,0.000407
the globe,5,0.000000,0.000000,0.000000,0.000000,0.000000,0.000000,0.000407,0.001222,0.000000,0.000000,0.000000,0.000000,0.000000,0.000407,0.000000,0.000000,0.000000,0.000000,0.000000,0.000000,0.000000,0.000000
the faa,5,0.000000,0.000000,0.000000,0.000000,0.000000,0.000000,0.000407,0.000407,0.000000,0.000000,0.000407,0.000000,0.000000,0.000000,0.000000,0.000000,0.000000,0.000000,0.000814,0.000000,0.000000,0.000000
the existence,5,0.000000,0.000000,0.000000,0.000000,0.000407,0.000000,0.000000,0.000000,0.000000,0.000407,0.000407,0.000000,0.000000,0.000814,0.000000,0.000000,0.000000,0.000000,0.000000,0.000000,0.000000,0.000000
the delay,5,0.000000,0.000000,0.000000,0.000000,0.000000,0.000000,0.000000,0.000407,0.000000,0.000000,0.000814,0.000000,0.000000,0.000000,0.000407,0.000407,0.000000,0.000000,0.000000,0.000000,0.000000,0.000000
the decade,5,0.000000,0.000000,0.000000,0.000000,0.000000,0.000814,0.000000,0.000000,0.000407,0.000000,0.000000,0.000407,0.000000,0.000000,0.000000,0.000000,0.000000,0.000000,0.000000,0.000407,0.000000,0.000000
the council,5,0.000000,0.000000,0.000000,0.000000,0.000000,0.000407,0.000000,0.000814,0.000000,0.000000,0.000000,0.000000,0.000000,0.000000,0.000407,0.000000,0.000000,0.000000,0.000000,0.000000,0.000000,0.000000
the compton,5,0.000000,0.000000,0.000000,0.000000,0.000000,0.000407,0.000000,0.000000,0.000000,0.000000,0.000000,0.000000,0.000000,0.001629,0.000000,0.000000,0.000000,0.000000,0.000000,0.000000,0.000000,0.000000
the commission,5,0.000000,0.000000,0.000000,0.000000,0.000000,0.000000,0.000000,0.000000,0.000000,0.000000,0.000814,0.000000,0.000000,0.000814,0.000000,0.000000,0.000407,0.000000,0.000000,0.000000,0.000000,0.000000
the aviation,5,0.000000,0.000000,0.000000,0.000000,0.000814,0.000000,0.000407,0.000000,0.000000,0.000407,0.000407,0.000000,0.000000,0.000000,0.000000,0.000000,0.000000,0.000000,0.000000,0.000000,0.000000,0.000000
the association,5,0.000000,0.000000,0.000000,0.000000,0.000000,0.000407,0.000000,0.000407,0.000000,0.000000,0.000407,0.000000,0.000000,0.000000,0.000000,0.000407,0.000000,0.000000,0.000000,0.000000,0.000000,0.000407
an opportunity,5,0.000000,0.000407,0.000000,0.000000,0.000000,0.000407,0.000000,0.000407,0.000000,0.000407,0.000000,0.000000,0.000000,0.000000,0.000000,0.000000,0.000407,0.000000,0.000000,0.000000,0.000000,0.000000
an engineer,5,0.000000,0.000000,0.000000,0.000000,0.000000,0.000000,0.000000,0.000000,0.000000,0.001222,0.000000,0.000000,0.000000,0.000000,0.000000,0.000407,0.000000,0.000000,0.000000,0.000000,0.000000,0.000000
a system,5,0.000000,0.000000,0.000000,0.000000,0.000000,0.000407,0.000000,0.000407,0.000000,0.000000,0.000000,0.000000,0.000000,0.000000,0.000407,0.000000,0.000000,0.000000,0.000000,0.000000,0.000814,0.000000
a spacecraft,5,0.000407,0.000000,0.000000,0.000000,0.000000,0.000000,0.000000,0.000000,0.000000,0.000407,0.000000,0.000000,0.000000,0.000000,0.000407,0.000407,0.000000,0.000000,0.000000,0.000000,0.000000,0.000407
a second,5,0.000000,0.000000,0.000000,0.000407,0.000000,0.000000,0.000000,0.000000,0.000000,0.000000,0.000000,0.000000,0.000407,0.000000,0.000000,0.000000,0.000407,0.000000,0.000000,0.000000,0.000000,0.000000
a science,5,0.000000,0.000000,0.000000,0.000000,0.000000,0.000407,0.001222,0.000000,0.000000,0.000000,0.000000,0.000407,0.000000,0.000000,0.000000,0.000000,0.000000,0.000000,0.000000,0.000000,0.000000,0.000000
a satellite,5,0.000407,0.000000,0.000000,0.000000,0.000000,0.000814,0.000000,0.000407,0.000000,0.000000,0.000000,0.000000,0.000000,0.000000,0.000000,0.000000,0.000407,0.000000,0.000000,0.000000,0.000000,0.000000
a range,5,0.000000,0.000000,0.000000,0.000000,0.000000,0.000407,0.000000,0.000000,0.000000,0.000000,0.000000,0.000000,0.000000,0.000407,0.000000,0.000000,0.000407,0.000000,0.000000,0.000000,0.000000,0.000000
a period,5,0.000000,0.000000,0.000000,0.000000,0.000000,0.000000,0.000407,0.000407,0.000000,0.000814,0.000000,0.000000,0.000000,0.000407,0.000000,0.000000,0.000000,0.000000,0.000000,0.000000,0.000000,0.000000
a european,5,0.000000,0.000000,0.000000,0.000000,0.000407,0.000407,0.000407,0.000814,0.000000,0.000000,0.000000,0.000000,0.000000,0.000000,0.000000,0.000000,0.000000,0.000000,0.000000,0.000000,0.000000,0.000000
a day,5,0.000000,0.000000,0.000000,0.000000,0.000000,0.000407,0.000000,0.000000,0.000000,0.000000,0.000407,0.000000,0.000000,0.000407,0.000000,0.000000,0.000000,0.000000,0.000000,0.000000,0.000814,0.000000
a cost,5,0.000000,0.000000,0.000000,0.000000,0.000000,0.000000,0.000000,0.000000,0.000000,0.000000,0.000407,0.000407,0.000000,0.000000,0.000814,0.000000,0.000000,0.000000,0.000407,0.000000,0.000000,0.000000
a ceremony,5,0.000000,0.000000,0.000000,0.000000,0.000000,0.000000,0.000000,0.000407,0.000000,0.000407,0.000000,0.000407,0.000000,0.000000,0.000000,0.000000,0.000000,0.000000,0.000000,0.000000,0.000000,0.000407
the x-30,4,0.000000,0.000000,0.000000,0.000000,0.000407,0.000407,0.000000,0.000814,0.000000,0.000000,0.000000,0.000000,0.000000,0.000000,0.000000,0.000000,0.000000,0.000000,0.000000,0.000000,0.000000,0.000000
the viking,4,0.000000,0.000000,0.000000,0.000000,0.000000,0.000000,0.000000,0.000407,0.000000,0.000000,0.000000,0.000000,0.000000,0.000407,0.000000,0.000814,0.000000,0.000000,0.000000,0.000000,0.000000,0.000000
the type,4,0.000000,0.000000,0.000000,0.000000,0.000000,0.000000,0.000407,0.000000,0.000000,0.000000,0.000000,0.000000,0.000000,0.000407,0.000000,0.000000,0.000407,0.000000,0.000000,0.000000,0.000000,0.000407
the tether,4,0.000000,0.000000,0.000000,0.000000,0.000000,0.000000,0.000000,0.000000,0.000000,0.001629,0.000000,0.000000,0.000000,0.000000,0.000000,0.000000,0.000000,0.000000,0.000000,0.000000,0.000000,0.000000
the technology,4,0.000000,0.000000,0.000000,0.000000,0.000000,0.000407,0.000000,0.000000,0.000000,0.000000,0.000000,0.000407,0.000000,0.000000,0.000000,0.000000,0.000000,0.000000,0.000000,0.000000,0.000000,0.000407
the summer,4,0.000000,0.000000,0.000000,0.000000,0.000407,0.000407,0.000000,0.000000,0.000000,0.000000,0.000000,0.000000,0.000000,0.000407,0.000000,0.000000,0.000000,0.000000,0.000000,0.000407,0.000000,0.000000
the spirit,4,0.000000,0.000407,0.000000,0.000000,0.000000,0.000407,0.000000,0.000000,0.000000,0.000000,0.000000,0.000000,0.000000,0.000000,0.000000,0.000000,0.000000,0.000000,0.000000,0.000000,0.000000,0.000814
the soyuz,4,0.000000,0.000000,0.000000,0.000000,0.000000,0.000407,0.000000,0.000407,0.000000,0.000407,0.000000,0.000407,0.000000,0.000000,0.000000,0.000000,0.000000,0.000000,0.000000,0.000000,0.000000,0.000000
the situation,4,0.000000,0.000000,0.000000,0.000000,0.000000,0.000000,0.000000,0.000814,0.000000,0.000407,0.000000,0.000000,0.000000,0.000000,0.000407,0.000000,0.000000,0.000000,0.000000,0.000000,0.000000,0.000000
the shenzhou,4,0.000000,0.000000,0.000000,0.000000,0.000000,0.000000,0.000000,0.000000,0.000000,0.000000,0.000000,0.000000,0.000000,0.000000,0.000407,0.000000,0.001222,0.000000,0.000000,0.000000,0.000000,0.000000
the seven,4,0.000407,0.000407,0.000000,0.000000,0.000000,0.000000,0.000000,0.000407,0.000000,0.000000,0.000000,0.000000,0.000000,0.000000,0.000000,0.000000,0.000000,0.000000,0.000000,0.000000,0.000407,0.000000
the role,4,0.000000,0.000000,0.000000,0.000000,0.000407,0.000000,0.000407,0.000407,0.000407,0.000000,0.000000,0.000000,0.000000,0.000000,0.000000,0.000000,0.000000,0.000000,0.000000,0.000000,0.000000,0.000000
the right,4,0.000000,0.000000,0.000000,0.000000,0.000000,0.000000,0.000000,0.000000,0.000000,0.000407,0.000000,0.000000,0.000000,0.000000,0.000000,0.000000,0.000814,0.000000,0.000000,0.000000,0.000000,0.000407
the replacement,4,0.000000,0.000407,0.000000,0.000000,0.000407,0.000000,0.000000,0.000000,0.000000,0.000000,0.000407,0.000000,0.000000,0.000000,0.000000,0.000000,0.000407,0.000000,0.000000,0.000000,0.000000,0.000000
the radiation,4,0.000000,0.000000,0.000000,0.000000,0.000000,0.000000,0.000000,0.000000,0.000000,0.000814,0.000000,0.000000,0.000814,0.000000,0.000000,0.000000,0.000000,0.000000,0.000000,0.000000,0.000000,0.000000
the power,4,0.000000,0.000407,0.000000,0.000000,0.000000,0.000000,0.000000,0.000000,0.000407,0.000000,0.000407,0.000000,0.000000,0.000000,0.000000,0.000000,0.000000,0.000000,0.000000,0.000000,0.000407,0.000000
the pilot,4,0.000407,0.000000,0.000000,0.000000,0.000000,0.000407,0.000000,0.000407,0.000000,0.000000,0.000000,0.000000,0.000000,0.000000,0.000000,0.000000,0.000407,0.000000,0.000000,0.000000,0.000000,0.000000
the paper,4,0.000407,0.000000,0.000000,0.000000,0.000000,0.000000,0.000000,0.000000,0.000000,0.000000,0.000000,0.000000,0.000000,0.000407,0.000000,0.000000,0.000000,0.000000,0.000814,0.000000,0.000000,0.000000
the ohio,4,0.000000,0.000000,0.000000,0.000000,0.001222,0.000000,0.000000,0.000000,0.000000,0.000000,0.000000,0.000000,0.000407,0.000000,0.000000,0.000000,0.000000,0.000000,0.000000,0.000000,0.000000,0.000000
the move,4,0.000000,0.000000,0.000000,0.000407,0.000000,0.000000,0.000000,0.000000,0.000000,0.000814,0.000407,0.000000,0.000000,0.000000,0.000000,0.000000,0.000000,0.000000,0.000000,0.000000,0.000000,0.000000
the minority,4,0.000000,0.000000,0.000000,0.000000,0.000814,0.000407,0.000407,0.000000,0.000000,0.000000,0.000000,0.000000,0.000000,0.000000,0.000000,0.000000,0.000000,0.000000,0.000000,0.000000,0.000000,0.000000
the magellan,4,0.000000,0.000407,0.000000,0.000407,0.000814,0.000000,0.000000,0.000000,0.000000,0.000000,0.000000,0.000000,0.000000,0.000000,0.000000,0.000000,0.000000,0.000000,0.000000,0.000000,0.000000,0.000000
the langley,4,0.000000,0.000000,0.000000,0.000000,0.000814,0.000000,0.000407,0.000000,0.000000,0.000000,0.000000,0.000000,0.000000,0.000407,0.000000,0.000000,0.000000,0.000000,0.000000,0.000000,0.000000,0.000000
the lack,4,0.000000,0.000000,0.000000,0.000000,0.000407,0.000000,0.000000,0.000407,0.000000,0.000000,0.000000,0.000000,0.000000,0.000407,0.000000,0.000000,0.000407,0.000000,0.000000,0.000000,0.000000,0.000000
the iran,4,0.000000,0.000000,0.000000,0.000000,0.000000,0.000000,0.000000,0.000000,0.000000,0.000000,0.000000,0.000000,0.000000,0.000000,0.000000,0.000000,0.000814,0.000000,0.000407,0.000000,0.000000,0.000407
the importance,4,0.000000,0.000000,0.000000,0.000000,0.000407,0.000000,0.000000,0.000814,0.000000,0.000000,0.000407,0.000000,0.000000,0.000000,0.000000,0.000000,0.000000,0.000000,0.000000,0.000000,0.000000,0.000000
the imce,4,0.000000,0.000000,0.000000,0.000000,0.000000,0.000000,0.000000,0.000000,0.000000,0.000000,0.000000,0.000000,0.000000,0.000000,0.001629,0.000000,0.000000,0.000000,0.000000,0.000000,0.000000,0.000000
the image,4,0.000000,0.000000,0.000000,0.000407,0.000000,0.000000,0.000000,0.000000,0.000000,0.000000,0.000000,0.000000,0.000814,0.000000,0.000000,0.000000,0.000000,0.000000,0.000000,0.000000,0.000000,0.000000
the houston,4,0.000000,0.000000,0.000000,0.000000,0.000000,0.000000,0.001222,0.000000,0.000000,0.000000,0.000000,0.000000,0.000000,0.000000,0.000000,0.000000,0.000000,0.000000,0.000000,0.000000,0.000407,0.000000
the gpm,4,0.000000,0.000000,0.000000,0.000000,0.000000,0.000000,0.000000,0.000000,0.000000,0.000000,0.000000,0.000000,0.000000,0.000000,0.000000,0.000000,0.000000,0.000000,0.000000,0.000000,0.000000,0.000000
the fuel,4,0.000000,0.000000,0.000000,0.000000,0.000000,0.000000,0.000000,0.000407,0.000000,0.000000,0.000000,0.000000,0.000000,0.000000,0.000000,0.000814,0.000407,0.000000,0.000000,0.000000,0.000000,0.000000
the face,4,0.000000,0.000000,0.000000,0.000000,0.000000,0.000814,0.000000,0.000000,0.000000,0.000407,0.000000,0.000000,0.000407,0.000000,0.000000,0.000000,0.000000,0.000000,0.000000,0.000000,0.000000,0.000000
the executive,4,0.000000,0.000000,0.000000,0.000000,0.000000,0.000000,0.000407,0.000000,0.000000,0.000000,0.000000,0.000000,0.000407,0.000000,0.000000,0.000407,0.000000,0.000000,0.000407,0.000000,0.000000,0.000000
the effort,4,0.000000,0.000000,0.000000,0.000000,0.000000,0.000000,0.000407,0.000000,0.000000,0.000407,0.000407,0.000000,0.000000,0.000407,0.000000,0.000000,0.000000,0.000000,0.000000,0.000000,0.000000,0.000000
the effect,4,0.000000,0.000000,0.000000,0.000000,0.000407,0.000000,0.000407,0.000407,0.000000,0.000000,0.000000,0.000000,0.000000,0.000000,0.000000,0.000000,0.000407,0.000000,0.000000,0.000000,0.000000,0.000000
the edge,4,0.000000,0.000000,0.000000,0.000000,0.000000,0.000407,0.000000,0.000000,0.000000,0.000000,0.000000,0.000000,0.000000,0.000000,0.000000,0.000000,0.000000,0.000000,0.001222,0.000000,0.000000,0.000000
the deployment,4,0.000407,0.000000,0.000000,0.000000,0.000000,0.000000,0.000000,0.000407,0.000000,0.000000,0.000000,0.000000,0.000000,0.000407,0.000000,0.000000,0.000000,0.000000,0.000000,0.000000,0.000000,0.000000
the departure,4,0.000000,0.000000,0.000407,0.000000,0.000000,0.000407,0.000000,0.000407,0.000000,0.000000,0.000000,0.000000,0.000407,0.000000,0.000000,0.000000,0.000000,0.000000,0.000000,0.000000,0.000000,0.000000
the delta,4,0.000000,0.000000,0.000000,0.000000,0.000000,0.000407,0.000000,0.000000,0.000000,0.000000,0.000000,0.000000,0.000814,0.000000,0.000407,0.000000,0.000000,0.000000,0.000000,0.000000,0.000000,0.000000
the delivery,4,0.000000,0.000000,0.000000,0.000000,0.000000,0.000000,0.000000,0.000000,0.000407,0.000000,0.000000,0.000000,0.000000,0.000000,0.000000,0.000000,0.000407,0.000407,0.000000,0.000000,0.000000,0.000407
the day,4,0.000000,0.000000,0.000000,0.000000,0.000000,0.000000,0.000000,0.000000,0.000407,0.000000,0.000407,0.000000,0.000000,0.000000,0.000407,0.000000,0.000000,0.000000,0.000000,0.000000,0.000407,0.000000
the collision,4,0.000000,0.000000,0.000000,0.000000,0.000000,0.000000,0.000000,0.000000,0.000000,0.000000,0.001629,0.000000,0.000000,0.000000,0.000000,0.000000,0.000000,0.000000,0.000000,0.000000,0.000000,0.000000
the chinese,4,0.000000,0.000000,0.000000,0.000000,0.000000,0.000000,0.000000,0.000000,0.000000,0.000000,0.000000,0.000000,0.000000,0.000000,0.000000,0.000000,0.000814,0.000000,0.000000,0.000814,0.000000,0.000000
the chandra,4,0.000000,0.000000,0.000000,0.000000,0.000000,0.000000,0.000000,0.000000,0.000000,0.000000,0.000000,0.000814,0.000000,0.000814,0.000000,0.000000,0.000000,0.000000,0.000000,0.000000,0.000000,0.000000
the challenge,4,0.000000,0.000000,0.000000,0.000000,0.000000,0.000000,0.000000,0.000000,0.000000,0.000000,0.000407,0.000000,0.000000,0.000407,0.000000,0.000000,0.000000,0.000000,0.000000,0.000407,0.000407,0.000000
the booster,4,0.000407,0.000407,0.000000,0.000000,0.000000,0.000000,0.000000,0.000000,0.000000,0.000407,0.000000,0.000000,0.000000,0.000000,0.000000,0.000000,0.000000,0.000000,0.000000,0.000000,0.000000,0.000000
the baikonur,4,0.000000,0.000814,0.000000,0.000000,0.000814,0.000000,0.000000,0.000000,0.000000,0.000000,0.000000,0.000000,0.000000,0.000000,0.000000,0.000000,0.000000,0.000000,0.000000,0.000000,0.000000,0.000000
the ares-1,4,0.000000,0.000000,0.000000,0.000000,0.000000,0.000000,0.000000,0.000000,0.000000,0.000000,0.000000,0.000000,0.000000,0.000000,0.000000,0.000000,0.000000,0.000000,0.000000,0.000000,0.001629,0.000000
the amendment,4,0.000000,0.000000,0.000000,0.000000,0.000000,0.000000,0.000814,0.000000,0.000000,0.000000,0.000000,0.000407,0.000000,0.000000,0.000000,0.000000,0.000000,0.000000,0.000407,0.000000,0.000000,0.000000
an investment,4,0.000000,0.000000,0.000000,0.000407,0.000000,0.000814,0.000000,0.000000,0.000407,0.000000,0.000000,0.000000,0.000000,0.000000,0.000000,0.000000,0.000000,0.000000,0.000000,0.000000,0.000000,0.000000
an emergency,4,0.000407,0.000000,0.000000,0.000000,0.000000,0.000000,0.000407,0.000000,0.000000,0.000000,0.000407,0.000000,0.000000,0.000000,0.000000,0.000000,0.000000,0.000000,0.000000,0.000000,0.000407,0.000000
a way,4,0.000000,0.000000,0.000000,0.000000,0.000407,0.000000,0.000000,0.000000,0.000000,0.000000,0.000000,0.000814,0.000000,0.000000,0.000000,0.000000,0.000407,0.000000,0.000000,0.000000,0.000000,0.000000
a waiver,4,0.000000,0.000000,0.000000,0.000000,0.000000,0.000000,0.000000,0.000000,0.000000,0.000000,0.000000,0.000000,0.000000,0.000000,0.000407,0.000000,0.001222,0.000000,0.000000,0.000000,0.000000,0.000000
a variety,4,0.000000,0.000407,0.000000,0.000000,0.000000,0.000000,0.000407,0.000000,0.000000,0.000000,0.000000,0.000000,0.000000,0.000407,0.000000,0.000000,0.000000,0.000000,0.000000,0.000000,0.000000,0.000000
a tour,4,0.000000,0.000000,0.000000,0.000407,0.000000,0.000407,0.000407,0.000000,0.000000,0.000000,0.000000,0.000000,0.000000,0.000000,0.000000,0.000000,0.000000,0.000000,0.000000,0.000000,0.000407,0.000000
a titan,4,0.001222,0.000000,0.000000,0.000000,0.000000,0.000000,0.000000,0.000407,0.000000,0.000000,0.000000,0.000000,0.000000,0.000000,0.000000,0.000000,0.000000,0.000000,0.000000,0.000000,0.000000,0.000000
a time,4,0.000000,0.000000,0.000000,0.000000,0.000000,0.000407,0.000000,0.000814,0.000000,0.000000,0.000000,0.000000,0.000000,0.000000,0.000407,0.000000,0.000000,0.000000,0.000000,0.000000,0.000000,0.000000
a successor,4,0.000000,0.000000,0.000407,0.000000,0.000000,0.000000,0.000000,0.000000,0.000000,0.000000,0.000000,0.000000,0.000000,0.000000,0.000000,0.000000,0.000000,0.000814,0.000000,0.000000,0.000407,0.000000
a soyuz,4,0.000000,0.000000,0.000407,0.000000,0.000407,0.000407,0.000000,0.000407,0.000000,0.000000,0.000000,0.000000,0.000000,0.000000,0.000000,0.000000,0.000000,0.000000,0.000000,0.000000,0.000000,0.000000
a rocket,4,0.000000,0.000000,0.000000,0.000000,0.000000,0.000407,0.000000,0.000000,0.000000,0.000000,0.000000,0.000407,0.000000,0.000000,0.000000,0.000000,0.000407,0.000000,0.000000,0.000407,0.000000,0.000000
a replacement,4,0.000000,0.000000,0.000000,0.000000,0.000000,0.000000,0.000000,0.000000,0.000000,0.000000,0.000000,0.000000,0.000000,0.000407,0.000000,0.000407,0.000000,0.000407,0.000000,0.000000,0.000407,0.000000
a prototype,4,0.000000,0.000000,0.000000,0.000000,0.000000,0.000000,0.000000,0.000000,0.000000,0.000407,0.000000,0.000000,0.000000,0.000000,0.000407,0.000000,0.000000,0.000407,0.000000,0.000000,0.000000,0.000000
a priority,4,0.000000,0.000000,0.000000,0.000000,0.000000,0.000000,0.000407,0.000000,0.000000,0.000000,0.000000,0.000000,0.000000,0.000814,0.000000,0.000000,0.000000,0.000000,0.000407,0.000000,0.000000,0.000000
a one-year,4,0.000000,0.000000,0.000000,0.000000,0.000000,0.000407,0.000814,0.000407,0.000000,0.000000,0.000000,0.000000,0.000000,0.000000,0.000000,0.000000,0.000000,0.000000,0.000000,0.000000,0.000000,0.000000
a man,4,0.000000,0.000000,0.000000,0.000000,0.000000,0.000000,0.000000,0.000407,0.000000,0.000000,0.000000,0.000407,0.000000,0.000407,0.000000,0.000000,0.000000,0.000000,0.000000,0.000000,0.000000,0.000407
a launch,4,0.000000,0.000407,0.000000,0.000000,0.000000,0.000000,0.000000,0.000407,0.000000,0.000000,0.000000,0.000000,0.000000,0.000000,0.000000,0.000000,0.000814,0.000000,0.000000,0.000000,0.000000,0.000000
a laboratory,4,0.000000,0.000000,0.000000,0.000000,0.000000,0.000407,0.000407,0.000407,0.000000,0.000407,0.000000,0.000000,0.000000,0.000000,0.000000,0.000000,0.000000,0.000000,0.000000,0.000000,0.000000,0.000000
a giant,4,0.000000,0.000000,0.000000,0.000000,0.000407,0.000000,0.000000,0.000000,0.000000,0.001222,0.000000,0.000000,0.000000,0.000000,0.000000,0.000000,0.000000,0.000000,0.000000,0.000000,0.000000,0.000000
a german,4,0.000000,0.000000,0.000000,0.000000,0.000000,0.000000,0.000000,0.001222,0.000000,0.000000,0.000000,0.000407,0.000000,0.000000,0.000000,0.000000,0.000000,0.000000,0.000000,0.000000,0.000000,0.000000
a delta,4,0.000000,0.000000,0.000000,0.000000,0.000000,0.000000,0.000000,0.000814,0.000000,0.000000,0.000000,0.000000,0.000407,0.000000,0.000407,0.000000,0.000000,0.000000,0.000000,0.000000,0.000000,0.000000
a delay,4,0.000000,0.000407,0.000407,0.000000,0.000000,0.000000,0.000000,0.000407,0.000000,0.000000,0.000000,0.000000,0.000407,0.000000,0.000000,0.000000,0.000000,0.000000,0.000000,0.000000,0.000000,0.000000
a budget,4,0.000000,0.000000,0.000000,0.000000,0.000000,0.000000,0.000000,0.000000,0.000000,0.000407,0.000407,0.000000,0.000000,0.000000,0.000000,0.000000,0.000000,0.000000,0.000000,0.000814,0.000000,0.000000
