funding,77,0.000000,0.001018,0.000000,0.000204,0.001222,0.001018,0.001222,0.002036,0.000204,0.000814,0.000611,0.001833,0.000204,0.000407,0.000814,0.000611,0.000407,0.000407,0.000204,0.001018,0.000407,0.001018
including,76,0.000204,0.000814,0.000000,0.000000,0.001222,0.002240,0.000814,0.001222,0.000204,0.000407,0.000407,0.000611,0.000814,0.000814,0.001018,0.000204,0.000204,0.000204,0.000611,0.001018,0.001222,0.000814
according,73,0.000814,0.000204,0.000000,0.000000,0.002443,0.000407,0.002036,0.002036,0.000204,0.000611,0.000204,0.000611,0.000000,0.000407,0.000814,0.001018,0.000814,0.000407,0.000000,0.001018,0.000814,0.000000
engineering,55,0.000407,0.001018,0.000000,0.000814,0.000611,0.000407,0.000611,0.001018,0.000204,0.000407,0.000204,0.000407,0.000204,0.001222,0.000000,0.000204,0.002036,0.000000,0.000204,0.000000,0.000407,0.000611
meeting,51,0.000204,0.000000,0.000000,0.000407,0.001018,0.002240,0.000814,0.001222,0.000000,0.000204,0.000000,0.001018,0.000000,0.000204,0.000204,0.000814,0.000204,0.000407,0.000611,0.000204,0.000204,0.000204
landing,47,0.000204,0.000407,0.000204,0.000204,0.000204,0.000204,0.000407,0.000814,0.000000,0.000204,0.000814,0.000000,0.000611,0.001629,0.000407,0.000204,0.000407,0.000204,0.000204,0.001222,0.000000,0.000814
being,43,0.000407,0.001222,0.000000,0.000000,0.001222,0.000407,0.000814,0.002851,0.001018,0.000000,0.000000,0.000611,0.000000,0.000204,0.000000,0.000000,0.000000,0.000000,0.000000,0.000000,0.000000,0.000000
using,39,0.000000,0.000000,0.000000,0.000204,0.000407,0.001833,0.000000,0.000611,0.000407,0.000611,0.000204,0.000611,0.000204,0.000407,0.000204,0.000204,0.000000,0.000407,0.000204,0.000814,0.000611,0.000000
hearing,39,0.000000,0.000000,0.000000,0.000000,0.000204,0.000204,0.000611,0.000204,0.000204,0.000000,0.000814,0.001222,0.000000,0.000000,0.000000,0.000204,0.001425,0.000000,0.000611,0.000407,0.000814,0.001018
following,39,0.000204,0.000407,0.001222,0.000204,0.000814,0.000000,0.000611,0.001222,0.000000,0.000407,0.000000,0.000000,0.000814,0.000204,0.000204,0.000000,0.001018,0.000000,0.000407,0.000000,0.000204,0.000000
acting,39,0.000204,0.000000,0.001222,0.000000,0.000000,0.000814,0.001222,0.000407,0.000000,0.000407,0.000000,0.000814,0.000814,0.000407,0.000611,0.000407,0.000204,0.000000,0.000000,0.000000,0.000000,0.000204
working,38,0.000000,0.000000,0.000000,0.000000,0.000407,0.001222,0.000204,0.000814,0.000204,0.000611,0.000000,0.001018,0.000611,0.000407,0.000407,0.000407,0.000814,0.000000,0.000204,0.000000,0.000204,0.000000
developing,32,0.000000,0.000204,0.000000,0.000000,0.000407,0.000814,0.000204,0.000407,0.000611,0.000407,0.000204,0.000611,0.000204,0.000204,0.000204,0.000407,0.000814,0.000000,0.000204,0.000000,0.000204,0.000204
planning,31,0.000407,0.000611,0.000000,0.000204,0.000000,0.000814,0.001018,0.001018,0.000000,0.000204,0.000204,0.000000,0.000000,0.000000,0.000000,0.000000,0.000000,0.000000,0.000407,0.000204,0.000000,0.001018
building,31,0.000204,0.000204,0.000000,0.000204,0.000814,0.000611,0.000407,0.000407,0.000000,0.000814,0.000611,0.000000,0.000204,0.000814,0.000000,0.000204,0.000611,0.000000,0.000000,0.000000,0.000000,0.000000
regarding,26,0.000000,0.000000,0.000000,0.000000,0.000204,0.000000,0.000000,0.000000,0.000204,0.000204,0.000204,0.000611,0.000204,0.001018,0.000814,0.000204,0.000407,0.000000,0.000611,0.000204,0.000000,0.000407
orbiting,25,0.000204,0.000204,0.000000,0.000204,0.000204,0.000611,0.000611,0.000611,0.000204,0.000611,0.000204,0.000204,0.000000,0.000000,0.000407,0.000204,0.000204,0.000204,0.000000,0.000204,0.000000,0.000000
serving,24,0.000204,0.000407,0.000000,0.000000,0.000000,0.000204,0.000204,0.000000,0.000000,0.000407,0.000000,0.000000,0.000814,0.000000,0.000407,0.000000,0.000814,0.000407,0.000407,0.000204,0.000407,0.000000
providing,24,0.000204,0.000000,0.000000,0.000000,0.000000,0.000407,0.000000,0.000000,0.000000,0.000407,0.000611,0.000611,0.000000,0.000204,0.000407,0.000611,0.000204,0.000000,0.000407,0.000407,0.000204,0.000000
testing,23,0.000000,0.000204,0.000000,0.000204,0.000204,0.000000,0.000204,0.001018,0.000000,0.000407,0.000204,0.000204,0.000407,0.000000,0.000000,0.000000,0.000814,0.000000,0.000000,0.000000,0.000611,0.000204
making,23,0.000000,0.000000,0.000000,0.000000,0.000204,0.000000,0.000204,0.000407,0.000000,0.000611,0.000000,0.000204,0.000204,0.000611,0.000000,0.000407,0.001018,0.000000,0.000407,0.000000,0.000204,0.000204
training,22,0.000000,0.000000,0.000204,0.000204,0.000000,0.000204,0.000407,0.000814,0.000000,0.000611,0.000407,0.000204,0.000000,0.000407,0.000204,0.000204,0.000407,0.000204,0.000000,0.000000,0.000000,0.000000
servicing,20,0.000000,0.000000,0.000000,0.000204,0.000000,0.000204,0.000611,0.000000,0.000204,0.000000,0.000000,0.000204,0.000204,0.000000,0.000000,0.000204,0.000000,0.000611,0.001222,0.000407,0.000000,0.000000
leading,20,0.000000,0.000204,0.000000,0.000000,0.000204,0.000000,0.000204,0.000407,0.000000,0.000000,0.000204,0.000000,0.000204,0.000407,0.000611,0.000000,0.001018,0.000000,0.000000,0.000000,0.000204,0.000000
operating,19,0.000204,0.000000,0.000000,0.000000,0.000000,0.000204,0.000204,0.000814,0.000000,0.000407,0.000204,0.000407,0.000204,0.000204,0.000204,0.000204,0.000000,0.000000,0.000000,0.000000,0.000000,0.000204
launching,19,0.000407,0.000000,0.000204,0.000000,0.000000,0.000407,0.000204,0.000407,0.000000,0.000407,0.000000,0.000204,0.000000,0.000611,0.000204,0.000204,0.000204,0.000000,0.000000,0.000000,0.000204,0.000204
accounting,17,0.000407,0.000000,0.000000,0.000000,0.000407,0.000000,0.000204,0.000204,0.000000,0.000204,0.000611,0.000204,0.000204,0.000000,0.000000,0.001018,0.000204,0.000000,0.000000,0.000000,0.000000,0.000000
understanding,16,0.000611,0.000000,0.000000,0.000407,0.000204,0.000611,0.000407,0.000407,0.000000,0.000000,0.000204,0.000204,0.000000,0.000000,0.000000,0.000000,0.000000,0.000000,0.000000,0.000204,0.000000,0.000000
spending,15,0.000000,0.000000,0.000000,0.000204,0.000407,0.001018,0.000407,0.000000,0.000204,0.000000,0.000204,0.000204,0.000000,0.000000,0.000000,0.000000,0.000000,0.000000,0.000204,0.000000,0.000204,0.000000
sending,15,0.000000,0.000000,0.000000,0.000000,0.000000,0.000000,0.000204,0.000204,0.000000,0.000000,0.000814,0.000000,0.000204,0.000407,0.000407,0.000000,0.000204,0.000000,0.000000,0.000407,0.000204,0.000000
reducing,15,0.000000,0.000204,0.000000,0.000000,0.000000,0.000204,0.000000,0.000407,0.001018,0.000000,0.000204,0.000407,0.000000,0.000000,0.000000,0.000000,0.000000,0.000000,0.000407,0.000000,0.000204,0.000000
flying,15,0.000204,0.000000,0.000204,0.000000,0.000000,0.000204,0.000000,0.001018,0.000000,0.000000,0.000407,0.000204,0.000204,0.000204,0.000000,0.000000,0.000204,0.000000,0.000000,0.000000,0.000204,0.000000
continuing,15,0.000000,0.000000,0.000000,0.000000,0.000000,0.000204,0.000000,0.000204,0.000000,0.000204,0.000204,0.000204,0.000000,0.000814,0.000000,0.000204,0.000000,0.000204,0.000000,0.000204,0.000611,0.000000
carrying,15,0.000204,0.000204,0.000000,0.000000,0.000407,0.000000,0.000204,0.000000,0.000000,0.000611,0.000204,0.000000,0.000204,0.000000,0.000611,0.000000,0.000000,0.000000,0.000000,0.000204,0.000000,0.000000
observing,14,0.000000,0.000000,0.000000,0.000204,0.000814,0.000204,0.000204,0.000407,0.000407,0.000204,0.000000,0.000204,0.000000,0.000204,0.000000,0.000000,0.000000,0.000000,0.000000,0.000000,0.000000,0.000000
conducting,14,0.000000,0.000000,0.000000,0.000407,0.000204,0.000000,0.000407,0.000000,0.000000,0.000204,0.000000,0.000000,0.000000,0.000204,0.000204,0.000000,0.000000,0.000204,0.000204,0.000204,0.000407,0.000204
tracking,13,0.000204,0.000000,0.000000,0.000000,0.000407,0.000204,0.000000,0.000407,0.000204,0.000000,0.000000,0.000000,0.001018,0.000000,0.000000,0.000000,0.000204,0.000000,0.000000,0.000000,0.000000,0.000000
studying,13,0.000000,0.000000,0.000000,0.000204,0.000814,0.000000,0.000000,0.000204,0.000000,0.000407,0.000204,0.000000,0.000814,0.000000,0.000000,0.000000,0.000000,0.000000,0.000000,0.000000,0.000000,0.000000
firing,13,0.000407,0.001222,0.000000,0.000000,0.000000,0.000407,0.000204,0.000000,0.000000,0.000000,0.000000,0.000000,0.000000,0.000204,0.000000,0.000000,0.000000,0.000000,0.000000,0.000000,0.000000,0.000204
completing,13,0.000000,0.000204,0.000000,0.000000,0.000000,0.000000,0.000000,0.000204,0.000000,0.000407,0.000000,0.000000,0.000204,0.000407,0.000000,0.000000,0.000407,0.000000,0.000000,0.000611,0.000000,0.000204
beginning,13,0.000000,0.000000,0.000000,0.000000,0.000204,0.000204,0.000407,0.000407,0.000407,0.000204,0.000000,0.000000,0.000000,0.000000,0.000204,0.000204,0.000000,0.000000,0.000000,0.000000,0.000204,0.000000
aging,13,0.000000,0.000000,0.000000,0.000000,0.000000,0.000000,0.000000,0.000204,0.000000,0.000407,0.000000,0.000204,0.000000,0.000611,0.000204,0.000000,0.000204,0.000204,0.000000,0.000000,0.000611,0.000000
maintaining,12,0.000000,0.000000,0.000000,0.000000,0.000407,0.000204,0.000204,0.000204,0.000000,0.000204,0.000000,0.000407,0.000000,0.000000,0.000000,0.000204,0.000204,0.000000,0.000000,0.000000,0.000000,0.000000
leaving,12,0.000000,0.000204,0.000204,0.000000,0.000204,0.000204,0.000204,0.000204,0.000000,0.000000,0.000000,0.000000,0.000204,0.000000,0.000204,0.000000,0.000204,0.000000,0.000407,0.000000,0.000000,0.000204
increasing,12,0.000000,0.000204,0.000000,0.000000,0.000204,0.000204,0.000000,0.000000,0.000204,0.000000,0.000204,0.000407,0.000000,0.000000,0.000204,0.000407,0.000204,0.000000,0.000000,0.000000,0.000204,0.000000
having,12,0.000000,0.000000,0.000000,0.000000,0.000000,0.000407,0.000000,0.000814,0.000000,0.000204,0.000204,0.000000,0.000000,0.000000,0.000407,0.000000,0.000000,0.000000,0.000204,0.000000,0.000000,0.000204
creating,12,0.000000,0.000204,0.000000,0.000000,0.000000,0.000000,0.000204,0.000204,0.000000,0.000407,0.000204,0.000204,0.000000,0.000204,0.000000,0.000000,0.000611,0.000000,0.000000,0.000000,0.000204,0.000000
becoming,12,0.000000,0.000000,0.000000,0.000000,0.000000,0.000000,0.000000,0.000204,0.000000,0.000204,0.000000,0.000204,0.000204,0.000000,0.000407,0.000204,0.000407,0.000204,0.000000,0.000000,0.000000,0.000407
processing,11,0.000611,0.000204,0.000000,0.000407,0.000000,0.000204,0.000407,0.000000,0.000000,0.000000,0.000000,0.000000,0.000000,0.000000,0.000000,0.000000,0.000407,0.000000,0.000000,0.000000,0.000000,0.000000
participating,11,0.000000,0.000000,0.000000,0.000000,0.000204,0.000204,0.000204,0.000000,0.000000,0.000000,0.000000,0.000204,0.000000,0.000000,0.000204,0.000204,0.000204,0.000204,0.000000,0.000000,0.000204,0.000204
manufacturing,11,0.000204,0.000000,0.000000,0.000000,0.000204,0.000204,0.000407,0.000000,0.000000,0.000204,0.000000,0.000000,0.000000,0.000000,0.000204,0.000407,0.000000,0.000000,0.000000,0.000000,0.000204,0.000000
saying,10,0.000000,0.000000,0.000000,0.000000,0.000611,0.000204,0.000204,0.000814,0.000000,0.000000,0.000000,0.000204,0.000000,0.000000,0.000000,0.000000,0.000000,0.000000,0.000000,0.000000,0.000000,0.000000
resulting,10,0.000000,0.000000,0.000000,0.000000,0.000204,0.000204,0.000000,0.000611,0.000000,0.000204,0.000000,0.000000,0.000204,0.000000,0.000000,0.000204,0.000204,0.000000,0.000000,0.000000,0.000000,0.000000
receiving,10,0.000000,0.000407,0.000000,0.000000,0.000204,0.000000,0.000204,0.000204,0.000000,0.000204,0.000000,0.000000,0.000000,0.000000,0.000000,0.000000,0.000000,0.000000,0.000000,0.000204,0.000407,0.000000
looking,10,0.000000,0.000000,0.000000,0.000204,0.000000,0.000814,0.000000,0.000204,0.000000,0.000204,0.000204,0.000000,0.000204,0.000000,0.000204,0.000000,0.000000,0.000000,0.000000,0.000000,0.000000,0.000000
ending,10,0.000000,0.000204,0.000000,0.000000,0.000000,0.000611,0.000000,0.000407,0.000000,0.000204,0.000000,0.000000,0.000000,0.000000,0.000000,0.000204,0.000000,0.000000,0.000204,0.000000,0.000000,0.000204
concerning,10,0.000000,0.000000,0.000000,0.000204,0.000204,0.000000,0.000000,0.000611,0.000000,0.000000,0.000000,0.000000,0.000000,0.000000,0.000204,0.000407,0.000000,0.000407,0.000000,0.000000,0.000000,0.000000
wing,9,0.000000,0.000000,0.000000,0.000000,0.000000,0.000204,0.000000,0.000000,0.000204,0.000407,0.000000,0.000000,0.000204,0.000000,0.000000,0.000000,0.000814,0.000000,0.000000,0.000000,0.000000,0.000000
supporting,9,0.000000,0.000000,0.000000,0.000000,0.000000,0.000204,0.000000,0.000407,0.000000,0.000000,0.000000,0.000204,0.000000,0.000000,0.000204,0.000000,0.000407,0.000000,0.000000,0.000204,0.000204,0.000000
stating,9,0.000000,0.000000,0.000000,0.000000,0.000000,0.000000,0.000000,0.000000,0.000000,0.000000,0.000000,0.000204,0.000000,0.000204,0.000000,0.000204,0.000204,0.000204,0.000204,0.000407,0.000000,0.000204
returning,9,0.000000,0.000000,0.000000,0.000000,0.000000,0.000000,0.000000,0.000204,0.000000,0.000407,0.000204,0.000000,0.000000,0.000000,0.000000,0.000000,0.000407,0.000204,0.000000,0.000000,0.000000,0.000204
retiring,9,0.000000,0.000000,0.000204,0.000000,0.000204,0.000000,0.000000,0.000000,0.000000,0.000000,0.000000,0.000000,0.000611,0.000204,0.000000,0.000000,0.000000,0.000000,0.000000,0.000000,0.000407,0.000204
moving,9,0.000000,0.000204,0.000000,0.000000,0.000407,0.000000,0.000204,0.000204,0.000204,0.000000,0.000000,0.000000,0.000000,0.000204,0.000000,0.000000,0.000000,0.000000,0.000000,0.000000,0.000204,0.000000
mapping,9,0.000000,0.000000,0.000000,0.000204,0.000204,0.000204,0.000000,0.000000,0.000000,0.000000,0.000204,0.000000,0.000000,0.000611,0.000000,0.000000,0.000407,0.000000,0.000000,0.000000,0.000000,0.000000
joining,9,0.000000,0.000000,0.000000,0.000000,0.000204,0.000000,0.000000,0.000204,0.000000,0.000000,0.000000,0.000204,0.000204,0.000204,0.000204,0.000000,0.000000,0.000000,0.000204,0.000000,0.000000,0.000000
involving,9,0.000000,0.000000,0.000204,0.000000,0.000000,0.000611,0.000204,0.000611,0.000000,0.000000,0.000000,0.000000,0.000000,0.000000,0.000000,0.000000,0.000000,0.000000,0.000000,0.000000,0.000204,0.000000
implementing,9,0.000000,0.000000,0.000000,0.000000,0.000204,0.000000,0.000000,0.000000,0.000000,0.000000,0.000000,0.000000,0.000204,0.000000,0.000204,0.000000,0.000204,0.000000,0.000000,0.000204,0.000407,0.000204
helping,9,0.000000,0.000000,0.000204,0.000000,0.000204,0.000000,0.000407,0.000000,0.000000,0.000000,0.000000,0.000000,0.000407,0.000407,0.000000,0.000000,0.000000,0.000000,0.000000,0.000000,0.000000,0.000204
going,9,0.000000,0.000611,0.000000,0.000000,0.000000,0.000000,0.000000,0.000611,0.000000,0.000204,0.000204,0.000000,0.000000,0.000000,0.000000,0.000000,0.000000,0.000000,0.000204,0.000000,0.000000,0.000000
finding,9,0.000000,0.000000,0.000000,0.000000,0.000407,0.000204,0.000000,0.000611,0.000000,0.000000,0.000000,0.000204,0.000204,0.000000,0.000000,0.000000,0.000000,0.000000,0.000000,0.000000,0.000000,0.000000
existing,9,0.000000,0.000000,0.000000,0.000000,0.000611,0.000000,0.000204,0.000407,0.000000,0.000000,0.000000,0.000000,0.000000,0.000000,0.000000,0.000204,0.000000,0.000204,0.000204,0.000000,0.000000,0.000000
warning,8,0.000204,0.000204,0.000000,0.000000,0.000204,0.000204,0.000204,0.000000,0.000000,0.000000,0.000000,0.000204,0.000204,0.000000,0.000000,0.000000,0.000204,0.000000,0.000000,0.000000,0.000000,0.000000
taking,8,0.000000,0.000204,0.000000,0.000000,0.000000,0.000204,0.000204,0.000407,0.000204,0.000204,0.000000,0.000204,0.000000,0.000000,0.000000,0.000000,0.000000,0.000000,0.000000,0.000000,0.000000,0.000000
speaking,8,0.000204,0.000407,0.000000,0.000000,0.000204,0.000204,0.000204,0.000000,0.000000,0.000000,0.000000,0.000000,0.000000,0.000204,0.000000,0.000000,0.000000,0.000000,0.000000,0.000204,0.000000,0.000000
signing,8,0.000000,0.000000,0.000000,0.000000,0.000407,0.000000,0.000000,0.000407,0.000000,0.000204,0.000000,0.000204,0.000000,0.000204,0.000000,0.000000,0.000000,0.000000,0.000000,0.000000,0.000000,0.000204
ring,8,0.000204,0.000814,0.000000,0.000000,0.000000,0.000000,0.000000,0.000204,0.000204,0.000204,0.000000,0.000000,0.000000,0.000000,0.000000,0.000000,0.000000,0.000000,0.000000,0.000000,0.000000,0.000000
reaching,8,0.000000,0.000000,0.000000,0.000000,0.000000,0.000000,0.000000,0.000204,0.000000,0.000000,0.000407,0.000204,0.000204,0.000407,0.000000,0.000000,0.000204,0.000000,0.000000,0.000000,0.000000,0.000000
maneuvering,8,0.000000,0.000204,0.000000,0.000000,0.000204,0.000204,0.000000,0.000000,0.000000,0.000000,0.000000,0.000407,0.000000,0.000407,0.000000,0.000000,0.000204,0.000000,0.000000,0.000000,0.000000,0.000000
managing,8,0.000000,0.000000,0.000000,0.000000,0.000000,0.000000,0.000000,0.000000,0.000000,0.000000,0.000000,0.000204,0.000407,0.000000,0.000000,0.000204,0.000204,0.000000,0.000000,0.000204,0.000000,0.000204
keeping,8,0.000000,0.000000,0.000000,0.000000,0.000000,0.000204,0.000000,0.000611,0.000000,0.000000,0.000407,0.000000,0.000000,0.000204,0.000000,0.000000,0.000204,0.000000,0.000000,0.000000,0.000000,0.000000
growing,8,0.000000,0.000000,0.000000,0.000000,0.000000,0.000204,0.000611,0.000611,0.000000,0.000000,0.000000,0.000000,0.000000,0.000204,0.000000,0.000000,0.000000,0.000000,0.000000,0.000000,0.000000,0.000000
cutting,8,0.000000,0.000000,0.000000,0.000000,0.000000,0.000204,0.000407,0.000407,0.000204,0.000204,0.000000,0.000204,0.000000,0.000000,0.000000,0.000000,0.000000,0.000000,0.000000,0.000000,0.000000,0.000000
considering,8,0.000000,0.000000,0.000000,0.000000,0.000611,0.000000,0.000407,0.000204,0.000000,0.000000,0.000000,0.000000,0.000000,0.000204,0.000000,0.000000,0.000000,0.000000,0.000000,0.000000,0.000204,0.000000
causing,8,0.000000,0.000000,0.000204,0.000000,0.000204,0.000000,0.000000,0.000611,0.000000,0.000204,0.000000,0.000000,0.000204,0.000204,0.000000,0.000000,0.000000,0.000000,0.000000,0.000000,0.000000,0.000000
calling,8,0.000204,0.000000,0.000000,0.000000,0.000204,0.000204,0.000000,0.000204,0.000000,0.000000,0.000407,0.000000,0.000000,0.000204,0.000000,0.000000,0.000000,0.000000,0.000000,0.000000,0.000204,0.000000
awarding,8,0.000000,0.000000,0.000000,0.000000,0.000000,0.000000,0.000611,0.000204,0.000000,0.000611,0.000000,0.000000,0.000204,0.000000,0.000000,0.000000,0.000000,0.000000,0.000000,0.000000,0.000000,0.000000
allowing,8,0.000000,0.000000,0.000000,0.000204,0.000407,0.000000,0.000000,0.000000,0.000000,0.000407,0.000000,0.000000,0.000000,0.000204,0.000204,0.000000,0.000000,0.000000,0.000000,0.000000,0.000204,0.000000
showing,7,0.000000,0.000000,0.000000,0.000000,0.000000,0.000204,0.000000,0.000000,0.000000,0.000000,0.000204,0.000000,0.000000,0.000000,0.000000,0.000000,0.000204,0.000204,0.000000,0.000204,0.000204,0.000000
setting,7,0.000000,0.000000,0.000000,0.000000,0.000204,0.000000,0.000000,0.000204,0.000000,0.000204,0.000000,0.000000,0.000000,0.000000,0.000407,0.000204,0.000000,0.000000,0.000000,0.000000,0.000204,0.000000
requiring,7,0.000000,0.000000,0.000000,0.000000,0.000000,0.000000,0.000000,0.000000,0.000204,0.000000,0.000204,0.000000,0.000000,0.000407,0.000000,0.000000,0.000407,0.000000,0.000000,0.000000,0.000000,0.000000
representing,7,0.000000,0.000000,0.000000,0.000204,0.000000,0.000204,0.000204,0.000000,0.000000,0.000000,0.000000,0.000204,0.000000,0.000204,0.000407,0.000000,0.000000,0.000000,0.000000,0.000000,0.000000,0.000000
performing,7,0.000204,0.000000,0.000204,0.000000,0.000000,0.000000,0.000000,0.000000,0.000000,0.000000,0.000000,0.000000,0.000204,0.000000,0.000000,0.000204,0.000000,0.000204,0.000000,0.000407,0.000000,0.000000
overseeing,7,0.000000,0.000000,0.000000,0.000000,0.000204,0.000204,0.000204,0.000000,0.000000,0.000204,0.000204,0.000204,0.000000,0.000000,0.000000,0.000204,0.000000,0.000000,0.000000,0.000000,0.000000,0.000000
investigating,7,0.000000,0.000000,0.000000,0.000000,0.000204,0.000000,0.000204,0.000407,0.000000,0.000000,0.000000,0.000000,0.000000,0.000407,0.000000,0.000000,0.000204,0.000000,0.000000,0.000000,0.000000,0.000000
installing,7,0.000000,0.000000,0.000000,0.000000,0.000000,0.000000,0.000000,0.000204,0.000000,0.000000,0.000000,0.000000,0.000000,0.000204,0.000000,0.000000,0.000204,0.000000,0.000000,0.000407,0.000204,0.000204
exploring,7,0.000204,0.000000,0.000000,0.000000,0.000000,0.000000,0.000000,0.000000,0.000000,0.000407,0.000204,0.000204,0.000000,0.000000,0.000407,0.000000,0.000000,0.000000,0.000000,0.000000,0.000000,0.000000
delivering,7,0.000000,0.000000,0.000000,0.000000,0.000000,0.000204,0.000000,0.000204,0.000000,0.000204,0.000204,0.000000,0.000000,0.000407,0.000000,0.000000,0.000204,0.000000,0.000000,0.000000,0.000000,0.000000
covering,7,0.000204,0.000407,0.000000,0.000000,0.000000,0.000000,0.000204,0.000000,0.000000,0.000000,0.000000,0.000000,0.000000,0.000000,0.000407,0.000204,0.000000,0.000000,0.000000,0.000000,0.000000,0.000000
constructing,7,0.000000,0.000000,0.000000,0.000000,0.000000,0.000407,0.000000,0.000000,0.000204,0.000204,0.000000,0.000204,0.000000,0.000000,0.000204,0.000000,0.000000,0.000000,0.000000,0.000204,0.000000,0.000000
bringing,7,0.000000,0.000000,0.000000,0.000000,0.000000,0.000407,0.000000,0.000000,0.000204,0.000000,0.000204,0.000204,0.000000,0.000204,0.000000,0.000000,0.000000,0.000000,0.000000,0.000000,0.000204,0.000000
urging,6,0.000204,0.000000,0.000000,0.000000,0.000204,0.000000,0.000000,0.000407,0.000000,0.000000,0.000204,0.000000,0.000000,0.000000,0.000000,0.000000,0.000000,0.000000,0.000204,0.000000,0.000000,0.000000
seeking,6,0.000000,0.000000,0.000000,0.000000,0.000204,0.000000,0.000204,0.000407,0.000000,0.000000,0.000000,0.000000,0.000000,0.000000,0.000000,0.000000,0.000407,0.000000,0.000000,0.000000,0.000000,0.000000
remaining,6,0.000000,0.000000,0.000000,0.000000,0.000407,0.000000,0.000000,0.000407,0.000000,0.000000,0.000000,0.000000,0.000000,0.000000,0.000000,0.000204,0.000000,0.000000,0.000204,0.000000,0.000000,0.000000
pushing,6,0.000204,0.000000,0.000000,0.000000,0.000000,0.000000,0.000204,0.000407,0.000000,0.000204,0.000204,0.000000,0.000000,0.000000,0.000000,0.000000,0.000000,0.000000,0.000000,0.000000,0.000000,0.000000
indicating,6,0.000000,0.000000,0.000000,0.000000,0.000000,0.000000,0.000000,0.000204,0.000000,0.000204,0.000000,0.000000,0.000204,0.000407,0.000000,0.000000,0.000204,0.000000,0.000000,0.000000,0.000000,0.000000
improving,6,0.000000,0.000000,0.000000,0.000000,0.000000,0.000407,0.000000,0.000204,0.000000,0.000204,0.000000,0.000000,0.000000,0.000000,0.000000,0.000000,0.000204,0.000204,0.000000,0.000000,0.000000,0.000000
grounding,6,0.000000,0.000000,0.000000,0.000204,0.000000,0.000000,0.000000,0.000204,0.000000,0.000000,0.000000,0.000000,0.000000,0.000000,0.000000,0.000000,0.000611,0.000000,0.000000,0.000204,0.000000,0.000000
giving,6,0.000000,0.000204,0.000000,0.000000,0.000204,0.000000,0.000000,0.000204,0.000000,0.000000,0.000204,0.000000,0.000000,0.000407,0.000000,0.000000,0.000000,0.000000,0.000000,0.000000,0.000000,0.000000
getting,6,0.000000,0.000000,0.000000,0.000000,0.000000,0.000000,0.000000,0.000814,0.000000,0.000000,0.000000,0.000000,0.000204,0.000000,0.000204,0.000000,0.000000,0.000000,0.000000,0.000000,0.000000,0.000000
gathering,6,0.000000,0.000000,0.000000,0.000000,0.000000,0.000407,0.000000,0.000204,0.000000,0.000204,0.000000,0.000000,0.000000,0.000204,0.000204,0.000000,0.000000,0.000000,0.000000,0.000000,0.000000,0.000000
facing,6,0.000000,0.000000,0.000000,0.000204,0.000204,0.000407,0.000000,0.000204,0.000000,0.000000,0.000000,0.000000,0.000000,0.000000,0.000000,0.000000,0.000000,0.000000,0.000000,0.000000,0.000204,0.000000
expanding,6,0.000204,0.000000,0.000000,0.000000,0.000204,0.000000,0.000000,0.000204,0.000000,0.000000,0.000000,0.000000,0.000000,0.000204,0.000000,0.000204,0.000000,0.000000,0.000000,0.000000,0.000204,0.000000
entering,6,0.000000,0.000000,0.000000,0.000000,0.000204,0.000000,0.000000,0.000204,0.000204,0.000204,0.000000,0.000000,0.000204,0.000000,0.000000,0.000000,0.000000,0.000000,0.000000,0.000000,0.000204,0.000000
drawing,6,0.000000,0.000000,0.000000,0.000000,0.000000,0.000204,0.000204,0.000204,0.000000,0.000204,0.000000,0.000204,0.000000,0.000204,0.000000,0.000000,0.000000,0.000000,0.000000,0.000000,0.000000,0.000000
directing,6,0.000000,0.000000,0.000000,0.000000,0.000000,0.000204,0.000000,0.000000,0.000000,0.000407,0.000000,0.000000,0.000407,0.000000,0.000000,0.000000,0.000000,0.000204,0.000000,0.000000,0.000000,0.000000
designing,6,0.000000,0.000204,0.000000,0.000000,0.000000,0.000000,0.000204,0.000204,0.000000,0.000000,0.000000,0.000000,0.000204,0.000204,0.000204,0.000000,0.000000,0.000000,0.000000,0.000000,0.000000,0.000000
containing,6,0.000000,0.000000,0.000000,0.000000,0.000000,0.000204,0.000000,0.000204,0.000000,0.000000,0.000000,0.000204,0.000000,0.000204,0.000000,0.000000,0.000204,0.000000,0.000000,0.000204,0.000000,0.000000
coming,6,0.000000,0.000204,0.000000,0.000000,0.000000,0.000204,0.000000,0.000000,0.000000,0.000204,0.000000,0.000204,0.000000,0.000204,0.000000,0.000000,0.000000,0.000000,0.000000,0.000204,0.000000,0.000000
collecting,6,0.000000,0.000000,0.000000,0.000000,0.000000,0.000000,0.000000,0.000204,0.000000,0.000204,0.000000,0.000204,0.000000,0.000000,0.000204,0.000000,0.000000,0.000000,0.000000,0.000000,0.000407,0.000000
changing,6,0.000000,0.000000,0.000000,0.000204,0.000000,0.000407,0.000204,0.000000,0.000000,0.000000,0.000000,0.000000,0.000000,0.000204,0.000000,0.000000,0.000000,0.000000,0.000204,0.000000,0.000000,0.000000
transporting,5,0.000000,0.000000,0.000000,0.000000,0.000000,0.000204,0.000000,0.000000,0.000000,0.000407,0.000000,0.000000,0.000000,0.000000,0.000204,0.000000,0.000000,0.000000,0.000204,0.000000,0.000000,0.000000
transferring,5,0.000000,0.000000,0.000000,0.000000,0.000000,0.000000,0.000000,0.000000,0.000000,0.000000,0.000000,0.000000,0.000000,0.000407,0.000000,0.000204,0.000204,0.000000,0.000000,0.000204,0.000000,0.000000
suggesting,5,0.000000,0.000000,0.000000,0.000000,0.000000,0.000000,0.000204,0.000000,0.000000,0.000000,0.000000,0.000000,0.000000,0.000407,0.000000,0.000204,0.000204,0.000000,0.000000,0.000000,0.000000,0.000000
spring,5,0.000000,0.000000,0.000000,0.000000,0.000204,0.000000,0.000611,0.000000,0.000000,0.000000,0.000000,0.000000,0.000000,0.000000,0.000000,0.000000,0.000204,0.000000,0.000000,0.000000,0.000000,0.000000
reporting,5,0.000000,0.000000,0.000204,0.000000,0.000204,0.000000,0.000000,0.000000,0.000000,0.000407,0.000000,0.000000,0.000000,0.000204,0.000000,0.000000,0.000000,0.000000,0.000000,0.000000,0.000000,0.000000
replacing,5,0.000000,0.000000,0.000000,0.000000,0.000000,0.000000,0.000407,0.000000,0.000000,0.000000,0.000000,0.000000,0.000000,0.000000,0.000000,0.000000,0.000000,0.000204,0.000204,0.000000,0.000204,0.000000
placing,5,0.000000,0.000000,0.000000,0.000000,0.000000,0.000000,0.000000,0.000000,0.000204,0.000000,0.000000,0.000000,0.000204,0.000407,0.000000,0.000000,0.000000,0.000000,0.000000,0.000204,0.000000,0.000000
opening,5,0.000000,0.000000,0.000000,0.000000,0.000407,0.000000,0.000000,0.000000,0.000000,0.000204,0.000000,0.000000,0.000204,0.000000,0.000000,0.000000,0.000000,0.000000,0.000000,0.000000,0.000000,0.000204
noting,5,0.000000,0.000000,0.000000,0.000000,0.000000,0.000000,0.000407,0.000204,0.000000,0.000000,0.000204,0.000000,0.000000,0.000000,0.000000,0.000000,0.000204,0.000000,0.000000,0.000000,0.000000,0.000000
monitoring,5,0.000000,0.000000,0.000000,0.000000,0.000204,0.000204,0.000000,0.000000,0.000000,0.000000,0.000000,0.000000,0.000000,0.000000,0.000204,0.000000,0.000000,0.000204,0.000000,0.000000,0.000204,0.000000
measuring,5,0.000000,0.000000,0.000000,0.000000,0.000000,0.000204,0.000000,0.000000,0.000000,0.000000,0.000000,0.000204,0.000000,0.000000,0.000000,0.000000,0.000204,0.000000,0.000000,0.000000,0.000204,0.000000
marking,5,0.000000,0.000000,0.000000,0.000000,0.000000,0.000000,0.000000,0.000000,0.000000,0.000204,0.000000,0.000204,0.000000,0.000000,0.000204,0.000000,0.000000,0.000000,0.000000,0.000000,0.000000,0.000000
focusing,5,0.000000,0.000000,0.000000,0.000000,0.000000,0.000407,0.000000,0.000204,0.000000,0.000000,0.000000,0.000204,0.000000,0.000000,0.000000,0.000000,0.000204,0.000000,0.000000,0.000000,0.000000,0.000000
experiencing,5,0.000000,0.000000,0.000000,0.000000,0.000204,0.000000,0.000000,0.000000,0.000000,0.000000,0.000000,0.000000,0.000407,0.000204,0.000000,0.000000,0.000000,0.000204,0.000000,0.000000,0.000000,0.000000
examining,5,0.000000,0.000000,0.000000,0.000000,0.000000,0.000000,0.000000,0.000407,0.000000,0.000000,0.000000,0.000000,0.000000,0.000000,0.000000,0.000204,0.000000,0.000000,0.000204,0.000000,0.000204,0.000000
establishing,5,0.000000,0.000000,0.000000,0.000000,0.000000,0.000000,0.000000,0.000204,0.000000,0.000204,0.000000,0.000000,0.000204,0.000000,0.000000,0.000000,0.000204,0.000000,0.000000,0.000000,0.000000,0.000000
doing,5,0.000000,0.000000,0.000000,0.000000,0.000000,0.000204,0.000407,0.000407,0.000000,0.000000,0.000000,0.000000,0.000000,0.000000,0.000000,0.000000,0.000000,0.000000,0.000000,0.000000,0.000000,0.000000
delaying,5,0.000000,0.000204,0.000000,0.000000,0.000000,0.000204,0.000000,0.000000,0.000000,0.000000,0.000000,0.000204,0.000000,0.000407,0.000000,0.000000,0.000000,0.000000,0.000000,0.000000,0.000000,0.000000
declining,5,0.000000,0.000000,0.000000,0.000000,0.000000,0.000204,0.000000,0.000000,0.000204,0.000000,0.000000,0.000000,0.000000,0.000204,0.000000,0.000000,0.000000,0.000000,0.000407,0.000000,0.000000,0.000000
controlling,5,0.000000,0.000000,0.000000,0.000000,0.000000,0.000000,0.000000,0.000204,0.000000,0.000407,0.000407,0.000000,0.000000,0.000000,0.000000,0.000000,0.000000,0.000000,0.000000,0.000000,0.000000,0.000000
competing,5,0.000000,0.000000,0.000000,0.000000,0.000000,0.000000,0.000000,0.000611,0.000000,0.000000,0.000000,0.000000,0.000000,0.000000,0.000000,0.000000,0.000204,0.000000,0.000000,0.000000,0.000204,0.000000
cancelling,5,0.000000,0.000000,0.000000,0.000000,0.000204,0.000000,0.000204,0.000000,0.000000,0.000000,0.000000,0.000407,0.000000,0.000000,0.000000,0.000000,0.000000,0.000000,0.000204,0.000000,0.000000,0.000000
assembling,5,0.000000,0.000000,0.000000,0.000000,0.000000,0.000204,0.000000,0.000000,0.000000,0.000000,0.000000,0.000407,0.000000,0.000000,0.000000,0.000204,0.000204,0.000000,0.000000,0.000000,0.000000,0.000000
analyzing,5,0.000000,0.000000,0.000000,0.000000,0.000000,0.000000,0.000000,0.000204,0.000000,0.000204,0.000000,0.000407,0.000000,0.000000,0.000000,0.000000,0.000000,0.000000,0.000000,0.000204,0.000000,0.000000
wiring,4,0.000000,0.000000,0.000000,0.000000,0.000000,0.000000,0.000000,0.000000,0.000000,0.000000,0.000000,0.000000,0.000814,0.000000,0.000000,0.000000,0.000000,0.000000,0.000000,0.000000,0.000000,0.000000
weighing,4,0.000000,0.000000,0.000000,0.000000,0.000000,0.000000,0.000000,0.000204,0.000000,0.000000,0.000407,0.000000,0.000000,0.000204,0.000000,0.000000,0.000000,0.000000,0.000000,0.000000,0.000000,0.000000
unveiling,4,0.000000,0.000000,0.000000,0.000000,0.000204,0.000000,0.000000,0.000000,0.000000,0.000000,0.000204,0.000204,0.000000,0.000000,0.000000,0.000000,0.000000,0.000000,0.000000,0.000000,0.000204,0.000000
surrounding,4,0.000000,0.000204,0.000000,0.000000,0.000000,0.000204,0.000000,0.000407,0.000000,0.000000,0.000000,0.000000,0.000000,0.000000,0.000000,0.000000,0.000000,0.000000,0.000000,0.000000,0.000000,0.000000
succeeding,4,0.000000,0.000000,0.000000,0.000000,0.000000,0.000000,0.000000,0.000000,0.000000,0.000000,0.000000,0.000000,0.000000,0.000000,0.000000,0.000204,0.000204,0.000000,0.000000,0.000000,0.000407,0.000000
streamlining,4,0.000000,0.000000,0.000000,0.000000,0.000204,0.000000,0.000000,0.000407,0.000000,0.000204,0.000000,0.000000,0.000000,0.000000,0.000000,0.000000,0.000000,0.000000,0.000000,0.000000,0.000000,0.000000
starting,4,0.000000,0.000000,0.000000,0.000000,0.000000,0.000204,0.000000,0.000000,0.000000,0.000204,0.000000,0.000000,0.000000,0.000000,0.000000,0.000000,0.000000,0.000000,0.000000,0.000000,0.000000,0.000000
running,4,0.000000,0.000000,0.000000,0.000000,0.000000,0.000204,0.000204,0.000000,0.000000,0.000000,0.000000,0.000000,0.000000,0.000204,0.000000,0.000000,0.000204,0.000000,0.000000,0.000000,0.000000,0.000000
reviewing,4,0.000000,0.000000,0.000000,0.000000,0.000204,0.000000,0.000000,0.000204,0.000000,0.000000,0.000000,0.000000,0.000407,0.000000,0.000000,0.000000,0.000000,0.000000,0.000000,0.000000,0.000000,0.000000
resuming,4,0.000000,0.000000,0.000000,0.000000,0.000000,0.000000,0.000000,0.000000,0.000000,0.000204,0.000000,0.000000,0.000000,0.000000,0.000000,0.000000,0.000407,0.000000,0.000204,0.000000,0.000000,0.000000
restructuring,4,0.000000,0.000000,0.000000,0.000000,0.000204,0.000204,0.000000,0.000000,0.000000,0.000204,0.000000,0.000000,0.000000,0.000000,0.000000,0.000000,0.000000,0.000000,0.000204,0.000000,0.000000,0.000000
recognizing,4,0.000000,0.000000,0.000000,0.000000,0.000204,0.000000,0.000000,0.000000,0.000000,0.000204,0.000000,0.000000,0.000000,0.000407,0.000000,0.000000,0.000000,0.000000,0.000000,0.000000,0.000000,0.000000
reading,4,0.000204,0.000000,0.000000,0.000000,0.000204,0.000000,0.000000,0.000204,0.000000,0.000000,0.000000,0.000000,0.000000,0.000204,0.000000,0.000000,0.000000,0.000000,0.000000,0.000000,0.000000,0.000000
ranging,4,0.000000,0.000000,0.000000,0.000000,0.000000,0.000204,0.000000,0.000000,0.000204,0.000000,0.000000,0.000000,0.000000,0.000000,0.000000,0.000000,0.000204,0.000000,0.000000,0.000204,0.000000,0.000000
promoting,4,0.000000,0.000000,0.000000,0.000000,0.000204,0.000000,0.000204,0.000204,0.000000,0.000000,0.000000,0.000000,0.000000,0.000000,0.000204,0.000000,0.000000,0.000000,0.000000,0.000000,0.000000,0.000000
proceeding,4,0.000000,0.000000,0.000000,0.000000,0.000204,0.000000,0.000000,0.000204,0.000000,0.000204,0.000000,0.000000,0.000000,0.000000,0.000000,0.000000,0.000000,0.000000,0.000000,0.000000,0.000000,0.000000
preparing,4,0.000000,0.000000,0.000000,0.000000,0.000204,0.000000,0.000000,0.000000,0.000000,0.000000,0.000000,0.000000,0.000000,0.000000,0.000000,0.000204,0.000000,0.000000,0.000204,0.000000,0.000204,0.000000
predicting,4,0.000000,0.000000,0.000000,0.000000,0.000000,0.000000,0.000000,0.000000,0.000000,0.000204,0.000000,0.000407,0.000000,0.000000,0.000000,0.000000,0.000000,0.000000,0.000000,0.000000,0.000000,0.000000
preceding,4,0.000204,0.000204,0.000000,0.000000,0.000000,0.000000,0.000000,0.000000,0.000000,0.000000,0.000000,0.000204,0.000000,0.000000,0.000000,0.000000,0.000204,0.000000,0.000000,0.000000,0.000000,0.000000
praising,4,0.000000,0.000000,0.000000,0.000000,0.000204,0.000000,0.000000,0.000204,0.000000,0.000204,0.000000,0.000000,0.000000,0.000000,0.000000,0.000000,0.000000,0.000000,0.000000,0.000000,0.000204,0.000000
obtaining,4,0.000000,0.000000,0.000000,0.000000,0.000407,0.000000,0.000000,0.000204,0.000000,0.000000,0.000000,0.000000,0.000000,0.000000,0.000000,0.000000,0.000204,0.000000,0.000000,0.000000,0.000000,0.000000
losing,4,0.000000,0.000000,0.000000,0.000000,0.000000,0.000000,0.000407,0.000000,0.000000,0.000000,0.000000,0.000204,0.000000,0.000204,0.000000,0.000000,0.000000,0.000000,0.000000,0.000000,0.000000,0.000000
learning,4,0.000000,0.000000,0.000000,0.000000,0.000000,0.000000,0.000000,0.000204,0.000000,0.000000,0.000204,0.000000,0.000000,0.000000,0.000000,0.000407,0.000000,0.000000,0.000000,0.000000,0.000000,0.000000
lasting,4,0.000000,0.000000,0.000000,0.000000,0.000000,0.000000,0.000000,0.000000,0.000000,0.000204,0.000000,0.000000,0.000000,0.000000,0.000000,0.000000,0.000000,0.000000,0.000000,0.000000,0.000000,0.000204
housing,4,0.000000,0.000000,0.000000,0.000000,0.000000,0.000000,0.000000,0.000204,0.000000,0.000000,0.000000,0.000204,0.000204,0.000000,0.000000,0.000000,0.000000,0.000000,0.000000,0.000000,0.000000,0.000000
holding,4,0.000000,0.000000,0.000000,0.000000,0.000204,0.000000,0.000000,0.000000,0.000000,0.000000,0.000204,0.000000,0.000000,0.000000,0.000000,0.000000,0.000204,0.000000,0.000000,0.000000,0.000000,0.000204
governing,4,0.000000,0.000000,0.000000,0.000000,0.000000,0.000000,0.000204,0.000204,0.000000,0.000000,0.000000,0.000000,0.000000,0.000000,0.000000,0.000000,0.000000,0.000000,0.000204,0.000000,0.000204,0.000000
financing,4,0.000000,0.000000,0.000000,0.000000,0.000000,0.000407,0.000000,0.000204,0.000000,0.000000,0.000000,0.000000,0.000000,0.000204,0.000000,0.000000,0.000000,0.000000,0.000000,0.000000,0.000000,0.000000
falling,4,0.000000,0.000000,0.000000,0.000000,0.000000,0.000000,0.000000,0.000000,0.000000,0.000000,0.000000,0.000000,0.000000,0.000000,0.000000,0.000000,0.000611,0.000000,0.000000,0.000000,0.000000,0.000204
explaining,4,0.000000,0.000000,0.000000,0.000000,0.000000,0.000000,0.000000,0.000000,0.000000,0.000000,0.000204,0.000204,0.000204,0.000000,0.000000,0.000204,0.000000,0.000000,0.000000,0.000000,0.000000,0.000000
evaluating,4,0.000000,0.000000,0.000000,0.000000,0.000000,0.000204,0.000000,0.000204,0.000000,0.000000,0.000000,0.000000,0.000000,0.000204,0.000000,0.000000,0.000204,0.000000,0.000000,0.000000,0.000000,0.000000
enabling,4,0.000000,0.000000,0.000000,0.000000,0.000000,0.000000,0.000000,0.000204,0.000000,0.000000,0.000000,0.000000,0.000000,0.000204,0.000000,0.000000,0.000204,0.000000,0.000000,0.000000,0.000204,0.000000
contracting,4,0.000000,0.000000,0.000000,0.000000,0.000407,0.000000,0.000407,0.000000,0.000000,0.000000,0.000000,0.000000,0.000000,0.000000,0.000000,0.000000,0.000000,0.000000,0.000000,0.000000,0.000000,0.000000
commercializing,4,0.000000,0.000204,0.000000,0.000000,0.000000,0.000000,0.000000,0.000000,0.000000,0.000204,0.000000,0.000204,0.000000,0.000204,0.000000,0.000000,0.000000,0.000000,0.000000,0.000000,0.000000,0.000000
citing,4,0.000000,0.000000,0.000000,0.000000,0.000000,0.000000,0.000000,0.000000,0.000000,0.000204,0.000000,0.000000,0.000000,0.000204,0.000000,0.000204,0.000204,0.000000,0.000000,0.000000,0.000000,0.000000
challenging,4,0.000000,0.000000,0.000000,0.000000,0.000000,0.000000,0.000000,0.000000,0.000000,0.000000,0.000204,0.000204,0.000000,0.000204,0.000000,0.000000,0.000000,0.000000,0.000000,0.000000,0.000204,0.000000
canceling,4,0.000000,0.000000,0.000000,0.000000,0.000000,0.000000,0.000000,0.000204,0.000000,0.000204,0.000000,0.000204,0.000204,0.000000,0.000000,0.000000,0.000000,0.000000,0.000000,0.000000,0.000000,0.000000
breaking,4,0.000000,0.000000,0.000000,0.000000,0.000000,0.000000,0.000000,0.000000,0.000000,0.000204,0.000204,0.000000,0.000000,0.000000,0.000204,0.000000,0.000204,0.000000,0.000000,0.000000,0.000000,0.000000
announcing,4,0.000000,0.000000,0.000000,0.000000,0.000000,0.000000,0.000000,0.000000,0.000000,0.000204,0.000000,0.000204,0.000000,0.000000,0.000000,0.000204,0.000204,0.000000,0.000000,0.000000,0.000000,0.000000
affecting,4,0.000000,0.000000,0.000000,0.000000,0.000000,0.000000,0.000000,0.000204,0.000000,0.000000,0.000000,0.000000,0.000000,0.000407,0.000000,0.000000,0.000204,0.000000,0.000000,0.000000,0.000000,0.000000
winning,3,0.000000,0.000000,0.000000,0.000000,0.000000,0.000000,0.000204,0.000000,0.000000,0.000000,0.000000,0.000204,0.000000,0.000000,0.000000,0.000000,0.000000,0.000000,0.000000,0.000000,0.000204,0.000000
visiting,3,0.000204,0.000000,0.000000,0.000000,0.000204,0.000000,0.000000,0.000204,0.000000,0.000000,0.000000,0.000000,0.000000,0.000000,0.000000,0.000000,0.000000,0.000000,0.000000,0.000000,0.000000,0.000000
undertaking,3,0.000000,0.000000,0.000000,0.000000,0.000000,0.000000,0.000000,0.000000,0.000000,0.000000,0.000204,0.000204,0.000204,0.000000,0.000000,0.000000,0.000000,0.000000,0.000000,0.000000,0.000000,0.000000
trying,3,0.000000,0.000000,0.000000,0.000000,0.000204,0.000000,0.000000,0.000000,0.000000,0.000000,0.000204,0.000204,0.000000,0.000000,0.000000,0.000000,0.000000,0.000000,0.000000,0.000000,0.000000,0.000000
testifying,3,0.000204,0.000000,0.000000,0.000000,0.000000,0.000000,0.000000,0.000204,0.000000,0.000000,0.000000,0.000000,0.000000,0.000000,0.000000,0.000000,0.000000,0.000000,0.000204,0.000000,0.000000,0.000000
sustaining,3,0.000000,0.000000,0.000000,0.000000,0.000000,0.000000,0.000000,0.000000,0.000000,0.000204,0.000000,0.000000,0.000000,0.000000,0.000000,0.000000,0.000000,0.000000,0.000000,0.000000,0.000000,0.000407
submitting,3,0.000000,0.000000,0.000000,0.000000,0.000000,0.000000,0.000000,0.000204,0.000000,0.000000,0.000000,0.000000,0.000000,0.000000,0.000000,0.000000,0.000204,0.000000,0.000000,0.000000,0.000000,0.000204
string,3,0.000000,0.000000,0.000000,0.000000,0.000000,0.000000,0.000204,0.000000,0.000000,0.000204,0.000204,0.000000,0.000000,0.000000,0.000000,0.000000,0.000000,0.000000,0.000000,0.000000,0.000000,0.000000
stressing,3,0.000000,0.000000,0.000000,0.000000,0.000204,0.000000,0.000000,0.000407,0.000000,0.000000,0.000000,0.000000,0.000000,0.000000,0.000000,0.000000,0.000000,0.000000,0.000000,0.000000,0.000000,0.000000
sting,3,0.000000,0.000000,0.000000,0.000000,0.000000,0.000000,0.000204,0.000407,0.000000,0.000000,0.000000,0.000000,0.000000,0.000000,0.000000,0.000000,0.000000,0.000000,0.000000,0.000000,0.000000,0.000000
steering,3,0.000000,0.000000,0.000000,0.000204,0.000000,0.000000,0.000000,0.000000,0.000000,0.000000,0.000000,0.000204,0.000000,0.000204,0.000000,0.000000,0.000000,0.000000,0.000000,0.000000,0.000000,0.000000
soaring,3,0.000000,0.000000,0.000000,0.000000,0.000000,0.000000,0.000000,0.000000,0.000000,0.000000,0.000000,0.000000,0.000611,0.000000,0.000000,0.000000,0.000000,0.000000,0.000000,0.000000,0.000000,0.000000
shielding,3,0.000000,0.000000,0.000000,0.000000,0.000000,0.000000,0.000000,0.000204,0.000000,0.000000,0.000000,0.000000,0.000000,0.000000,0.000000,0.000000,0.000407,0.000000,0.000000,0.000000,0.000000,0.000000
sharing,3,0.000000,0.000000,0.000000,0.000000,0.000000,0.000000,0.000000,0.000000,0.000000,0.000000,0.000000,0.000000,0.000000,0.000000,0.000000,0.000611,0.000000,0.000000,0.000000,0.000000,0.000000,0.000000
settling,3,0.000407,0.000000,0.000000,0.000000,0.000000,0.000000,0.000000,0.000000,0.000000,0.000000,0.000000,0.000204,0.000000,0.000000,0.000000,0.000000,0.000000,0.000000,0.000000,0.000000,0.000000,0.000000
sensing,3,0.000000,0.000000,0.000000,0.000000,0.000000,0.000000,0.000000,0.000407,0.000000,0.000000,0.000204,0.000000,0.000000,0.000000,0.000000,0.000000,0.000000,0.000000,0.000000,0.000000,0.000000,0.000000
selling,3,0.000000,0.000000,0.000000,0.000000,0.000000,0.000204,0.000000,0.000000,0.000000,0.000000,0.000000,0.000000,0.000204,0.000204,0.000000,0.000000,0.000000,0.000000,0.000000,0.000000,0.000000,0.000000
saving,3,0.000000,0.000000,0.000000,0.000000,0.000000,0.000000,0.000000,0.000407,0.000000,0.000000,0.000000,0.000000,0.000000,0.000000,0.000000,0.000000,0.000204,0.000000,0.000000,0.000000,0.000000,0.000000
producing,3,0.000000,0.000000,0.000000,0.000000,0.000000,0.000204,0.000000,0.000000,0.000000,0.000000,0.000000,0.000000,0.000000,0.000000,0.000000,0.000000,0.000000,0.000000,0.000204,0.000000,0.000204,0.000000
positioning,3,0.000000,0.000000,0.000000,0.000000,0.000000,0.000000,0.000204,0.000204,0.000000,0.000000,0.000000,0.000000,0.000000,0.000000,0.000204,0.000000,0.000000,0.000000,0.000000,0.000000,0.000000,0.000000
permitting,3,0.000204,0.000000,0.000000,0.000000,0.000000,0.000000,0.000000,0.000000,0.000000,0.000204,0.000000,0.000000,0.000000,0.000000,0.000204,0.000000,0.000000,0.000000,0.000000,0.000000,0.000000,0.000000
paying,3,0.000000,0.000204,0.000000,0.000000,0.000000,0.000000,0.000000,0.000407,0.000000,0.000000,0.000000,0.000000,0.000000,0.000000,0.000000,0.000000,0.000000,0.000000,0.000000,0.000000,0.000000,0.000000
outlining,3,0.000000,0.000000,0.000000,0.000000,0.000000,0.000000,0.000000,0.000000,0.000000,0.000000,0.000204,0.000000,0.000000,0.000204,0.000000,0.000204,0.000000,0.000000,0.000000,0.000000,0.000000,0.000000
offering,3,0.000000,0.000000,0.000000,0.000000,0.000000,0.000204,0.000000,0.000000,0.000000,0.000204,0.000204,0.000000,0.000000,0.000000,0.000000,0.000000,0.000000,0.000000,0.000000,0.000000,0.000000,0.000000
naming,3,0.000000,0.000000,0.000000,0.000000,0.000000,0.000204,0.000000,0.000000,0.000000,0.000000,0.000000,0.000000,0.000204,0.000000,0.000204,0.000000,0.000000,0.000000,0.000000,0.000000,0.000000,0.000000
marketing,3,0.000000,0.000204,0.000000,0.000000,0.000000,0.000000,0.000000,0.000000,0.000000,0.000407,0.000000,0.000000,0.000000,0.000000,0.000000,0.000000,0.000000,0.000000,0.000000,0.000000,0.000000,0.000000
living,3,0.000000,0.000000,0.000000,0.000000,0.000000,0.000204,0.000000,0.000000,0.000000,0.000000,0.000000,0.000000,0.000000,0.000204,0.000000,0.000000,0.000204,0.000000,0.000000,0.000000,0.000000,0.000000
laying,3,0.000000,0.000000,0.000000,0.000000,0.000000,0.000000,0.000204,0.000000,0.000000,0.000000,0.000000,0.000000,0.000000,0.000000,0.000000,0.000204,0.000000,0.000000,0.000000,0.000000,0.000204,0.000000
killing,3,0.000000,0.000000,0.000204,0.000000,0.000000,0.000000,0.000204,0.000204,0.000000,0.000000,0.000000,0.000000,0.000000,0.000000,0.000000,0.000000,0.000000,0.000000,0.000000,0.000000,0.000000,0.000000
initiating,3,0.000000,0.000000,0.000000,0.000000,0.000000,0.000000,0.000204,0.000000,0.000000,0.000000,0.000000,0.000000,0.000000,0.000204,0.000000,0.000000,0.000204,0.000000,0.000000,0.000000,0.000000,0.000000
identifying,3,0.000000,0.000000,0.000000,0.000000,0.000000,0.000000,0.000000,0.000000,0.000000,0.000000,0.000000,0.000000,0.000000,0.000000,0.000204,0.000000,0.000000,0.000000,0.000000,0.000204,0.000204,0.000000
hiring,3,0.000000,0.000000,0.000000,0.000000,0.000000,0.000407,0.000000,0.000000,0.000000,0.000000,0.000000,0.000000,0.000000,0.000000,0.000000,0.000000,0.000000,0.000000,0.000000,0.000000,0.000000,0.000204
forecasting,3,0.000000,0.000000,0.000000,0.000000,0.000000,0.000000,0.000000,0.000000,0.000204,0.000000,0.000000,0.000000,0.000000,0.000204,0.000000,0.000000,0.000000,0.000000,0.000000,0.000000,0.000000,0.000000
featuring,3,0.000000,0.000000,0.000000,0.000000,0.000000,0.000204,0.000000,0.000000,0.000000,0.000000,0.000204,0.000000,0.000204,0.000000,0.000000,0.000000,0.000000,0.000000,0.000000,0.000000,0.000000,0.000000
failing,3,0.000000,0.000000,0.000000,0.000000,0.000000,0.000000,0.000000,0.000000,0.000000,0.000000,0.000204,0.000000,0.000000,0.000407,0.000000,0.000000,0.000000,0.000000,0.000000,0.000000,0.000000,0.000000
facilitating,3,0.000000,0.000000,0.000000,0.000000,0.000000,0.000000,0.000000,0.000000,0.000000,0.000204,0.000000,0.000000,0.000000,0.000000,0.000000,0.000407,0.000000,0.000000,0.000000,0.000000,0.000000,0.000000
expressing,3,0.000000,0.000000,0.000000,0.000000,0.000407,0.000000,0.000000,0.000204,0.000000,0.000000,0.000000,0.000000,0.000000,0.000000,0.000000,0.000000,0.000000,0.000000,0.000000,0.000000,0.000000,0.000000
evolving,3,0.000000,0.000000,0.000000,0.000000,0.000000,0.000000,0.000000,0.000000,0.000000,0.000000,0.000000,0.000000,0.000000,0.000000,0.000000,0.000000,0.000204,0.000000,0.000000,0.000000,0.000000,0.000000
ensuring,3,0.000000,0.000000,0.000000,0.000000,0.000000,0.000000,0.000000,0.000000,0.000000,0.000000,0.000000,0.000000,0.000204,0.000000,0.000000,0.000000,0.000000,0.000204,0.000000,0.000204,0.000000,0.000000
encouraging,3,0.000000,0.000000,0.000000,0.000000,0.000000,0.000000,0.000000,0.000000,0.000000,0.000000,0.000611,0.000000,0.000000,0.000000,0.000000,0.000000,0.000000,0.000000,0.000000,0.000000,0.000000,0.000000
emphasizing,3,0.000000,0.000000,0.000000,0.000000,0.000204,0.000000,0.000000,0.000204,0.000000,0.000000,0.000000,0.000000,0.000000,0.000000,0.000000,0.000000,0.000000,0.000000,0.000000,0.000204,0.000000,0.000000
dragging,3,0.000000,0.000000,0.000000,0.000000,0.000000,0.000000,0.000000,0.000000,0.000000,0.000000,0.000611,0.000000,0.000000,0.000000,0.000000,0.000000,0.000000,0.000000,0.000000,0.000000,0.000000,0.000000
determining,3,0.000000,0.000000,0.000000,0.000000,0.000000,0.000000,0.000000,0.000000,0.000000,0.000000,0.000000,0.000000,0.000000,0.000000,0.000000,0.000204,0.000000,0.000000,0.000000,0.000407,0.000000,0.000000
describing,3,0.000000,0.000000,0.000000,0.000000,0.000000,0.000000,0.000000,0.000000,0.000000,0.000000,0.000000,0.000000,0.000000,0.000000,0.000000,0.000000,0.000407,0.000000,0.000000,0.000000,0.000000,0.000000
defining,3,0.000000,0.000000,0.000000,0.000000,0.000000,0.000000,0.000000,0.000000,0.000000,0.000000,0.000000,0.000000,0.000000,0.000000,0.000000,0.000000,0.000000,0.000000,0.000204,0.000000,0.000204,0.000000
contributing,3,0.000000,0.000000,0.000000,0.000000,0.000000,0.000000,0.000000,0.000000,0.000000,0.000000,0.000000,0.000000,0.000000,0.000000,0.000000,0.000000,0.000000,0.000000,0.000000,0.000204,0.000000,0.000204
combining,3,0.000000,0.000000,0.000000,0.000000,0.000000,0.000000,0.000000,0.000204,0.000000,0.000000,0.000000,0.000000,0.000000,0.000204,0.000000,0.000000,0.000000,0.000000,0.000000,0.000000,0.000000,0.000000
celebrating,3,0.000000,0.000000,0.000000,0.000000,0.000000,0.000000,0.000000,0.000000,0.000000,0.000000,0.000204,0.000204,0.000000,0.000000,0.000204,0.000000,0.000000,0.000000,0.000000,0.000000,0.000000,0.000000
briefing,3,0.000000,0.000000,0.000000,0.000000,0.000204,0.000000,0.000000,0.000000,0.000000,0.000000,0.000000,0.000000,0.000204,0.000000,0.000000,0.000000,0.000204,0.000000,0.000000,0.000000,0.000000,0.000000
bearing,3,0.000000,0.000204,0.000000,0.000000,0.000000,0.000204,0.000204,0.000000,0.000000,0.000000,0.000000,0.000000,0.000000,0.000000,0.000000,0.000000,0.000000,0.000000,0.000000,0.000000,0.000000,0.000000
awaiting,3,0.000000,0.000000,0.000000,0.000000,0.000000,0.000204,0.000000,0.000204,0.000000,0.000000,0.000000,0.000000,0.000000,0.000000,0.000204,0.000000,0.000000,0.000000,0.000000,0.000000,0.000000,0.000000
attending,3,0.000000,0.000000,0.000000,0.000000,0.000000,0.000000,0.000000,0.000611,0.000000,0.000000,0.000000,0.000000,0.000000,0.000000,0.000000,0.000000,0.000000,0.000000,0.000000,0.000000,0.000000,0.000000
attempting,3,0.000000,0.000000,0.000000,0.000000,0.000000,0.000000,0.000204,0.000000,0.000000,0.000000,0.000204,0.000000,0.000204,0.000000,0.000000,0.000000,0.000000,0.000000,0.000000,0.000000,0.000000,0.000000
attaching,3,0.000000,0.000000,0.000000,0.000000,0.000000,0.000000,0.000000,0.000000,0.000000,0.000204,0.000000,0.000000,0.000000,0.000204,0.000000,0.000000,0.000204,0.000000,0.000000,0.000000,0.000000,0.000000
asking,3,0.000204,0.000000,0.000000,0.000000,0.000000,0.000000,0.000000,0.000407,0.000000,0.000000,0.000000,0.000000,0.000000,0.000000,0.000000,0.000000,0.000000,0.000000,0.000000,0.000000,0.000000,0.000000
approaching,3,0.000000,0.000000,0.000000,0.000000,0.000000,0.000204,0.000000,0.000000,0.000000,0.000000,0.000000,0.000000,0.000000,0.000204,0.000000,0.000000,0.000000,0.000000,0.000204,0.000000,0.000000,0.000000
addressing,3,0.000000,0.000000,0.000000,0.000000,0.000204,0.000000,0.000000,0.000204,0.000000,0.000000,0.000000,0.000000,0.000000,0.000000,0.000000,0.000000,0.000000,0.000000,0.000000,0.000000,0.000204,0.000000
achieving,3,0.000000,0.000000,0.000000,0.000000,0.000000,0.000000,0.000204,0.000000,0.000000,0.000000,0.000000,0.000204,0.000000,0.000000,0.000000,0.000000,0.000000,0.000204,0.000000,0.000000,0.000000,0.000000
accepting,3,0.000000,0.000000,0.000000,0.000000,0.000000,0.000000,0.000407,0.000000,0.000000,0.000000,0.000000,0.000000,0.000000,0.000000,0.000000,0.000000,0.000000,0.000000,0.000000,0.000000,0.000000,0.000204
