the satellite,54,0.001413,0.001413,0.004240,0.002827,0.004240,0.001413,0.009894,0.005654,0.001413,0.015548,0.000000,0.002827,0.007067,0.004240,0.001413,0.004240,0.001413,0.001413,0.000000,0.001413,0.001413,0.002827
the first,37,0.002827,0.001413,0.001413,0.001413,0.002827,0.002827,0.005654,0.000000,0.000000,0.000000,0.000000,0.000000,0.000000,0.001413,0.001413,0.002827,0.001413,0.004240,0.001413,0.004240,0.012721,0.002827
the european,15,0.001413,0.000000,0.001413,0.000000,0.007067,0.001413,0.004240,0.001413,0.000000,0.001413,0.000000,0.000000,0.000000,0.000000,0.000000,0.000000,0.000000,0.001413,0.000000,0.001413,0.000000,0.000000
the craft,15,0.000000,0.000000,0.000000,0.000000,0.000000,0.000000,0.000000,0.000000,0.000000,0.000000,0.000000,0.000000,0.001413,0.000000,0.000000,0.000000,0.005654,0.000000,0.000000,0.001413,0.008481,0.001413
the university,14,0.000000,0.000000,0.000000,0.000000,0.000000,0.000000,0.000000,0.002827,0.000000,0.001413,0.000000,0.000000,0.000000,0.004240,0.000000,0.001413,0.002827,0.004240,0.000000,0.000000,0.001413,0.001413
the universe,13,0.000000,0.000000,0.000000,0.000000,0.001413,0.000000,0.001413,0.000000,0.001413,0.000000,0.000000,0.000000,0.000000,0.000000,0.002827,0.002827,0.000000,0.000000,0.000000,0.007067,0.000000,0.001413
the earth,11,0.001413,0.000000,0.000000,0.001413,0.000000,0.005654,0.002827,0.002827,0.000000,0.000000,0.000000,0.000000,0.000000,0.000000,0.000000,0.001413,0.000000,0.000000,0.000000,0.000000,0.000000,0.000000
the sun,10,0.000000,0.000000,0.000000,0.000000,0.002827,0.001413,0.000000,0.000000,0.000000,0.000000,0.000000,0.004240,0.000000,0.000000,0.001413,0.002827,0.000000,0.000000,0.001413,0.000000,0.000000,0.000000
the mission,9,0.000000,0.000000,0.000000,0.001413,0.001413,0.000000,0.000000,0.000000,0.000000,0.000000,0.000000,0.000000,0.001413,0.000000,0.000000,0.001413,0.001413,0.000000,0.000000,0.001413,0.002827,0.000000
the spacecraft,8,0.000000,0.000000,0.000000,0.000000,0.000000,0.000000,0.000000,0.001413,0.000000,0.000000,0.000000,0.002827,0.000000,0.001413,0.001413,0.000000,0.000000,0.000000,0.000000,0.000000,0.001413,0.001413
the project,8,0.000000,0.000000,0.000000,0.001413,0.004240,0.001413,0.001413,0.000000,0.001413,0.000000,0.000000,0.000000,0.000000,0.000000,0.000000,0.000000,0.001413,0.000000,0.000000,0.000000,0.000000,0.000000
the atmosphere,8,0.000000,0.000000,0.000000,0.001413,0.001413,0.000000,0.000000,0.000000,0.001413,0.000000,0.000000,0.001413,0.000000,0.000000,0.000000,0.000000,0.001413,0.002827,0.000000,0.000000,0.000000,0.000000
the agreement,8,0.002827,0.000000,0.001413,0.000000,0.000000,0.000000,0.001413,0.000000,0.000000,0.000000,0.000000,0.000000,0.000000,0.000000,0.000000,0.001413,0.000000,0.002827,0.000000,0.000000,0.000000,0.000000
a nasa,8,0.000000,0.001413,0.000000,0.000000,0.000000,0.000000,0.002827,0.001413,0.001413,0.000000,0.000000,0.000000,0.000000,0.000000,0.000000,0.000000,0.001413,0.001413,0.000000,0.000000,0.000000,0.001413
the world,7,0.000000,0.000000,0.000000,0.000000,0.000000,0.000000,0.004240,0.000000,0.000000,0.001413,0.001413,0.001413,0.000000,0.000000,0.000000,0.000000,0.000000,0.001413,0.000000,0.000000,0.000000,0.000000
the weather,7,0.000000,0.000000,0.000000,0.000000,0.001413,0.001413,0.001413,0.001413,0.000000,0.000000,0.000000,0.002827,0.000000,0.000000,0.000000,0.000000,0.000000,0.001413,0.000000,0.000000,0.000000,0.000000
the launch,7,0.000000,0.000000,0.000000,0.001413,0.002827,0.000000,0.001413,0.000000,0.000000,0.000000,0.000000,0.000000,0.000000,0.000000,0.000000,0.001413,0.000000,0.000000,0.001413,0.000000,0.000000,0.001413
the contract,7,0.000000,0.000000,0.001413,0.000000,0.001413,0.000000,0.000000,0.000000,0.000000,0.000000,0.000000,0.000000,0.000000,0.001413,0.000000,0.000000,0.002827,0.000000,0.000000,0.000000,0.002827,0.000000
the system,6,0.000000,0.000000,0.000000,0.001413,0.004240,0.001413,0.001413,0.000000,0.000000,0.000000,0.000000,0.000000,0.000000,0.000000,0.000000,0.000000,0.000000,0.000000,0.000000,0.000000,0.000000,0.000000
the ground,6,0.001413,0.000000,0.000000,0.000000,0.000000,0.000000,0.001413,0.001413,0.000000,0.000000,0.000000,0.001413,0.000000,0.000000,0.000000,0.000000,0.001413,0.000000,0.000000,0.000000,0.001413,0.000000
the failure,6,0.000000,0.000000,0.000000,0.000000,0.001413,0.000000,0.001413,0.001413,0.000000,0.000000,0.000000,0.002827,0.000000,0.000000,0.000000,0.000000,0.000000,0.000000,0.000000,0.000000,0.001413,0.000000
the equator,6,0.000000,0.001413,0.001413,0.001413,0.000000,0.000000,0.001413,0.000000,0.000000,0.000000,0.000000,0.000000,0.000000,0.000000,0.000000,0.002827,0.000000,0.000000,0.000000,0.000000,0.000000,0.000000
the end,6,0.000000,0.000000,0.000000,0.000000,0.002827,0.000000,0.001413,0.000000,0.000000,0.000000,0.000000,0.000000,0.001413,0.000000,0.000000,0.000000,0.000000,0.000000,0.000000,0.000000,0.002827,0.000000
the discovery,6,0.000000,0.000000,0.000000,0.000000,0.000000,0.000000,0.000000,0.000000,0.001413,0.001413,0.000000,0.000000,0.000000,0.000000,0.001413,0.001413,0.000000,0.000000,0.000000,0.001413,0.000000,0.001413
an esa,6,0.000000,0.001413,0.005654,0.000000,0.001413,0.000000,0.000000,0.000000,0.000000,0.000000,0.000000,0.000000,0.000000,0.000000,0.000000,0.000000,0.000000,0.000000,0.000000,0.000000,0.000000,0.000000
a satellite,6,0.000000,0.000000,0.001413,0.000000,0.002827,0.001413,0.000000,0.000000,0.002827,0.000000,0.000000,0.000000,0.000000,0.000000,0.000000,0.000000,0.000000,0.000000,0.000000,0.000000,0.000000,0.000000
a group,6,0.000000,0.000000,0.000000,0.000000,0.002827,0.000000,0.000000,0.000000,0.000000,0.000000,0.000000,0.000000,0.000000,0.000000,0.002827,0.001413,0.000000,0.001413,0.000000,0.000000,0.000000,0.000000
the test,5,0.000000,0.000000,0.000000,0.000000,0.000000,0.000000,0.000000,0.000000,0.000000,0.000000,0.000000,0.000000,0.000000,0.001413,0.000000,0.000000,0.000000,0.000000,0.000000,0.000000,0.005654,0.000000
the study,5,0.000000,0.000000,0.000000,0.000000,0.000000,0.002827,0.000000,0.000000,0.000000,0.000000,0.000000,0.000000,0.000000,0.000000,0.000000,0.000000,0.000000,0.000000,0.000000,0.000000,0.004240,0.000000
the result,5,0.000000,0.000000,0.000000,0.000000,0.002827,0.000000,0.000000,0.000000,0.000000,0.000000,0.000000,0.000000,0.000000,0.000000,0.001413,0.001413,0.000000,0.000000,0.000000,0.000000,0.001413,0.000000
the problem,5,0.000000,0.000000,0.000000,0.000000,0.002827,0.000000,0.000000,0.001413,0.000000,0.000000,0.000000,0.001413,0.000000,0.001413,0.000000,0.000000,0.000000,0.000000,0.000000,0.000000,0.000000,0.000000
the ozone,5,0.000000,0.000000,0.000000,0.000000,0.001413,0.004240,0.000000,0.000000,0.000000,0.000000,0.000000,0.000000,0.000000,0.000000,0.000000,0.000000,0.000000,0.000000,0.000000,0.001413,0.000000,0.000000
the kourou,5,0.000000,0.000000,0.007067,0.000000,0.000000,0.000000,0.000000,0.000000,0.000000,0.000000,0.000000,0.000000,0.000000,0.000000,0.000000,0.000000,0.000000,0.000000,0.000000,0.000000,0.000000,0.000000
the iss,5,0.000000,0.000000,0.000000,0.000000,0.000000,0.000000,0.000000,0.000000,0.000000,0.000000,0.000000,0.000000,0.000000,0.000000,0.001413,0.000000,0.000000,0.000000,0.000000,0.000000,0.000000,0.005654
the government,5,0.000000,0.000000,0.001413,0.001413,0.000000,0.001413,0.000000,0.001413,0.000000,0.000000,0.000000,0.001413,0.000000,0.000000,0.000000,0.000000,0.000000,0.000000,0.000000,0.000000,0.000000,0.000000
the explosion,5,0.000000,0.000000,0.000000,0.000000,0.000000,0.000000,0.000000,0.000000,0.000000,0.000000,0.000000,0.001413,0.000000,0.000000,0.000000,0.000000,0.000000,0.000000,0.002827,0.001413,0.000000,0.001413
the defense,5,0.000000,0.000000,0.000000,0.000000,0.002827,0.000000,0.000000,0.000000,0.001413,0.000000,0.000000,0.000000,0.000000,0.001413,0.000000,0.000000,0.000000,0.001413,0.000000,0.000000,0.000000,0.000000
the ariane,5,0.000000,0.002827,0.002827,0.000000,0.001413,0.000000,0.000000,0.000000,0.000000,0.000000,0.000000,0.000000,0.000000,0.000000,0.000000,0.000000,0.000000,0.000000,0.000000,0.000000,0.000000,0.000000
an agreement,5,0.001413,0.001413,0.001413,0.001413,0.000000,0.000000,0.000000,0.000000,0.000000,0.000000,0.000000,0.000000,0.000000,0.000000,0.000000,0.000000,0.000000,0.000000,0.000000,0.000000,0.000000,0.000000
a launch,5,0.001413,0.000000,0.001413,0.000000,0.001413,0.000000,0.001413,0.000000,0.000000,0.000000,0.000000,0.000000,0.000000,0.000000,0.000000,0.000000,0.001413,0.000000,0.000000,0.000000,0.000000,0.000000
the water,4,0.000000,0.000000,0.000000,0.000000,0.000000,0.000000,0.002827,0.001413,0.000000,0.000000,0.000000,0.000000,0.000000,0.000000,0.001413,0.000000,0.000000,0.000000,0.000000,0.000000,0.000000,0.000000
the team,4,0.000000,0.000000,0.000000,0.000000,0.000000,0.000000,0.000000,0.000000,0.000000,0.000000,0.000000,0.000000,0.000000,0.000000,0.002827,0.000000,0.000000,0.002827,0.000000,0.000000,0.000000,0.000000
the second,4,0.001413,0.000000,0.000000,0.001413,0.001413,0.000000,0.000000,0.000000,0.000000,0.000000,0.000000,0.000000,0.000000,0.001413,0.000000,0.000000,0.000000,0.000000,0.000000,0.000000,0.000000,0.000000
the pentagon,4,0.000000,0.000000,0.000000,0.000000,0.002827,0.002827,0.000000,0.000000,0.000000,0.000000,0.000000,0.000000,0.000000,0.000000,0.000000,0.000000,0.000000,0.000000,0.000000,0.000000,0.000000,0.000000
the ocean,4,0.000000,0.000000,0.000000,0.000000,0.000000,0.000000,0.000000,0.000000,0.000000,0.000000,0.000000,0.000000,0.000000,0.000000,0.000000,0.000000,0.000000,0.000000,0.000000,0.002827,0.000000,0.000000
the ice,4,0.000000,0.000000,0.000000,0.000000,0.000000,0.000000,0.000000,0.000000,0.000000,0.000000,0.000000,0.000000,0.000000,0.000000,0.000000,0.000000,0.000000,0.000000,0.000000,0.005654,0.000000,0.000000
the galaxy,4,0.000000,0.000000,0.000000,0.000000,0.000000,0.000000,0.000000,0.000000,0.000000,0.000000,0.000000,0.004240,0.000000,0.001413,0.000000,0.000000,0.000000,0.000000,0.000000,0.000000,0.000000,0.000000
the event,4,0.000000,0.000000,0.000000,0.000000,0.000000,0.000000,0.000000,0.000000,0.000000,0.000000,0.000000,0.001413,0.000000,0.000000,0.000000,0.001413,0.001413,0.000000,0.001413,0.000000,0.000000,0.000000
the esa,4,0.000000,0.000000,0.000000,0.000000,0.000000,0.000000,0.000000,0.000000,0.000000,0.000000,0.000000,0.001413,0.000000,0.004240,0.000000,0.000000,0.000000,0.000000,0.000000,0.000000,0.000000,0.000000
the distribution,4,0.000000,0.000000,0.000000,0.000000,0.000000,0.000000,0.000000,0.000000,0.000000,0.000000,0.000000,0.000000,0.000000,0.000000,0.000000,0.000000,0.001413,0.002827,0.000000,0.001413,0.000000,0.000000
the department,4,0.001413,0.001413,0.000000,0.000000,0.002827,0.000000,0.000000,0.000000,0.000000,0.000000,0.000000,0.000000,0.000000,0.000000,0.000000,0.000000,0.000000,0.000000,0.000000,0.000000,0.000000,0.000000
the cost,4,0.000000,0.000000,0.000000,0.004240,0.000000,0.001413,0.000000,0.000000,0.000000,0.000000,0.000000,0.000000,0.000000,0.000000,0.000000,0.000000,0.000000,0.000000,0.000000,0.000000,0.000000,0.000000
the amount,4,0.000000,0.000000,0.000000,0.000000,0.001413,0.000000,0.000000,0.000000,0.000000,0.000000,0.000000,0.000000,0.000000,0.000000,0.000000,0.000000,0.000000,0.004240,0.000000,0.000000,0.000000,0.000000
the amazon,4,0.000000,0.000000,0.000000,0.000000,0.000000,0.000000,0.005654,0.000000,0.000000,0.000000,0.000000,0.000000,0.000000,0.000000,0.000000,0.000000,0.000000,0.000000,0.000000,0.000000,0.000000,0.000000
a year,4,0.000000,0.000000,0.001413,0.000000,0.000000,0.000000,0.000000,0.000000,0.000000,0.000000,0.000000,0.000000,0.000000,0.001413,0.000000,0.001413,0.000000,0.000000,0.000000,0.000000,0.000000,0.000000
a team,4,0.000000,0.000000,0.000000,0.000000,0.000000,0.000000,0.000000,0.000000,0.000000,0.000000,0.000000,0.000000,0.000000,0.000000,0.000000,0.000000,0.000000,0.001413,0.000000,0.000000,0.002827,0.001413
a series,4,0.000000,0.000000,0.000000,0.000000,0.000000,0.001413,0.002827,0.000000,0.000000,0.000000,0.000000,0.000000,0.000000,0.001413,0.000000,0.000000,0.000000,0.000000,0.000000,0.000000,0.000000,0.000000
a european,4,0.000000,0.001413,0.002827,0.000000,0.000000,0.001413,0.000000,0.000000,0.000000,0.000000,0.000000,0.000000,0.000000,0.000000,0.000000,0.000000,0.000000,0.000000,0.000000,0.000000,0.000000,0.000000
a contract,4,0.002827,0.000000,0.000000,0.000000,0.000000,0.000000,0.000000,0.000000,0.000000,0.000000,0.000000,0.000000,0.001413,0.001413,0.000000,0.000000,0.000000,0.000000,0.000000,0.000000,0.000000,0.000000
