using,27,0.001413,0.000000,0.000000,0.000000,0.000707,0.001413,0.003534,0.001413,0.000000,0.000000,0.000000,0.000707,0.000000,0.000000,0.001413,0.001413,0.000000,0.002120,0.001413,0.002120,0.000000,0.001413
tracking,15,0.000707,0.000000,0.000000,0.001413,0.002827,0.000000,0.001413,0.000000,0.000000,0.000000,0.000000,0.000000,0.001413,0.000000,0.001413,0.000000,0.000000,0.000000,0.000000,0.000000,0.001413,0.000000
launching,15,0.000707,0.000707,0.001413,0.002120,0.000707,0.000707,0.000000,0.001413,0.000000,0.000000,0.000000,0.000000,0.000000,0.000000,0.000000,0.000000,0.000000,0.000000,0.000000,0.000707,0.001413,0.000000
according,15,0.000000,0.000000,0.000000,0.000707,0.004240,0.001413,0.000707,0.000000,0.000000,0.000000,0.000000,0.000000,0.000000,0.000707,0.000000,0.000000,0.000000,0.001413,0.000000,0.000707,0.000707,0.000000
being,12,0.000000,0.000000,0.000707,0.000707,0.003534,0.000707,0.000707,0.000707,0.001413,0.000000,0.000000,0.000000,0.000000,0.000000,0.000000,0.000000,0.000000,0.000000,0.000000,0.000000,0.000000,0.000000
including,11,0.000000,0.000707,0.000000,0.000000,0.002827,0.000000,0.000000,0.000000,0.000000,0.000000,0.000000,0.000707,0.000000,0.000000,0.000000,0.000000,0.000000,0.000707,0.000707,0.000000,0.000707,0.000707
orbiting,10,0.000000,0.000000,0.000000,0.000000,0.002120,0.001413,0.000707,0.000000,0.000707,0.000000,0.000000,0.000000,0.000707,0.000707,0.000000,0.000000,0.000000,0.000000,0.000707,0.000000,0.000000,0.000000
carrying,10,0.000000,0.002120,0.002827,0.000000,0.000707,0.000000,0.000000,0.000000,0.000000,0.000000,0.000000,0.000000,0.000707,0.000000,0.000000,0.000000,0.000000,0.000000,0.000000,0.000000,0.000707,0.000000
mapping,9,0.000000,0.000000,0.000000,0.000707,0.002827,0.000707,0.000000,0.000000,0.000000,0.000000,0.000000,0.000000,0.000000,0.000000,0.000707,0.000000,0.000707,0.000000,0.000707,0.000000,0.000000,0.000000
warming,8,0.000000,0.000000,0.000000,0.000000,0.000000,0.000707,0.000000,0.000000,0.000000,0.000000,0.000000,0.000000,0.000000,0.000000,0.002120,0.000000,0.000000,0.002120,0.000000,0.000000,0.000707,0.000000
testing,8,0.000000,0.000000,0.000000,0.000000,0.000707,0.000000,0.000000,0.000707,0.000000,0.000000,0.000000,0.000000,0.000000,0.002120,0.000000,0.000000,0.000707,0.000000,0.000000,0.000000,0.000707,0.000707
positioning,8,0.000000,0.000000,0.000000,0.000000,0.002120,0.000000,0.000707,0.001413,0.000000,0.000000,0.000000,0.000000,0.000000,0.000000,0.000000,0.000000,0.000000,0.000707,0.000000,0.000707,0.000000,0.000000
monitoring,8,0.000000,0.000000,0.000000,0.000000,0.000707,0.000000,0.000707,0.000000,0.000000,0.000000,0.000000,0.001413,0.000000,0.000707,0.000000,0.000707,0.000000,0.000000,0.001413,0.000000,0.000000,0.000000
studying,7,0.000000,0.000000,0.000000,0.000000,0.001413,0.000707,0.000707,0.000000,0.000000,0.000000,0.000000,0.000000,0.000000,0.000000,0.000707,0.000000,0.000707,0.000000,0.000000,0.000707,0.000000,0.000000
indicating,7,0.000000,0.000000,0.000000,0.000000,0.000707,0.000000,0.000000,0.000000,0.000000,0.000000,0.000000,0.000000,0.000000,0.000707,0.001413,0.001413,0.000000,0.000707,0.000000,0.000000,0.000000,0.000000
forecasting,7,0.000000,0.000000,0.000000,0.000000,0.001413,0.000707,0.000000,0.000707,0.000000,0.000000,0.000000,0.000000,0.000000,0.000000,0.000000,0.000000,0.000000,0.000000,0.001413,0.000000,0.000000,0.000000
creating,7,0.000000,0.000000,0.000000,0.000000,0.002827,0.000000,0.000000,0.000707,0.000000,0.000000,0.000000,0.000707,0.000000,0.000000,0.000707,0.000000,0.000000,0.000000,0.000000,0.000000,0.000000,0.000000
planning,6,0.000000,0.000000,0.000000,0.000000,0.000707,0.000000,0.000707,0.000000,0.000000,0.000000,0.000000,0.000000,0.000000,0.000000,0.000000,0.000707,0.000000,0.000000,0.000000,0.000000,0.001413,0.000000
flying,6,0.000000,0.000000,0.000000,0.000000,0.000000,0.000000,0.000000,0.000707,0.000000,0.000000,0.000000,0.000000,0.000707,0.000000,0.000000,0.000000,0.000000,0.000707,0.000000,0.000000,0.002120,0.000000
engineering,6,0.000000,0.000000,0.000000,0.000000,0.000707,0.000000,0.000000,0.000707,0.000000,0.000000,0.000000,0.000000,0.000000,0.000000,0.000000,0.000000,0.000000,0.000707,0.001413,0.000000,0.000707,0.000000
beginning,6,0.000000,0.000000,0.000000,0.000000,0.000000,0.001413,0.000000,0.000707,0.000707,0.000000,0.000000,0.000000,0.000000,0.000000,0.000000,0.000000,0.000000,0.000000,0.000000,0.000707,0.000707,0.000000
sensing,5,0.000000,0.000000,0.000000,0.000000,0.000707,0.000000,0.000000,0.000707,0.000000,0.000000,0.000000,0.000000,0.000000,0.000000,0.000000,0.000000,0.000000,0.000000,0.000000,0.000707,0.000707,0.000707
providing,5,0.000000,0.000000,0.000000,0.000000,0.000000,0.000707,0.000000,0.000000,0.000000,0.000000,0.000000,0.000000,0.000000,0.000000,0.000707,0.000707,0.000000,0.000000,0.000000,0.001413,0.000000,0.000000
processing,5,0.000000,0.000000,0.000000,0.000000,0.000707,0.000000,0.002120,0.000000,0.000000,0.000000,0.000000,0.000000,0.000000,0.000000,0.000000,0.000707,0.000000,0.000000,0.000000,0.000000,0.000000,0.000000
making,5,0.000000,0.000000,0.000000,0.000000,0.000000,0.000000,0.000707,0.000707,0.000707,0.000000,0.000000,0.000000,0.000000,0.000000,0.000000,0.000000,0.000000,0.000000,0.000000,0.000707,0.000707,0.000000
gathering,5,0.000000,0.000000,0.000000,0.000000,0.000707,0.000707,0.000000,0.000707,0.000000,0.000000,0.000000,0.000000,0.000000,0.000707,0.000000,0.000000,0.000000,0.000000,0.000000,0.000000,0.000000,0.000000
following,5,0.000000,0.000000,0.000000,0.000000,0.000000,0.000707,0.000000,0.000000,0.000000,0.000000,0.000000,0.000707,0.000000,0.000000,0.000000,0.000707,0.000000,0.000000,0.000000,0.000000,0.000707,0.000000
producing,4,0.000000,0.000000,0.000000,0.000000,0.000707,0.000000,0.000000,0.000000,0.000000,0.000000,0.000000,0.000000,0.000000,0.000000,0.000000,0.000000,0.000000,0.000707,0.000000,0.000000,0.000000,0.000707
operating,4,0.000000,0.000000,0.000000,0.000000,0.000707,0.000000,0.000000,0.000000,0.000000,0.000707,0.000000,0.000000,0.000000,0.000000,0.000000,0.000707,0.000707,0.000000,0.000000,0.000000,0.000000,0.000000
occurring,4,0.000000,0.000000,0.000000,0.000000,0.000000,0.000000,0.000000,0.000000,0.000000,0.000000,0.000000,0.000000,0.000000,0.000000,0.000000,0.000707,0.000000,0.000000,0.000707,0.000000,0.000707,0.000707
measuring,4,0.000000,0.000000,0.000000,0.000000,0.000000,0.000000,0.001413,0.000000,0.000000,0.000000,0.000000,0.000000,0.000000,0.000000,0.000000,0.000000,0.000000,0.000707,0.000000,0.000707,0.000000,0.000000
increasing,4,0.000000,0.000000,0.000000,0.000000,0.000707,0.000000,0.000000,0.000707,0.000000,0.000000,0.000000,0.000000,0.000707,0.000000,0.000000,0.000000,0.000000,0.000707,0.000000,0.000000,0.000000,0.000000
funding,4,0.000000,0.000000,0.001413,0.000000,0.000707,0.000000,0.000000,0.000000,0.000000,0.000000,0.000000,0.000000,0.000000,0.000000,0.000000,0.000707,0.000000,0.000000,0.000000,0.000000,0.000000,0.000000
concerning,4,0.000000,0.000000,0.000000,0.000707,0.001413,0.000000,0.000000,0.000000,0.000000,0.000000,0.000000,0.000000,0.000000,0.000000,0.000000,0.000000,0.000000,0.000000,0.000000,0.000000,0.000000,0.000000
completing,4,0.000000,0.000000,0.000000,0.000000,0.000707,0.000000,0.000000,0.000000,0.000000,0.000000,0.000000,0.000000,0.000000,0.000000,0.000000,0.000000,0.000000,0.000000,0.000000,0.000000,0.001413,0.000707
causing,4,0.000000,0.000000,0.000000,0.000000,0.000707,0.000000,0.000000,0.000000,0.000000,0.000000,0.000000,0.000000,0.000707,0.000707,0.000000,0.000000,0.000000,0.000000,0.000000,0.000000,0.000707,0.000000
