the international space,20,0.000000,0.000000,0.000000,0.000000,0.000000,0.000396,0.000000,0.001189,0.000396,0.000396,0.001586,0.001189,0.001189,0.000793,0.000396,0.000000,0.000000,0.000000,0.000000,0.000000,0.000396,0.000000
the soviet union,18,0.001189,0.000396,0.000396,0.000793,0.001189,0.000000,0.000000,0.000396,0.000000,0.000000,0.001189,0.000793,0.000396,0.000396,0.000000,0.000000,0.000000,0.000000,0.000000,0.000000,0.000000,0.000000
the national oceanic,17,0.000000,0.000396,0.000000,0.000000,0.000793,0.000396,0.000793,0.001982,0.000000,0.000000,0.000396,0.000793,0.000396,0.000396,0.000000,0.000000,0.000000,0.000000,0.000000,0.000000,0.000000,0.000396
the solar system,14,0.000000,0.000000,0.000000,0.000000,0.000000,0.000793,0.000793,0.000793,0.000000,0.000000,0.000000,0.001189,0.000396,0.000000,0.000396,0.000000,0.000000,0.000000,0.000000,0.000793,0.000000,0.000396
the big bang,12,0.000000,0.000396,0.000396,0.000396,0.001189,0.000396,0.000396,0.000396,0.000000,0.000396,0.000396,0.000000,0.000000,0.000000,0.000000,0.000396,0.000000,0.000000,0.000000,0.000000,0.000000,0.000000
the pacific ocean,11,0.000396,0.000793,0.000396,0.000000,0.000000,0.000000,0.000000,0.000000,0.000000,0.000000,0.000000,0.000000,0.000396,0.000396,0.000396,0.000000,0.000000,0.000793,0.000000,0.000000,0.000396,0.000396
the new york,11,0.000000,0.000000,0.000000,0.000000,0.001982,0.000000,0.000396,0.000396,0.000000,0.000396,0.000396,0.000000,0.000000,0.000396,0.000396,0.000000,0.000000,0.000000,0.000000,0.000000,0.000000,0.000000
the milky way,11,0.000000,0.000000,0.000000,0.000000,0.000793,0.000396,0.002775,0.000000,0.000000,0.000000,0.000000,0.000000,0.000000,0.000396,0.000000,0.000000,0.000000,0.000000,0.000000,0.000000,0.000000,0.000000
a black hole,10,0.000000,0.000000,0.000000,0.000000,0.000396,0.000000,0.000396,0.000793,0.000396,0.000000,0.000000,0.000000,0.000793,0.000000,0.001189,0.000000,0.000000,0.000000,0.000000,0.000000,0.000000,0.000000
the upper atmosphere,9,0.000000,0.000396,0.000000,0.000000,0.000396,0.000396,0.000396,0.000000,0.000000,0.000000,0.000000,0.000000,0.000396,0.000000,0.000000,0.000000,0.000396,0.000000,0.000000,0.000396,0.000000,0.000793
the scientific community,9,0.000396,0.000000,0.000000,0.000000,0.000000,0.000000,0.000396,0.000000,0.000000,0.000793,0.000793,0.000000,0.000000,0.000396,0.000793,0.000000,0.000000,0.000000,0.000000,0.000000,0.000000,0.000000
the private sector,9,0.000000,0.000000,0.000396,0.000396,0.000000,0.000000,0.000793,0.000396,0.000000,0.000396,0.000000,0.000000,0.000396,0.000000,0.000000,0.000000,0.000396,0.000000,0.000000,0.000000,0.000000,0.000396
the cosmic background,8,0.000396,0.000000,0.000000,0.000396,0.000000,0.000793,0.001189,0.000000,0.000000,0.000000,0.000396,0.000000,0.000000,0.000000,0.000000,0.000000,0.000000,0.000000,0.000000,0.000000,0.000000,0.000000
the national space,7,0.000000,0.000396,0.000000,0.000000,0.000396,0.000793,0.000793,0.000000,0.000000,0.000396,0.000000,0.000000,0.000000,0.000000,0.000000,0.000000,0.000000,0.000000,0.000000,0.000000,0.000000,0.000000
the national science,7,0.000000,0.000396,0.000000,0.000000,0.000000,0.000000,0.000000,0.000396,0.000000,0.000396,0.000793,0.000396,0.000000,0.000000,0.000000,0.000000,0.000000,0.000000,0.000000,0.000000,0.000000,0.000396
the black hole,7,0.000000,0.000000,0.000000,0.000000,0.000000,0.000000,0.000000,0.000396,0.000000,0.000000,0.000000,0.000000,0.000793,0.000000,0.001586,0.000000,0.000000,0.000000,0.000000,0.000000,0.000000,0.000000
a joint project,7,0.000000,0.000000,0.000000,0.000000,0.000793,0.000000,0.000396,0.000396,0.000396,0.000000,0.000000,0.000396,0.000000,0.000000,0.000000,0.000396,0.000000,0.000000,0.000000,0.000000,0.000000,0.000000
the white house,6,0.000000,0.000000,0.000000,0.000396,0.000793,0.000000,0.000793,0.000396,0.000000,0.000000,0.000000,0.000000,0.000000,0.000000,0.000000,0.000000,0.000000,0.000000,0.000000,0.000000,0.000000,0.000000
the same time,6,0.000396,0.000396,0.000000,0.000396,0.000396,0.000000,0.000396,0.000000,0.000396,0.000000,0.000000,0.000000,0.000000,0.000000,0.000000,0.000000,0.000000,0.000000,0.000000,0.000000,0.000000,0.000000
the planetary society,6,0.000000,0.000000,0.000000,0.000000,0.000793,0.000000,0.000396,0.000000,0.000000,0.000000,0.000000,0.000000,0.000000,0.000000,0.000000,0.000000,0.000000,0.000000,0.001189,0.000000,0.000000,0.000000
the national academy,6,0.000396,0.000000,0.000000,0.000396,0.000000,0.000396,0.000000,0.000000,0.000000,0.000000,0.000793,0.000000,0.000000,0.000000,0.000000,0.000000,0.000000,0.000000,0.000396,0.000000,0.000000,0.000000
a joint effort,6,0.000000,0.000000,0.000000,0.000000,0.000396,0.000000,0.000000,0.000396,0.000000,0.000000,0.000000,0.000396,0.000396,0.000000,0.000000,0.000000,0.000396,0.000000,0.000000,0.000000,0.000000,0.000396
the national reconnaissance,5,0.000000,0.000000,0.000000,0.000000,0.000000,0.000000,0.000000,0.000000,0.000000,0.000000,0.000000,0.000396,0.000000,0.000000,0.000000,0.000000,0.000793,0.000000,0.000396,0.000000,0.000000,0.000396
the commercial space,5,0.000000,0.000000,0.000000,0.000000,0.000396,0.000000,0.000000,0.000000,0.000000,0.000000,0.000000,0.000396,0.000000,0.000000,0.000000,0.000000,0.000396,0.000000,0.000000,0.000396,0.000396,0.000000
an international team,5,0.000000,0.000396,0.000000,0.000000,0.000000,0.000000,0.000000,0.000000,0.000000,0.000396,0.000396,0.000000,0.000396,0.000000,0.000000,0.000000,0.000000,0.000396,0.000000,0.000000,0.000000,0.000000
the south pole,4,0.000000,0.000000,0.000000,0.000000,0.000396,0.000000,0.000793,0.000396,0.000000,0.000000,0.000000,0.000000,0.000000,0.000000,0.000000,0.000000,0.000000,0.000000,0.000000,0.000000,0.000000,0.000000
the red planet,4,0.000000,0.000000,0.000000,0.000000,0.000000,0.000000,0.000000,0.000000,0.000000,0.000000,0.000396,0.000000,0.000000,0.000000,0.001189,0.000000,0.000000,0.000000,0.000000,0.000000,0.000000,0.000000
the northern hemisphere,4,0.000000,0.000000,0.000000,0.000000,0.000000,0.000396,0.000396,0.000000,0.000000,0.000000,0.000000,0.000000,0.000000,0.000000,0.000000,0.000000,0.000000,0.000000,0.000000,0.000000,0.000396,0.000000
the north american,4,0.000000,0.000000,0.000000,0.000000,0.000000,0.000396,0.000000,0.000396,0.000000,0.000000,0.000000,0.000000,0.000000,0.000396,0.000396,0.000000,0.000000,0.000000,0.000000,0.000000,0.000000,0.000000
the next century,4,0.000000,0.000000,0.000000,0.000000,0.000000,0.000396,0.000396,0.000396,0.000000,0.000000,0.000396,0.000000,0.000000,0.000000,0.000000,0.000000,0.000000,0.000000,0.000000,0.000000,0.000000,0.000000
the national air,4,0.000000,0.000396,0.000793,0.000000,0.000000,0.000000,0.000000,0.000000,0.000000,0.000000,0.000396,0.000000,0.000000,0.000000,0.000000,0.000000,0.000000,0.000000,0.000000,0.000000,0.000000,0.000000
the federal government,4,0.000000,0.000000,0.000000,0.000000,0.000000,0.000396,0.000000,0.000000,0.000000,0.000396,0.000000,0.000000,0.000396,0.000000,0.000000,0.000000,0.000000,0.000396,0.000000,0.000000,0.000000,0.000000
the federal aviation,4,0.000000,0.000000,0.000396,0.000000,0.000000,0.000000,0.000000,0.000000,0.000000,0.000000,0.000396,0.000396,0.000396,0.000000,0.000000,0.000000,0.000000,0.000000,0.000000,0.000000,0.000000,0.000000
the experimental aircraft,4,0.000000,0.000000,0.000000,0.000000,0.000000,0.000000,0.000396,0.000000,0.000000,0.000000,0.000396,0.000000,0.000000,0.000000,0.000000,0.000000,0.000000,0.000396,0.000000,0.000396,0.000000,0.000000
a wide range,4,0.000793,0.000000,0.000000,0.000000,0.000000,0.000396,0.000000,0.000000,0.000000,0.000000,0.000000,0.000000,0.000000,0.000000,0.000000,0.000000,0.000396,0.000000,0.000000,0.000000,0.000000,0.000000
a military satellite,4,0.000793,0.000000,0.000000,0.000000,0.000000,0.000000,0.000396,0.000000,0.000000,0.000000,0.000000,0.000000,0.000000,0.000000,0.000000,0.000000,0.000000,0.000396,0.000000,0.000000,0.000000,0.000000
a joint venture,4,0.000000,0.000000,0.000000,0.000000,0.000396,0.000000,0.000000,0.000000,0.000000,0.000396,0.000396,0.000000,0.000000,0.000396,0.000000,0.000000,0.000000,0.000000,0.000000,0.000000,0.000000,0.000000
the wrong orbit,3,0.000000,0.000000,0.000000,0.000000,0.000000,0.000000,0.000000,0.000000,0.000000,0.000000,0.000000,0.000000,0.001189,0.000000,0.000000,0.000000,0.000000,0.000000,0.000000,0.000000,0.000000,0.000000
the total energy,3,0.000000,0.000000,0.000000,0.000000,0.000396,0.000000,0.000000,0.000396,0.000000,0.000000,0.000000,0.000000,0.000000,0.000000,0.000396,0.000000,0.000000,0.000000,0.000000,0.000000,0.000000,0.000000
the strategic defense,3,0.000000,0.000000,0.000396,0.000396,0.000396,0.000000,0.000000,0.000000,0.000000,0.000000,0.000000,0.000000,0.000000,0.000000,0.000000,0.000000,0.000000,0.000000,0.000000,0.000000,0.000000,0.000000
the south american,3,0.000000,0.000793,0.000000,0.000000,0.000000,0.000396,0.000000,0.000000,0.000000,0.000000,0.000000,0.000000,0.000000,0.000000,0.000000,0.000000,0.000000,0.000000,0.000000,0.000000,0.000000,0.000000
the solar wind,3,0.000396,0.000396,0.000000,0.000000,0.000000,0.000000,0.000000,0.000396,0.000000,0.000000,0.000000,0.000000,0.000000,0.000000,0.000000,0.000000,0.000000,0.000000,0.000000,0.000000,0.000000,0.000000
the original seven,3,0.000000,0.000000,0.000000,0.000000,0.000000,0.000000,0.000396,0.000000,0.000000,0.000000,0.000000,0.000396,0.000000,0.000000,0.000000,0.000000,0.000000,0.000396,0.000000,0.000000,0.000000,0.000000
the next year,3,0.000000,0.000000,0.000000,0.000000,0.000000,0.000396,0.000000,0.000396,0.000000,0.000000,0.000000,0.000000,0.000000,0.000000,0.000000,0.000000,0.000000,0.000000,0.000396,0.000000,0.000000,0.000000
the next space,3,0.000396,0.000793,0.000000,0.000000,0.000000,0.000000,0.000000,0.000000,0.000000,0.000000,0.000000,0.000000,0.000000,0.000000,0.000000,0.000000,0.000000,0.000000,0.000000,0.000000,0.000000,0.000000
the new system,3,0.000000,0.000000,0.000000,0.000000,0.000396,0.000000,0.000000,0.000396,0.000000,0.000000,0.000000,0.000000,0.000000,0.000000,0.000000,0.000000,0.000396,0.000000,0.000000,0.000000,0.000000,0.000000
the new space,3,0.000000,0.000000,0.000000,0.000000,0.000396,0.000396,0.000396,0.000000,0.000000,0.000000,0.000000,0.000000,0.000000,0.000000,0.000000,0.000000,0.000000,0.000000,0.000000,0.000000,0.000000,0.000000
the new office,3,0.000000,0.000000,0.000000,0.000000,0.000396,0.000000,0.000000,0.000000,0.000000,0.000000,0.000000,0.000000,0.000000,0.000000,0.000000,0.000000,0.000000,0.000793,0.000000,0.000000,0.000000,0.000000
the new director,3,0.000000,0.000000,0.000000,0.000396,0.000396,0.000000,0.000000,0.000396,0.000000,0.000000,0.000000,0.000000,0.000000,0.000000,0.000000,0.000000,0.000000,0.000000,0.000000,0.000000,0.000000,0.000000
the new crew,3,0.000000,0.000000,0.000000,0.000000,0.000000,0.000000,0.000000,0.000000,0.000000,0.000000,0.000000,0.000000,0.000000,0.000000,0.000396,0.000000,0.000000,0.000000,0.000396,0.000396,0.000000,0.000000
the naval research,3,0.000396,0.000000,0.000000,0.000000,0.000000,0.000000,0.000396,0.000396,0.000000,0.000000,0.000000,0.000000,0.000000,0.000000,0.000000,0.000000,0.000000,0.000000,0.000000,0.000000,0.000000,0.000000
the national polar-orbiting,3,0.000000,0.000000,0.000000,0.000000,0.000000,0.000000,0.000000,0.000000,0.000000,0.000000,0.000000,0.000000,0.000396,0.000396,0.000000,0.000000,0.000000,0.000000,0.000000,0.000396,0.000000,0.000000
the national institute,3,0.000000,0.000000,0.000000,0.000000,0.000000,0.000000,0.000000,0.000396,0.000000,0.000000,0.000000,0.000396,0.000000,0.000000,0.000000,0.000000,0.000000,0.000000,0.000396,0.000000,0.000000,0.000000
the national economy,3,0.000000,0.000000,0.000000,0.000000,0.000000,0.000000,0.000396,0.000000,0.000000,0.000000,0.000396,0.000000,0.000000,0.000000,0.000000,0.000000,0.000000,0.000000,0.000396,0.000000,0.000000,0.000000
the national aero-space,3,0.000000,0.000000,0.000000,0.000000,0.000793,0.000396,0.000000,0.000000,0.000000,0.000000,0.000000,0.000000,0.000000,0.000000,0.000000,0.000000,0.000000,0.000000,0.000000,0.000000,0.000000,0.000000
the main parachute,3,0.000000,0.000000,0.000000,0.000000,0.000000,0.000000,0.000000,0.000000,0.000000,0.000000,0.000000,0.000000,0.000000,0.000000,0.000000,0.000000,0.000000,0.000000,0.000000,0.000000,0.001189,0.000000
the magnetic field,3,0.000396,0.000396,0.000000,0.000000,0.000000,0.000000,0.000000,0.000000,0.000000,0.000000,0.000000,0.000000,0.000000,0.000000,0.000396,0.000000,0.000000,0.000000,0.000000,0.000000,0.000000,0.000000
the lunar surface,3,0.000000,0.000000,0.000396,0.000000,0.000000,0.000000,0.000000,0.000396,0.000000,0.000000,0.000000,0.000000,0.000000,0.000000,0.000000,0.000000,0.000000,0.000000,0.000000,0.000000,0.000000,0.000396
the journal science,3,0.000000,0.000000,0.000000,0.000000,0.000396,0.000000,0.000000,0.000000,0.000000,0.000000,0.000000,0.000000,0.000000,0.000000,0.000000,0.000000,0.000000,0.000000,0.000000,0.000000,0.000396,0.000396
the human body,3,0.000000,0.000000,0.000000,0.000000,0.000000,0.000000,0.000396,0.000000,0.000000,0.000793,0.000000,0.000000,0.000000,0.000000,0.000000,0.000000,0.000000,0.000000,0.000000,0.000000,0.000000,0.000000
the high resolution,3,0.000000,0.000000,0.000000,0.000396,0.000396,0.000000,0.000000,0.000000,0.000000,0.000000,0.000000,0.000000,0.000000,0.000000,0.000000,0.000000,0.000000,0.000396,0.000000,0.000000,0.000000,0.000000
the french space,3,0.000000,0.000000,0.000000,0.000000,0.000000,0.000000,0.000000,0.000396,0.000000,0.000000,0.000396,0.000000,0.000000,0.000000,0.000000,0.000000,0.000000,0.000000,0.000000,0.000000,0.000000,0.000396
the cold war,3,0.000000,0.000000,0.000000,0.000000,0.000000,0.000000,0.000000,0.000000,0.000000,0.000000,0.000396,0.000396,0.000000,0.000396,0.000000,0.000000,0.000000,0.000000,0.000000,0.000000,0.000000,0.000000
a white house,3,0.000000,0.000000,0.000000,0.000000,0.000396,0.000000,0.000396,0.000396,0.000000,0.000000,0.000000,0.000000,0.000000,0.000000,0.000000,0.000000,0.000000,0.000000,0.000000,0.000000,0.000000,0.000000
a new generation,3,0.000000,0.000000,0.000396,0.000000,0.000000,0.000396,0.000000,0.000000,0.000000,0.000000,0.000000,0.000000,0.000396,0.000000,0.000000,0.000000,0.000000,0.000000,0.000000,0.000000,0.000000,0.000000
