landing,110,0.000661,0.000661,0.000661,0.000529,0.001850,0.000396,0.000793,0.001321,0.000000,0.001057,0.000396,0.000264,0.000132,0.001850,0.000661,0.000000,0.000661,0.000132,0.000396,0.000264,0.000396,0.000661
using,97,0.000000,0.000793,0.000000,0.000264,0.000925,0.001453,0.000925,0.000793,0.000264,0.000793,0.000396,0.000396,0.000661,0.001057,0.000661,0.000264,0.000529,0.000264,0.000396,0.000529,0.000529,0.000264
according,94,0.000793,0.000000,0.000000,0.000000,0.002643,0.000396,0.001189,0.001057,0.000000,0.001189,0.001453,0.000264,0.000264,0.000264,0.000661,0.000264,0.000396,0.000396,0.000264,0.000264,0.000264,0.000000
including,87,0.000132,0.000661,0.000264,0.000132,0.000264,0.000925,0.000396,0.001321,0.000132,0.001057,0.000661,0.000264,0.000132,0.000529,0.000529,0.000396,0.000264,0.000529,0.000396,0.001057,0.000529,0.000396
meeting,72,0.000396,0.000132,0.000264,0.000396,0.001189,0.001453,0.000793,0.001586,0.000396,0.000000,0.000529,0.000264,0.000132,0.000396,0.000529,0.000132,0.000132,0.000132,0.000132,0.000396,0.000000,0.000132
carrying,65,0.000132,0.000396,0.001057,0.000132,0.000396,0.000396,0.000264,0.000529,0.000000,0.000529,0.000264,0.000793,0.001057,0.000132,0.000793,0.000000,0.000529,0.000000,0.000132,0.000264,0.000396,0.000000
engineering,63,0.001057,0.000396,0.000132,0.001189,0.000529,0.000925,0.001057,0.000925,0.000132,0.000132,0.000264,0.000396,0.000000,0.000264,0.000000,0.000000,0.000132,0.000000,0.000264,0.000000,0.000132,0.000396
orbiting,52,0.000529,0.000529,0.000264,0.000000,0.000132,0.000529,0.000264,0.000529,0.000000,0.000264,0.000925,0.000396,0.000264,0.000000,0.000264,0.000264,0.000529,0.000000,0.000132,0.000264,0.000000,0.000132
being,52,0.000000,0.000529,0.000396,0.000264,0.001586,0.000793,0.000661,0.001586,0.000132,0.000000,0.000000,0.000396,0.000264,0.000264,0.000000,0.000000,0.000000,0.000000,0.000000,0.000000,0.000000,0.000000
testing,51,0.000396,0.000000,0.000000,0.000396,0.000661,0.000264,0.000396,0.001321,0.000000,0.000396,0.000396,0.000000,0.000396,0.000132,0.000132,0.000132,0.000529,0.000000,0.000264,0.000000,0.000396,0.000132
working,38,0.000132,0.000000,0.000000,0.000000,0.000661,0.000661,0.000264,0.000793,0.000000,0.000529,0.000000,0.000132,0.000264,0.000529,0.000132,0.000000,0.000264,0.000000,0.000000,0.000132,0.000132,0.000000
following,38,0.000132,0.000793,0.000396,0.000264,0.000000,0.000000,0.000000,0.000793,0.000000,0.000132,0.000132,0.000132,0.000264,0.000264,0.000132,0.000000,0.000661,0.000000,0.000132,0.000132,0.000264,0.000000
flying,38,0.000529,0.000264,0.000000,0.000000,0.000396,0.000132,0.000396,0.000396,0.000000,0.000529,0.000661,0.000264,0.000000,0.000132,0.000000,0.000132,0.000264,0.000000,0.000132,0.000132,0.000396,0.000000
developing,37,0.000000,0.000000,0.000000,0.000132,0.000264,0.001057,0.000264,0.000396,0.000396,0.000000,0.000000,0.000000,0.000396,0.000132,0.000264,0.000264,0.000396,0.000396,0.000132,0.000000,0.000132,0.000132
funding,35,0.000132,0.000132,0.000000,0.000132,0.000396,0.000264,0.000529,0.000661,0.000000,0.000132,0.000793,0.000000,0.000132,0.000264,0.000132,0.000000,0.000132,0.000000,0.000132,0.000396,0.000000,0.000000
training,33,0.000000,0.000132,0.000000,0.000000,0.000000,0.000396,0.000661,0.001189,0.000000,0.000000,0.000396,0.000264,0.000132,0.000132,0.000396,0.000396,0.000000,0.000000,0.000000,0.000132,0.000000,0.000132
launching,33,0.000925,0.000000,0.000264,0.000132,0.000529,0.000132,0.000000,0.000396,0.000000,0.000132,0.000132,0.000264,0.000264,0.000132,0.000000,0.000132,0.000396,0.000132,0.000264,0.000000,0.000000,0.000000
operating,31,0.000000,0.000132,0.000132,0.000000,0.000264,0.000396,0.000264,0.000529,0.000000,0.000264,0.000396,0.000000,0.000264,0.000132,0.000264,0.000000,0.000264,0.000132,0.000264,0.000000,0.000264,0.000000
accounting,30,0.000264,0.000000,0.000000,0.000000,0.000000,0.000132,0.000000,0.000000,0.000000,0.000000,0.000793,0.000000,0.000661,0.000264,0.000132,0.001189,0.000132,0.000132,0.000264,0.000000,0.000000,0.000000
building,29,0.000264,0.000529,0.000000,0.000132,0.000132,0.000529,0.000000,0.000264,0.000132,0.000264,0.000132,0.000264,0.000396,0.000264,0.000000,0.000000,0.000132,0.000000,0.000000,0.000000,0.000000,0.000132
wing,28,0.000793,0.000000,0.000000,0.000396,0.000264,0.000000,0.000132,0.000000,0.000132,0.000264,0.000000,0.000000,0.000529,0.000000,0.000000,0.000000,0.000396,0.000000,0.000000,0.000264,0.000529,0.000000
tracking,28,0.000264,0.000396,0.000132,0.000264,0.000396,0.000264,0.000264,0.000396,0.000000,0.000264,0.000000,0.000000,0.000000,0.000000,0.000132,0.000396,0.000132,0.000000,0.000264,0.000000,0.000132,0.000000
studying,28,0.000132,0.000132,0.000000,0.000000,0.000396,0.000396,0.000000,0.000396,0.000132,0.000264,0.000000,0.000529,0.000396,0.000132,0.000000,0.000000,0.000132,0.000132,0.000000,0.000132,0.000264,0.000000
planning,28,0.000264,0.000000,0.000000,0.000000,0.000661,0.000000,0.000132,0.000396,0.000000,0.000132,0.000000,0.000132,0.000000,0.000264,0.000264,0.000000,0.000529,0.000000,0.000264,0.000132,0.000000,0.000264
providing,25,0.000132,0.000000,0.000000,0.000000,0.000264,0.000000,0.000264,0.000529,0.000000,0.000132,0.000264,0.000000,0.000000,0.000132,0.000396,0.000396,0.000264,0.000132,0.000000,0.000132,0.000132,0.000000
leading,25,0.000264,0.000529,0.000000,0.000132,0.000132,0.000264,0.000925,0.000000,0.000000,0.000000,0.000000,0.000000,0.000264,0.000132,0.000132,0.000132,0.000132,0.000000,0.000132,0.000000,0.000132,0.000000
observing,23,0.000000,0.000000,0.000000,0.000132,0.000793,0.000000,0.000132,0.000000,0.000132,0.000396,0.000000,0.000000,0.000529,0.000396,0.000000,0.000132,0.000132,0.000132,0.000000,0.000132,0.000000,0.000000
making,23,0.000000,0.000000,0.000132,0.000000,0.000132,0.000000,0.000132,0.000132,0.000000,0.000264,0.000132,0.000396,0.000000,0.000264,0.000264,0.000132,0.000132,0.000000,0.000000,0.000132,0.000000,0.000661
regarding,22,0.000000,0.000000,0.000000,0.000000,0.000396,0.000000,0.000000,0.000000,0.000000,0.000000,0.000132,0.000264,0.000132,0.000396,0.000264,0.000264,0.000132,0.000000,0.000529,0.000264,0.000132,0.000000
monitoring,21,0.000000,0.000264,0.000000,0.000000,0.000264,0.000132,0.000396,0.000396,0.000000,0.000264,0.000132,0.000132,0.000000,0.000000,0.000132,0.000000,0.000000,0.000132,0.000396,0.000000,0.000132,0.000000
understanding,20,0.000000,0.000529,0.000132,0.000000,0.000264,0.000264,0.000264,0.000132,0.000000,0.000000,0.000000,0.000000,0.000132,0.000000,0.000264,0.000000,0.000132,0.000000,0.000000,0.000132,0.000000,0.000264
processing,20,0.000264,0.000132,0.000264,0.000000,0.001057,0.000396,0.000000,0.000264,0.000000,0.000000,0.000000,0.000000,0.000132,0.000000,0.000000,0.000000,0.000132,0.000000,0.000000,0.000000,0.000000,0.000000
acting,20,0.000264,0.000000,0.000132,0.000132,0.000000,0.000529,0.000132,0.000264,0.000000,0.000132,0.000000,0.000000,0.000000,0.000000,0.000264,0.000132,0.000264,0.000132,0.000000,0.000000,0.000000,0.000132
serving,19,0.000264,0.000396,0.000000,0.000000,0.000000,0.000132,0.000000,0.000000,0.000000,0.000132,0.000000,0.000000,0.000396,0.000132,0.000000,0.000000,0.000396,0.000000,0.000132,0.000264,0.000132,0.000132
returning,19,0.000000,0.000000,0.000000,0.000000,0.000000,0.000132,0.000132,0.000000,0.000132,0.000132,0.000132,0.000000,0.000132,0.000000,0.000000,0.000000,0.000529,0.000132,0.000264,0.000132,0.000000,0.000529
existing,18,0.000264,0.000264,0.000000,0.000000,0.000132,0.000264,0.000132,0.000132,0.000000,0.000000,0.000000,0.000132,0.000264,0.000000,0.000000,0.000264,0.000132,0.000000,0.000132,0.000264,0.000000,0.000000
conducting,18,0.000000,0.000132,0.000000,0.000132,0.000264,0.000132,0.000132,0.000264,0.000000,0.000132,0.000000,0.000000,0.000000,0.000132,0.000000,0.000000,0.000000,0.000000,0.000000,0.000396,0.000264,0.000264
positioning,17,0.000000,0.000132,0.000925,0.000132,0.000132,0.000000,0.000000,0.000264,0.000000,0.000000,0.000132,0.000000,0.000000,0.000000,0.000396,0.000000,0.000000,0.000000,0.000000,0.000000,0.000132,0.000000
leaving,16,0.000000,0.000132,0.000000,0.000000,0.000000,0.000264,0.000132,0.000000,0.000000,0.000264,0.000000,0.000000,0.000396,0.000132,0.000264,0.000132,0.000000,0.000000,0.000132,0.000000,0.000000,0.000264
measuring,15,0.000000,0.000000,0.000000,0.000000,0.000132,0.000132,0.000396,0.000132,0.000000,0.000000,0.000132,0.000132,0.000132,0.000132,0.000000,0.000132,0.000264,0.000000,0.000000,0.000132,0.000000,0.000000
mapping,15,0.000000,0.000000,0.000132,0.000000,0.000529,0.000132,0.000132,0.000132,0.000000,0.000264,0.000000,0.000264,0.000132,0.000132,0.000000,0.000000,0.000132,0.000000,0.000000,0.000000,0.000000,0.000000
allowing,15,0.000132,0.000000,0.000264,0.000132,0.000000,0.000132,0.000000,0.000264,0.000000,0.000132,0.000264,0.000000,0.000000,0.000000,0.000264,0.000000,0.000000,0.000000,0.000000,0.000000,0.000000,0.000132
warning,14,0.000132,0.000132,0.000132,0.000000,0.000132,0.000132,0.000264,0.000264,0.000000,0.000000,0.000000,0.000264,0.000000,0.000000,0.000000,0.000000,0.000132,0.000000,0.000132,0.000132,0.000000,0.000000
resulting,14,0.000000,0.000132,0.000000,0.000000,0.000000,0.000000,0.000000,0.000793,0.000000,0.000132,0.000000,0.000000,0.000132,0.000000,0.000000,0.000132,0.000000,0.000132,0.000000,0.000000,0.000264,0.000000
concerning,14,0.000000,0.000000,0.000000,0.000264,0.000396,0.000000,0.000000,0.000661,0.000000,0.000000,0.000132,0.000000,0.000132,0.000000,0.000132,0.000132,0.000000,0.000000,0.000000,0.000000,0.000000,0.000000
marking,13,0.000000,0.000000,0.000000,0.000000,0.000000,0.000132,0.000132,0.000000,0.000000,0.000132,0.000000,0.000132,0.000000,0.000000,0.000132,0.000000,0.000396,0.000000,0.000000,0.000132,0.000264,0.000132
surrounding,12,0.000000,0.000132,0.000000,0.000000,0.000132,0.000000,0.000132,0.000000,0.000264,0.000132,0.000264,0.000000,0.000000,0.000000,0.000264,0.000000,0.000000,0.000264,0.000000,0.000000,0.000000,0.000000
remaining,12,0.000000,0.000000,0.000000,0.000000,0.000132,0.000000,0.000132,0.000264,0.000000,0.000000,0.000000,0.000132,0.000000,0.000000,0.000132,0.000000,0.000264,0.000000,0.000000,0.000264,0.000132,0.000000
reaching,12,0.000000,0.000000,0.000264,0.000264,0.000000,0.000132,0.000000,0.000264,0.000000,0.000000,0.000000,0.000000,0.000132,0.000264,0.000000,0.000132,0.000000,0.000000,0.000000,0.000000,0.000000,0.000000
increasing,12,0.000000,0.000396,0.000000,0.000000,0.000000,0.000132,0.000000,0.000000,0.000132,0.000000,0.000132,0.000132,0.000132,0.000132,0.000132,0.000264,0.000000,0.000000,0.000000,0.000000,0.000000,0.000000
creating,12,0.000000,0.000132,0.000000,0.000000,0.000132,0.000000,0.000000,0.000132,0.000000,0.000264,0.000132,0.000132,0.000132,0.000000,0.000132,0.000000,0.000000,0.000264,0.000000,0.000132,0.000000,0.000000
continuing,12,0.000000,0.000000,0.000000,0.000000,0.000000,0.000264,0.000000,0.000264,0.000000,0.000132,0.000132,0.000132,0.000132,0.000132,0.000132,0.000000,0.000000,0.000000,0.000000,0.000000,0.000000,0.000132
causing,12,0.000000,0.000000,0.000132,0.000000,0.000132,0.000000,0.000132,0.000132,0.000000,0.000000,0.000132,0.000264,0.000000,0.000264,0.000000,0.000000,0.000000,0.000132,0.000000,0.000000,0.000264,0.000000
beginning,12,0.000264,0.000132,0.000000,0.000000,0.000132,0.000396,0.000132,0.000132,0.000000,0.000132,0.000000,0.000132,0.000000,0.000000,0.000000,0.000000,0.000000,0.000000,0.000000,0.000000,0.000000,0.000132
taking,11,0.000000,0.000000,0.000000,0.000000,0.000396,0.000000,0.000396,0.000264,0.000000,0.000000,0.000000,0.000396,0.000000,0.000000,0.000000,0.000000,0.000000,0.000000,0.000000,0.000000,0.000000,0.000000
servicing,11,0.000000,0.000132,0.000000,0.000000,0.000000,0.000396,0.000000,0.000000,0.000000,0.000000,0.000132,0.000000,0.000000,0.000132,0.000000,0.000132,0.000000,0.000000,0.000529,0.000000,0.000000,0.000000
retiring,11,0.000000,0.000000,0.000000,0.000000,0.000000,0.000000,0.000264,0.000000,0.000000,0.000000,0.000132,0.000264,0.000000,0.000000,0.000000,0.000000,0.000000,0.000132,0.000264,0.000000,0.000132,0.000264
replacing,11,0.000000,0.000000,0.000000,0.000000,0.000132,0.000000,0.000132,0.000000,0.000132,0.000000,0.000000,0.000000,0.000000,0.000132,0.000000,0.000132,0.000132,0.000000,0.000000,0.000000,0.000132,0.000000
receiving,11,0.000000,0.000396,0.000000,0.000000,0.000132,0.000000,0.000132,0.000000,0.000000,0.000132,0.000132,0.000000,0.000000,0.000000,0.000000,0.000000,0.000000,0.000000,0.000000,0.000000,0.000264,0.000000
manufacturing,11,0.000000,0.000000,0.000000,0.000000,0.000000,0.000264,0.000132,0.000132,0.000000,0.000000,0.000000,0.000132,0.000264,0.000000,0.000000,0.000264,0.000000,0.000000,0.000132,0.000000,0.000000,0.000000
living,11,0.000132,0.000000,0.000000,0.000000,0.000000,0.000264,0.000132,0.000000,0.000000,0.000000,0.000000,0.000132,0.000000,0.000132,0.000000,0.000000,0.000396,0.000000,0.000000,0.000000,0.000000,0.000000
involving,11,0.000000,0.000000,0.000132,0.000000,0.000000,0.000264,0.000132,0.000264,0.000000,0.000132,0.000000,0.000132,0.000000,0.000000,0.000000,0.000000,0.000000,0.000000,0.000132,0.000000,0.000264,0.000000
going,11,0.000000,0.000264,0.000000,0.000000,0.000132,0.000396,0.000000,0.000132,0.000000,0.000000,0.000132,0.000000,0.000000,0.000000,0.000000,0.000000,0.000000,0.000000,0.000132,0.000000,0.000000,0.000000
finding,11,0.000000,0.000000,0.000000,0.000000,0.000132,0.000000,0.000132,0.000396,0.000000,0.000000,0.000000,0.000132,0.000264,0.000000,0.000000,0.000000,0.000000,0.000000,0.000000,0.000132,0.000000,0.000000
ending,11,0.000000,0.000000,0.000000,0.000132,0.000132,0.000132,0.000132,0.000396,0.000000,0.000000,0.000000,0.000000,0.000000,0.000132,0.000000,0.000132,0.000000,0.000000,0.000000,0.000000,0.000000,0.000000
enabling,11,0.000000,0.000000,0.000000,0.000000,0.000132,0.000000,0.000000,0.000000,0.000000,0.000000,0.000000,0.000000,0.000132,0.000000,0.000000,0.000132,0.000396,0.000132,0.000000,0.000132,0.000132,0.000000
warming,10,0.000000,0.000000,0.000000,0.000000,0.000529,0.000000,0.000000,0.000396,0.000000,0.000000,0.000000,0.000000,0.000132,0.000132,0.000000,0.000000,0.000000,0.000000,0.000000,0.000000,0.000132,0.000000
sensing,10,0.000132,0.000000,0.000132,0.000132,0.000132,0.000000,0.000000,0.000264,0.000000,0.000000,0.000000,0.000132,0.000264,0.000000,0.000000,0.000000,0.000000,0.000000,0.000000,0.000000,0.000000,0.000000
sending,10,0.000132,0.000000,0.000000,0.000000,0.000132,0.000132,0.000132,0.000132,0.000000,0.000000,0.000396,0.000000,0.000000,0.000132,0.000000,0.000000,0.000000,0.000000,0.000000,0.000132,0.000000,0.000000
reducing,10,0.000000,0.000000,0.000000,0.000132,0.000000,0.000000,0.000132,0.000000,0.000264,0.000000,0.000000,0.000264,0.000000,0.000000,0.000000,0.000000,0.000264,0.000132,0.000132,0.000000,0.000000,0.000000
placing,10,0.000000,0.000000,0.000000,0.000000,0.000000,0.000000,0.000000,0.000132,0.000000,0.000132,0.000132,0.000132,0.000000,0.000396,0.000000,0.000132,0.000132,0.000000,0.000000,0.000000,0.000132,0.000000
performing,10,0.000000,0.000000,0.000000,0.000000,0.000000,0.000000,0.000000,0.000000,0.000000,0.000132,0.000000,0.000132,0.000264,0.000000,0.000000,0.000132,0.000132,0.000000,0.000132,0.000264,0.000000,0.000132
implementing,10,0.000000,0.000000,0.000000,0.000000,0.000000,0.000132,0.000000,0.000000,0.000000,0.000000,0.000000,0.000132,0.000000,0.000000,0.000000,0.000264,0.000000,0.000000,0.000264,0.000264,0.000000,0.000132
firing,10,0.000000,0.000661,0.000132,0.000000,0.000000,0.000529,0.000000,0.000000,0.000000,0.000000,0.000000,0.000000,0.000000,0.000000,0.000000,0.000000,0.000000,0.000000,0.000000,0.000000,0.000000,0.000000
covering,10,0.000000,0.000264,0.000000,0.000000,0.000132,0.000000,0.000000,0.000132,0.000000,0.000000,0.000000,0.000132,0.000132,0.000000,0.000000,0.000132,0.000132,0.000000,0.000000,0.000000,0.000000,0.000132
controlling,10,0.000000,0.000132,0.000000,0.000000,0.000000,0.000000,0.000000,0.000396,0.000132,0.000264,0.000132,0.000000,0.000132,0.000000,0.000132,0.000000,0.000000,0.000000,0.000000,0.000000,0.000000,0.000000
containing,10,0.000264,0.000000,0.000000,0.000000,0.000000,0.000132,0.000000,0.000000,0.000000,0.000132,0.000000,0.000396,0.000000,0.000264,0.000000,0.000000,0.000000,0.000000,0.000000,0.000000,0.000132,0.000000
completing,10,0.000000,0.000000,0.000000,0.000000,0.000000,0.000000,0.000000,0.000264,0.000000,0.000132,0.000132,0.000000,0.000132,0.000000,0.000000,0.000000,0.000396,0.000000,0.000000,0.000000,0.000000,0.000264
coming,10,0.000000,0.000132,0.000000,0.000000,0.000264,0.000000,0.000264,0.000264,0.000000,0.000000,0.000132,0.000132,0.000132,0.000000,0.000000,0.000000,0.000000,0.000000,0.000000,0.000000,0.000000,0.000000
visiting,9,0.000132,0.000132,0.000000,0.000000,0.000132,0.000000,0.000396,0.000000,0.000000,0.000000,0.000000,0.000000,0.000000,0.000132,0.000000,0.000132,0.000132,0.000000,0.000000,0.000000,0.000000,0.000000
traveling,9,0.000000,0.000000,0.000000,0.000000,0.000000,0.000132,0.000000,0.000000,0.000000,0.000000,0.000132,0.000000,0.000000,0.000000,0.000132,0.000000,0.000132,0.000132,0.000000,0.000132,0.000132,0.000132
spending,9,0.000132,0.000000,0.000000,0.000000,0.000132,0.000132,0.000264,0.000132,0.000000,0.000000,0.000000,0.000132,0.000000,0.000000,0.000000,0.000132,0.000000,0.000000,0.000132,0.000000,0.000000,0.000000
moving,9,0.000000,0.000000,0.000000,0.000000,0.000000,0.000132,0.000264,0.000264,0.000000,0.000000,0.000000,0.000000,0.000000,0.000264,0.000132,0.000000,0.000000,0.000132,0.000000,0.000000,0.000000,0.000000
improving,9,0.000000,0.000000,0.000000,0.000132,0.000264,0.000000,0.000000,0.000264,0.000000,0.000132,0.000132,0.000132,0.000132,0.000000,0.000000,0.000000,0.000000,0.000000,0.000000,0.000000,0.000000,0.000000
helping,9,0.000000,0.000000,0.000000,0.000000,0.000132,0.000132,0.000132,0.000132,0.000000,0.000132,0.000000,0.000000,0.000000,0.000000,0.000000,0.000000,0.000000,0.000000,0.000000,0.000000,0.000264,0.000132
hearing,9,0.000000,0.000000,0.000132,0.000000,0.000000,0.000000,0.000000,0.000132,0.000000,0.000000,0.000396,0.000000,0.000000,0.000000,0.000000,0.000264,0.000000,0.000000,0.000132,0.000132,0.000000,0.000000
having,9,0.000000,0.000000,0.000000,0.000132,0.000000,0.000264,0.000000,0.000132,0.000000,0.000000,0.000000,0.000000,0.000000,0.000264,0.000132,0.000000,0.000000,0.000000,0.000000,0.000000,0.000132,0.000000
growing,9,0.000000,0.000000,0.000000,0.000000,0.000000,0.000132,0.000264,0.000264,0.000000,0.000000,0.000000,0.000000,0.000000,0.000000,0.000000,0.000000,0.000000,0.000529,0.000000,0.000000,0.000000,0.000000
determining,9,0.000132,0.000000,0.000000,0.000000,0.000000,0.000000,0.000000,0.000132,0.000000,0.000000,0.000000,0.000000,0.000396,0.000132,0.000132,0.000000,0.000000,0.000000,0.000000,0.000264,0.000000,0.000000
cooling,9,0.000000,0.000000,0.000000,0.000132,0.000000,0.000000,0.000000,0.000132,0.000000,0.000132,0.000000,0.000000,0.000132,0.000132,0.000132,0.000264,0.000000,0.000000,0.000000,0.000000,0.000000,0.000132
considering,9,0.000000,0.000000,0.000000,0.000000,0.000396,0.000000,0.000264,0.000132,0.000000,0.000132,0.000000,0.000000,0.000000,0.000132,0.000132,0.000000,0.000000,0.000000,0.000000,0.000000,0.000000,0.000000
becoming,9,0.000000,0.000000,0.000000,0.000000,0.000000,0.000000,0.000000,0.000132,0.000000,0.000132,0.000000,0.000132,0.000132,0.000264,0.000132,0.000132,0.000000,0.000000,0.000000,0.000000,0.000000,0.000132
speaking,8,0.000000,0.000132,0.000132,0.000000,0.000000,0.000132,0.000396,0.000000,0.000000,0.000000,0.000000,0.000000,0.000000,0.000000,0.000000,0.000000,0.000132,0.000000,0.000000,0.000132,0.000000,0.000000
saying,8,0.000132,0.000132,0.000000,0.000000,0.000132,0.000000,0.000000,0.000396,0.000000,0.000000,0.000000,0.000000,0.000132,0.000000,0.000132,0.000000,0.000000,0.000000,0.000000,0.000000,0.000000,0.000000
ranging,8,0.000132,0.000000,0.000000,0.000000,0.000000,0.000132,0.000264,0.000132,0.000000,0.000000,0.000132,0.000000,0.000000,0.000000,0.000000,0.000000,0.000000,0.000132,0.000000,0.000000,0.000000,0.000132
preparing,8,0.000000,0.000132,0.000000,0.000000,0.000264,0.000000,0.000000,0.000132,0.000000,0.000000,0.000132,0.000000,0.000000,0.000000,0.000000,0.000132,0.000132,0.000000,0.000000,0.000000,0.000132,0.000000
opening,8,0.000000,0.000000,0.000000,0.000000,0.000264,0.000000,0.000000,0.000000,0.000000,0.000132,0.000264,0.000132,0.000132,0.000000,0.000000,0.000000,0.000000,0.000000,0.000000,0.000000,0.000000,0.000132
occurring,8,0.000000,0.000132,0.000000,0.000132,0.000132,0.000000,0.000000,0.000132,0.000000,0.000000,0.000132,0.000000,0.000264,0.000132,0.000000,0.000000,0.000000,0.000000,0.000000,0.000000,0.000000,0.000000
missing,8,0.000000,0.000000,0.000132,0.000000,0.000000,0.000132,0.000132,0.000132,0.000000,0.000000,0.000132,0.000264,0.000000,0.000000,0.000132,0.000000,0.000000,0.000000,0.000000,0.000000,0.000000,0.000000
installing,8,0.000000,0.000000,0.000000,0.000000,0.000132,0.000000,0.000000,0.000000,0.000000,0.000000,0.000000,0.000000,0.000000,0.000132,0.000132,0.000000,0.000132,0.000000,0.000000,0.000132,0.000000,0.000132
forecasting,8,0.000000,0.000132,0.000000,0.000000,0.000000,0.000000,0.000000,0.000264,0.000000,0.000000,0.000000,0.000000,0.000000,0.000264,0.000000,0.000132,0.000132,0.000000,0.000132,0.000000,0.000000,0.000000
doing,8,0.000000,0.000000,0.000000,0.000000,0.000132,0.000000,0.000132,0.000396,0.000000,0.000132,0.000000,0.000000,0.000264,0.000000,0.000000,0.000000,0.000000,0.000000,0.000000,0.000000,0.000000,0.000000
awarding,8,0.000000,0.000000,0.000000,0.000000,0.000000,0.000000,0.000396,0.000132,0.000000,0.000000,0.000000,0.000132,0.000132,0.000132,0.000000,0.000000,0.000000,0.000000,0.000000,0.000000,0.000000,0.000132
supporting,7,0.000000,0.000264,0.000000,0.000000,0.000000,0.000000,0.000000,0.000000,0.000000,0.000000,0.000000,0.000000,0.000000,0.000000,0.000000,0.000000,0.000000,0.000000,0.000000,0.000000,0.000264,0.000000
stating,7,0.000000,0.000000,0.000000,0.000000,0.000000,0.000000,0.000000,0.000000,0.000000,0.000000,0.000000,0.000132,0.000000,0.000132,0.000000,0.000132,0.000000,0.000000,0.000132,0.000264,0.000132,0.000000
spring,7,0.000132,0.000000,0.000000,0.000000,0.000132,0.000132,0.000000,0.000000,0.000000,0.000000,0.000000,0.000132,0.000264,0.000000,0.000132,0.000000,0.000000,0.000000,0.000000,0.000000,0.000000,0.000000
showing,7,0.000000,0.000000,0.000000,0.000000,0.000000,0.000132,0.000132,0.000000,0.000000,0.000000,0.000000,0.000000,0.000264,0.000264,0.000000,0.000000,0.000000,0.000000,0.000000,0.000132,0.000000,0.000000
setting,7,0.000000,0.000000,0.000000,0.000000,0.000132,0.000000,0.000000,0.000132,0.000000,0.000132,0.000264,0.000000,0.000000,0.000000,0.000132,0.000000,0.000000,0.000000,0.000000,0.000000,0.000132,0.000000
offering,7,0.000000,0.000000,0.000000,0.000132,0.000000,0.000000,0.000000,0.000132,0.000000,0.000132,0.000000,0.000132,0.000264,0.000000,0.000000,0.000000,0.000000,0.000000,0.000000,0.000000,0.000000,0.000132
lasting,7,0.000000,0.000000,0.000000,0.000000,0.000132,0.000000,0.000000,0.000132,0.000000,0.000000,0.000000,0.000132,0.000000,0.000000,0.000000,0.000264,0.000000,0.000132,0.000000,0.000000,0.000000,0.000132
gathering,7,0.000000,0.000000,0.000000,0.000132,0.000132,0.000132,0.000132,0.000000,0.000000,0.000000,0.000000,0.000000,0.000000,0.000000,0.000132,0.000000,0.000000,0.000000,0.000132,0.000000,0.000132,0.000000
falling,7,0.000132,0.000000,0.000000,0.000000,0.000000,0.000000,0.000000,0.000132,0.000000,0.000000,0.000132,0.000000,0.000000,0.000000,0.000132,0.000000,0.000264,0.000000,0.000000,0.000000,0.000000,0.000132
examining,7,0.000000,0.000000,0.000000,0.000000,0.000132,0.000000,0.000000,0.000132,0.000000,0.000000,0.000000,0.000000,0.000000,0.000000,0.000000,0.000264,0.000000,0.000000,0.000000,0.000132,0.000132,0.000000
evaluating,7,0.000000,0.000000,0.000000,0.000000,0.000132,0.000000,0.000000,0.000396,0.000000,0.000000,0.000000,0.000132,0.000000,0.000132,0.000000,0.000132,0.000000,0.000000,0.000000,0.000000,0.000000,0.000000
designing,7,0.000132,0.000132,0.000000,0.000000,0.000000,0.000132,0.000000,0.000132,0.000000,0.000000,0.000000,0.000000,0.000000,0.000132,0.000000,0.000000,0.000000,0.000000,0.000000,0.000000,0.000000,0.000000
closing,7,0.000000,0.000000,0.000000,0.000000,0.000529,0.000000,0.000000,0.000132,0.000000,0.000000,0.000132,0.000000,0.000000,0.000000,0.000000,0.000000,0.000000,0.000000,0.000000,0.000000,0.000000,0.000000
calling,7,0.000132,0.000000,0.000000,0.000000,0.000132,0.000000,0.000000,0.000000,0.000000,0.000000,0.000264,0.000132,0.000000,0.000132,0.000000,0.000000,0.000000,0.000000,0.000000,0.000000,0.000132,0.000000
aging,7,0.000000,0.000000,0.000000,0.000000,0.000000,0.000000,0.000132,0.000132,0.000000,0.000000,0.000000,0.000132,0.000000,0.000132,0.000000,0.000000,0.000132,0.000000,0.000000,0.000132,0.000000,0.000000
weighing,6,0.000000,0.000132,0.000000,0.000000,0.000000,0.000000,0.000000,0.000000,0.000000,0.000000,0.000264,0.000132,0.000000,0.000132,0.000000,0.000000,0.000000,0.000000,0.000000,0.000000,0.000132,0.000000
transporting,6,0.000000,0.000000,0.000000,0.000000,0.000000,0.000000,0.000000,0.000000,0.000000,0.000264,0.000000,0.000132,0.000000,0.000132,0.000000,0.000000,0.000132,0.000000,0.000132,0.000000,0.000000,0.000000
string,6,0.000000,0.000000,0.000000,0.000000,0.000000,0.000000,0.000132,0.000000,0.000000,0.000132,0.000132,0.000000,0.000264,0.000132,0.000000,0.000000,0.000000,0.000000,0.000000,0.000000,0.000000,0.000000
sounding,6,0.000000,0.000132,0.000000,0.000000,0.000264,0.000132,0.000000,0.000000,0.000000,0.000000,0.000000,0.000000,0.000000,0.000132,0.000000,0.000000,0.000000,0.000000,0.000132,0.000000,0.000000,0.000000
scanning,6,0.000000,0.000000,0.000000,0.000000,0.000132,0.000000,0.000264,0.000000,0.000000,0.000000,0.000000,0.000132,0.000000,0.000000,0.000000,0.000000,0.000132,0.000000,0.000000,0.000132,0.000000,0.000000
ring,6,0.000000,0.000264,0.000000,0.000132,0.000132,0.000132,0.000000,0.000000,0.000000,0.000000,0.000000,0.000000,0.000000,0.000000,0.000000,0.000000,0.000132,0.000000,0.000000,0.000000,0.000000,0.000000
requiring,6,0.000000,0.000000,0.000000,0.000000,0.000132,0.000000,0.000000,0.000000,0.000000,0.000000,0.000000,0.000000,0.000132,0.000132,0.000000,0.000000,0.000132,0.000000,0.000000,0.000000,0.000000,0.000000
representing,6,0.000000,0.000132,0.000000,0.000000,0.000000,0.000000,0.000132,0.000264,0.000000,0.000000,0.000000,0.000000,0.000000,0.000000,0.000000,0.000000,0.000132,0.000000,0.000132,0.000000,0.000000,0.000000
producing,6,0.000000,0.000000,0.000000,0.000000,0.000132,0.000132,0.000000,0.000000,0.000000,0.000132,0.000000,0.000000,0.000132,0.000000,0.000000,0.000000,0.000264,0.000000,0.000000,0.000000,0.000000,0.000000
paying,6,0.000000,0.000132,0.000000,0.000000,0.000000,0.000000,0.000000,0.000396,0.000000,0.000132,0.000000,0.000000,0.000000,0.000000,0.000000,0.000000,0.000000,0.000000,0.000132,0.000000,0.000000,0.000000
managing,6,0.000000,0.000000,0.000000,0.000000,0.000000,0.000000,0.000000,0.000000,0.000000,0.000000,0.000000,0.000000,0.000264,0.000000,0.000000,0.000132,0.000000,0.000000,0.000132,0.000132,0.000000,0.000000
learning,6,0.000000,0.000000,0.000000,0.000000,0.000000,0.000000,0.000132,0.000264,0.000000,0.000000,0.000264,0.000000,0.000000,0.000000,0.000132,0.000000,0.000000,0.000000,0.000000,0.000000,0.000000,0.000000
investigating,6,0.000000,0.000000,0.000000,0.000000,0.000132,0.000132,0.000132,0.000000,0.000000,0.000000,0.000000,0.000000,0.000132,0.000132,0.000000,0.000000,0.000000,0.000000,0.000000,0.000000,0.000000,0.000000
insulating,6,0.000000,0.000000,0.000000,0.000000,0.000000,0.000000,0.000000,0.000000,0.000000,0.000132,0.000396,0.000000,0.000000,0.000000,0.000000,0.000000,0.000132,0.000000,0.000000,0.000000,0.000000,0.000132
featuring,6,0.000000,0.000000,0.000000,0.000000,0.000132,0.000000,0.000132,0.000000,0.000000,0.000132,0.000132,0.000000,0.000132,0.000132,0.000000,0.000000,0.000000,0.000000,0.000000,0.000000,0.000000,0.000000
exploring,6,0.000000,0.000000,0.000000,0.000000,0.000000,0.000000,0.000132,0.000000,0.000000,0.000264,0.000000,0.000000,0.000000,0.000000,0.000264,0.000000,0.000000,0.000000,0.000000,0.000000,0.000000,0.000000
entering,6,0.000000,0.000264,0.000000,0.000000,0.000000,0.000000,0.000000,0.000132,0.000000,0.000000,0.000000,0.000000,0.000132,0.000000,0.000000,0.000000,0.000000,0.000000,0.000000,0.000000,0.000264,0.000000
delivering,6,0.000000,0.000000,0.000000,0.000000,0.000000,0.000000,0.000000,0.000132,0.000000,0.000000,0.000264,0.000000,0.000000,0.000132,0.000000,0.000000,0.000264,0.000000,0.000000,0.000000,0.000000,0.000000
comprising,6,0.000000,0.000000,0.000000,0.000000,0.000000,0.000000,0.000000,0.000000,0.000000,0.000000,0.000000,0.000132,0.000132,0.000000,0.000000,0.000000,0.000264,0.000000,0.000132,0.000000,0.000000,0.000132
collecting,6,0.000000,0.000132,0.000000,0.000000,0.000264,0.000000,0.000000,0.000132,0.000000,0.000000,0.000000,0.000132,0.000000,0.000000,0.000000,0.000000,0.000000,0.000000,0.000132,0.000000,0.000000,0.000000
bringing,6,0.000000,0.000000,0.000000,0.000000,0.000000,0.000000,0.000000,0.000000,0.000000,0.000264,0.000132,0.000132,0.000000,0.000132,0.000000,0.000000,0.000000,0.000000,0.000000,0.000000,0.000000,0.000000
transferring,5,0.000000,0.000000,0.000000,0.000000,0.000000,0.000000,0.000000,0.000132,0.000000,0.000132,0.000000,0.000000,0.000000,0.000132,0.000000,0.000132,0.000132,0.000000,0.000000,0.000000,0.000000,0.000000
threatening,5,0.000000,0.000264,0.000000,0.000000,0.000264,0.000000,0.000000,0.000000,0.000000,0.000000,0.000000,0.000000,0.000000,0.000000,0.000000,0.000000,0.000000,0.000000,0.000132,0.000000,0.000000,0.000000
separating,5,0.000000,0.000132,0.000000,0.000000,0.000000,0.000000,0.000000,0.000000,0.000132,0.000000,0.000000,0.000000,0.000000,0.000000,0.000000,0.000000,0.000264,0.000000,0.000000,0.000000,0.000000,0.000000
saving,5,0.000000,0.000000,0.000000,0.000000,0.000132,0.000000,0.000132,0.000264,0.000000,0.000000,0.000000,0.000000,0.000000,0.000000,0.000000,0.000000,0.000132,0.000000,0.000000,0.000000,0.000000,0.000000
rotating,5,0.000000,0.000000,0.000000,0.000000,0.000264,0.000264,0.000000,0.000000,0.000000,0.000000,0.000000,0.000000,0.000000,0.000000,0.000132,0.000000,0.000000,0.000000,0.000000,0.000000,0.000000,0.000000
proving,5,0.000000,0.000000,0.000000,0.000000,0.000000,0.000000,0.000000,0.000000,0.000132,0.000000,0.000000,0.000132,0.000000,0.000000,0.000000,0.000000,0.000000,0.000000,0.000000,0.000000,0.000132,0.000000
preventing,5,0.000000,0.000000,0.000000,0.000000,0.000132,0.000000,0.000000,0.000000,0.000000,0.000000,0.000000,0.000000,0.000264,0.000000,0.000000,0.000000,0.000000,0.000000,0.000000,0.000000,0.000132,0.000000
permitting,5,0.000132,0.000000,0.000000,0.000000,0.000000,0.000000,0.000132,0.000132,0.000000,0.000000,0.000132,0.000000,0.000000,0.000000,0.000132,0.000000,0.000000,0.000000,0.000000,0.000000,0.000000,0.000000
passing,5,0.000132,0.000132,0.000000,0.000000,0.000000,0.000000,0.000000,0.000132,0.000000,0.000000,0.000000,0.000000,0.000000,0.000000,0.000000,0.000000,0.000000,0.000132,0.000000,0.000000,0.000000,0.000000
participating,5,0.000000,0.000000,0.000000,0.000000,0.000000,0.000000,0.000000,0.000000,0.000000,0.000000,0.000264,0.000000,0.000000,0.000000,0.000000,0.000000,0.000000,0.000000,0.000000,0.000000,0.000132,0.000132
modifying,5,0.000000,0.000000,0.000000,0.000132,0.000132,0.000132,0.000000,0.000000,0.000000,0.000000,0.000000,0.000000,0.000000,0.000000,0.000000,0.000000,0.000264,0.000000,0.000000,0.000000,0.000000,0.000000
maintaining,5,0.000000,0.000000,0.000000,0.000000,0.000132,0.000000,0.000000,0.000000,0.000000,0.000132,0.000000,0.000000,0.000132,0.000000,0.000000,0.000132,0.000000,0.000000,0.000132,0.000000,0.000000,0.000000
looking,5,0.000000,0.000000,0.000000,0.000000,0.000132,0.000132,0.000000,0.000264,0.000000,0.000000,0.000000,0.000000,0.000000,0.000000,0.000132,0.000000,0.000000,0.000000,0.000000,0.000000,0.000000,0.000000
handling,5,0.000132,0.000000,0.000000,0.000132,0.000132,0.000000,0.000132,0.000132,0.000000,0.000000,0.000000,0.000000,0.000000,0.000000,0.000000,0.000000,0.000000,0.000000,0.000000,0.000000,0.000000,0.000000
generating,5,0.000000,0.000000,0.000000,0.000000,0.000132,0.000000,0.000000,0.000132,0.000000,0.000000,0.000000,0.000000,0.000000,0.000000,0.000000,0.000000,0.000132,0.000000,0.000000,0.000000,0.000264,0.000000
discussing,5,0.000000,0.000000,0.000000,0.000000,0.000132,0.000132,0.000000,0.000132,0.000000,0.000000,0.000132,0.000000,0.000000,0.000132,0.000000,0.000000,0.000000,0.000000,0.000000,0.000000,0.000000,0.000000
defining,5,0.000000,0.000000,0.000000,0.000000,0.000000,0.000000,0.000000,0.000000,0.000000,0.000000,0.000000,0.000000,0.000000,0.000000,0.000000,0.000264,0.000000,0.000000,0.000000,0.000000,0.000000,0.000396
consulting,5,0.000000,0.000000,0.000000,0.000000,0.000000,0.000000,0.000132,0.000264,0.000000,0.000132,0.000000,0.000000,0.000000,0.000000,0.000000,0.000000,0.000000,0.000132,0.000000,0.000000,0.000000,0.000000
consolidating,5,0.000000,0.000000,0.000000,0.000000,0.000264,0.000000,0.000000,0.000000,0.000000,0.000000,0.000000,0.000264,0.000000,0.000000,0.000000,0.000000,0.000000,0.000000,0.000132,0.000000,0.000000,0.000000
changing,5,0.000000,0.000000,0.000000,0.000000,0.000000,0.000132,0.000000,0.000132,0.000000,0.000000,0.000000,0.000000,0.000000,0.000000,0.000132,0.000000,0.000000,0.000000,0.000132,0.000000,0.000000,0.000000
briefing,5,0.000000,0.000000,0.000000,0.000000,0.000000,0.000529,0.000000,0.000132,0.000000,0.000000,0.000000,0.000000,0.000000,0.000000,0.000000,0.000000,0.000000,0.000000,0.000000,0.000000,0.000000,0.000000
achieving,5,0.000000,0.000000,0.000000,0.000000,0.000000,0.000000,0.000132,0.000000,0.000000,0.000000,0.000000,0.000132,0.000000,0.000000,0.000132,0.000000,0.000000,0.000000,0.000000,0.000132,0.000132,0.000000
winning,4,0.000000,0.000000,0.000000,0.000000,0.000132,0.000000,0.000132,0.000000,0.000000,0.000000,0.000000,0.000132,0.000000,0.000000,0.000000,0.000000,0.000000,0.000000,0.000000,0.000000,0.000000,0.000132
watching,4,0.000000,0.000000,0.000000,0.000000,0.000132,0.000000,0.000000,0.000132,0.000000,0.000132,0.000000,0.000132,0.000000,0.000000,0.000000,0.000000,0.000000,0.000000,0.000000,0.000000,0.000000,0.000000
trying,4,0.000000,0.000000,0.000000,0.000000,0.000000,0.000132,0.000000,0.000000,0.000000,0.000132,0.000132,0.000132,0.000000,0.000000,0.000000,0.000000,0.000000,0.000000,0.000000,0.000000,0.000000,0.000000
sustaining,4,0.000132,0.000000,0.000000,0.000000,0.000000,0.000000,0.000000,0.000000,0.000000,0.000132,0.000000,0.000000,0.000000,0.000000,0.000000,0.000000,0.000000,0.000000,0.000132,0.000000,0.000000,0.000132
steering,4,0.000000,0.000000,0.000000,0.000000,0.000000,0.000000,0.000000,0.000132,0.000000,0.000000,0.000000,0.000132,0.000000,0.000000,0.000000,0.000000,0.000132,0.000000,0.000000,0.000000,0.000000,0.000000
seeking,4,0.000000,0.000000,0.000000,0.000000,0.000132,0.000132,0.000132,0.000132,0.000000,0.000000,0.000000,0.000000,0.000000,0.000000,0.000000,0.000000,0.000000,0.000000,0.000000,0.000000,0.000000,0.000000
releasing,4,0.000000,0.000000,0.000000,0.000000,0.000000,0.000000,0.000132,0.000000,0.000000,0.000000,0.000132,0.000000,0.000132,0.000000,0.000000,0.000000,0.000000,0.000000,0.000000,0.000000,0.000000,0.000000
recommending,4,0.000000,0.000132,0.000000,0.000000,0.000000,0.000000,0.000000,0.000132,0.000000,0.000000,0.000000,0.000000,0.000000,0.000000,0.000000,0.000000,0.000000,0.000000,0.000000,0.000264,0.000000,0.000000
programming,4,0.000000,0.000000,0.000000,0.000000,0.000000,0.000000,0.000132,0.000000,0.000000,0.000000,0.000132,0.000000,0.000000,0.000264,0.000000,0.000000,0.000000,0.000000,0.000000,0.000000,0.000000,0.000000
modeling,4,0.000000,0.000132,0.000000,0.000000,0.000000,0.000000,0.000000,0.000000,0.000000,0.000000,0.000000,0.000000,0.000000,0.000132,0.000000,0.000000,0.000000,0.000000,0.000132,0.000000,0.000132,0.000000
maneuvering,4,0.000132,0.000132,0.000000,0.000000,0.000000,0.000000,0.000000,0.000000,0.000132,0.000000,0.000000,0.000000,0.000000,0.000000,0.000000,0.000000,0.000000,0.000000,0.000000,0.000000,0.000132,0.000000
joining,4,0.000000,0.000000,0.000000,0.000000,0.000000,0.000000,0.000000,0.000000,0.000000,0.000000,0.000000,0.000000,0.000000,0.000000,0.000000,0.000000,0.000132,0.000000,0.000000,0.000132,0.000000,0.000000
indicating,4,0.000000,0.000000,0.000000,0.000000,0.000000,0.000000,0.000000,0.000132,0.000000,0.000132,0.000000,0.000132,0.000000,0.000000,0.000000,0.000000,0.000000,0.000000,0.000000,0.000000,0.000000,0.000000
holding,4,0.000000,0.000000,0.000000,0.000000,0.000000,0.000132,0.000000,0.000000,0.000000,0.000132,0.000000,0.000000,0.000132,0.000000,0.000000,0.000000,0.000000,0.000000,0.000000,0.000000,0.000000,0.000132
giving,4,0.000000,0.000132,0.000000,0.000000,0.000132,0.000000,0.000000,0.000000,0.000000,0.000000,0.000000,0.000000,0.000132,0.000000,0.000132,0.000000,0.000000,0.000000,0.000000,0.000000,0.000000,0.000000
getting,4,0.000000,0.000000,0.000000,0.000000,0.000000,0.000000,0.000132,0.000396,0.000000,0.000000,0.000000,0.000000,0.000000,0.000000,0.000000,0.000000,0.000000,0.000000,0.000000,0.000000,0.000000,0.000000
forming,4,0.000000,0.000000,0.000000,0.000000,0.000264,0.000000,0.000000,0.000000,0.000000,0.000000,0.000000,0.000264,0.000000,0.000000,0.000000,0.000000,0.000000,0.000000,0.000000,0.000000,0.000000,0.000000
failing,4,0.000132,0.000000,0.000000,0.000000,0.000000,0.000000,0.000132,0.000000,0.000000,0.000000,0.000132,0.000132,0.000000,0.000000,0.000000,0.000000,0.000000,0.000000,0.000000,0.000000,0.000000,0.000000
facing,4,0.000000,0.000000,0.000000,0.000000,0.000132,0.000132,0.000000,0.000000,0.000000,0.000000,0.000000,0.000000,0.000000,0.000000,0.000000,0.000132,0.000000,0.000000,0.000000,0.000000,0.000132,0.000000
expanding,4,0.000000,0.000132,0.000000,0.000000,0.000000,0.000000,0.000000,0.000132,0.000000,0.000000,0.000000,0.000000,0.000132,0.000000,0.000132,0.000000,0.000000,0.000000,0.000000,0.000000,0.000000,0.000000
establishing,4,0.000132,0.000000,0.000000,0.000000,0.000000,0.000000,0.000000,0.000000,0.000000,0.000000,0.000000,0.000000,0.000264,0.000000,0.000132,0.000000,0.000000,0.000000,0.000000,0.000000,0.000000,0.000000
emanating,4,0.000000,0.000000,0.000000,0.000000,0.000000,0.000000,0.000000,0.000000,0.000132,0.000000,0.000000,0.000132,0.000000,0.000000,0.000132,0.000000,0.000000,0.000000,0.000000,0.000000,0.000000,0.000000
destroying,4,0.000132,0.000000,0.000000,0.000000,0.000000,0.000132,0.000000,0.000000,0.000000,0.000000,0.000000,0.000132,0.000132,0.000000,0.000000,0.000000,0.000000,0.000000,0.000000,0.000000,0.000000,0.000000
deploying,4,0.000000,0.000000,0.000000,0.000000,0.000000,0.000132,0.000000,0.000000,0.000000,0.000000,0.000132,0.000132,0.000000,0.000000,0.000132,0.000000,0.000000,0.000000,0.000000,0.000000,0.000000,0.000000
demonstrating,4,0.000000,0.000000,0.000000,0.000000,0.000000,0.000000,0.000132,0.000132,0.000000,0.000000,0.000000,0.000000,0.000000,0.000132,0.000000,0.000000,0.000132,0.000000,0.000000,0.000000,0.000000,0.000000
declining,4,0.000000,0.000000,0.000000,0.000000,0.000000,0.000000,0.000000,0.000000,0.000000,0.000000,0.000000,0.000000,0.000000,0.000264,0.000000,0.000000,0.000000,0.000000,0.000264,0.000000,0.000000,0.000000
cutting,4,0.000000,0.000000,0.000000,0.000000,0.000132,0.000132,0.000000,0.000000,0.000000,0.000132,0.000000,0.000132,0.000000,0.000000,0.000000,0.000000,0.000000,0.000000,0.000000,0.000000,0.000000,0.000000
concluding,4,0.000000,0.000000,0.000000,0.000000,0.000132,0.000000,0.000000,0.000000,0.000000,0.000000,0.000132,0.000000,0.000132,0.000000,0.000000,0.000000,0.000132,0.000000,0.000000,0.000000,0.000000,0.000000
citing,4,0.000000,0.000132,0.000000,0.000000,0.000264,0.000000,0.000000,0.000000,0.000000,0.000132,0.000000,0.000000,0.000000,0.000000,0.000000,0.000000,0.000000,0.000000,0.000000,0.000000,0.000000,0.000000
burning,4,0.000000,0.000000,0.000000,0.000000,0.000000,0.000132,0.000000,0.000132,0.000000,0.000000,0.000000,0.000000,0.000132,0.000000,0.000000,0.000000,0.000132,0.000000,0.000000,0.000000,0.000000,0.000000
attempting,4,0.000000,0.000132,0.000000,0.000000,0.000000,0.000000,0.000132,0.000132,0.000000,0.000000,0.000132,0.000000,0.000000,0.000000,0.000000,0.000000,0.000000,0.000000,0.000000,0.000000,0.000000,0.000000
assessing,4,0.000000,0.000000,0.000000,0.000000,0.000000,0.000000,0.000000,0.000000,0.000000,0.000000,0.000000,0.000000,0.000000,0.000000,0.000000,0.000264,0.000000,0.000000,0.000132,0.000000,0.000000,0.000132
analyzing,4,0.000000,0.000000,0.000000,0.000000,0.000000,0.000000,0.000000,0.000000,0.000000,0.000132,0.000000,0.000000,0.000132,0.000000,0.000000,0.000000,0.000000,0.000000,0.000000,0.000132,0.000000,0.000000
accepting,4,0.000000,0.000000,0.000000,0.000000,0.000000,0.000000,0.000132,0.000132,0.000000,0.000000,0.000000,0.000000,0.000132,0.000000,0.000000,0.000000,0.000000,0.000000,0.000000,0.000000,0.000000,0.000132
wearing,3,0.000000,0.000000,0.000000,0.000000,0.000000,0.000132,0.000000,0.000000,0.000000,0.000000,0.000000,0.000000,0.000000,0.000000,0.000132,0.000000,0.000000,0.000000,0.000000,0.000132,0.000000,0.000000
viewing,3,0.000000,0.000132,0.000000,0.000000,0.000132,0.000000,0.000000,0.000000,0.000000,0.000000,0.000000,0.000132,0.000000,0.000000,0.000000,0.000000,0.000000,0.000000,0.000000,0.000000,0.000000,0.000000
timing,3,0.000000,0.000132,0.000000,0.000000,0.000000,0.000000,0.000000,0.000000,0.000000,0.000132,0.000000,0.000000,0.000000,0.000000,0.000000,0.000000,0.000000,0.000000,0.000000,0.000000,0.000000,0.000132
thinning,3,0.000000,0.000000,0.000000,0.000000,0.000132,0.000132,0.000000,0.000000,0.000000,0.000000,0.000000,0.000000,0.000000,0.000132,0.000000,0.000000,0.000000,0.000000,0.000000,0.000000,0.000000,0.000000
swirling,3,0.000000,0.000000,0.000000,0.000000,0.000000,0.000000,0.000000,0.000000,0.000000,0.000000,0.000000,0.000000,0.000132,0.000000,0.000132,0.000000,0.000132,0.000000,0.000000,0.000000,0.000000,0.000000
sting,3,0.000000,0.000000,0.000000,0.000000,0.000000,0.000000,0.000132,0.000264,0.000000,0.000000,0.000000,0.000000,0.000000,0.000000,0.000000,0.000000,0.000000,0.000000,0.000000,0.000000,0.000000,0.000000
sitting,3,0.000000,0.000000,0.000000,0.000000,0.000000,0.000000,0.000000,0.000000,0.000000,0.000132,0.000000,0.000000,0.000132,0.000000,0.000000,0.000000,0.000000,0.000000,0.000000,0.000000,0.000132,0.000000
signing,3,0.000000,0.000000,0.000000,0.000000,0.000000,0.000000,0.000000,0.000264,0.000000,0.000000,0.000000,0.000000,0.000000,0.000000,0.000000,0.000000,0.000000,0.000000,0.000000,0.000132,0.000000,0.000000
shielding,3,0.000000,0.000000,0.000000,0.000000,0.000000,0.000000,0.000000,0.000132,0.000000,0.000000,0.000000,0.000000,0.000000,0.000000,0.000000,0.000000,0.000264,0.000000,0.000000,0.000000,0.000000,0.000000
securing,3,0.000000,0.000000,0.000000,0.000000,0.000000,0.000000,0.000000,0.000000,0.000000,0.000000,0.000000,0.000000,0.000000,0.000000,0.000000,0.000000,0.000000,0.000000,0.000132,0.000000,0.000264,0.000000
scheduling,3,0.000000,0.000000,0.000000,0.000000,0.000000,0.000000,0.000000,0.000000,0.000000,0.000000,0.000000,0.000132,0.000000,0.000000,0.000000,0.000264,0.000000,0.000000,0.000000,0.000000,0.000000,0.000000
resolving,3,0.000132,0.000000,0.000000,0.000000,0.000000,0.000000,0.000000,0.000000,0.000000,0.000000,0.000000,0.000000,0.000132,0.000000,0.000000,0.000000,0.000000,0.000000,0.000000,0.000000,0.000132,0.000000
reporting,3,0.000000,0.000000,0.000000,0.000000,0.000132,0.000000,0.000132,0.000000,0.000000,0.000132,0.000000,0.000000,0.000000,0.000000,0.000000,0.000000,0.000000,0.000000,0.000000,0.000000,0.000000,0.000000
relating,3,0.000000,0.000000,0.000000,0.000132,0.000132,0.000000,0.000000,0.000000,0.000000,0.000000,0.000000,0.000000,0.000000,0.000000,0.000000,0.000000,0.000000,0.000000,0.000000,0.000000,0.000132,0.000000
raising,3,0.000000,0.000000,0.000000,0.000000,0.000000,0.000000,0.000000,0.000000,0.000132,0.000000,0.000000,0.000000,0.000000,0.000000,0.000000,0.000132,0.000132,0.000000,0.000000,0.000000,0.000000,0.000000
quoting,3,0.000000,0.000000,0.000000,0.000000,0.000264,0.000000,0.000000,0.000132,0.000000,0.000000,0.000000,0.000000,0.000000,0.000000,0.000000,0.000000,0.000000,0.000000,0.000000,0.000000,0.000000,0.000000
protecting,3,0.000000,0.000000,0.000000,0.000000,0.000000,0.000000,0.000000,0.000132,0.000000,0.000000,0.000000,0.000000,0.000132,0.000000,0.000000,0.000000,0.000000,0.000000,0.000000,0.000000,0.000000,0.000000
preceding,3,0.000000,0.000000,0.000000,0.000000,0.000264,0.000000,0.000000,0.000132,0.000000,0.000000,0.000000,0.000000,0.000000,0.000000,0.000000,0.000000,0.000000,0.000000,0.000000,0.000000,0.000000,0.000000
praising,3,0.000000,0.000000,0.000000,0.000000,0.000000,0.000000,0.000000,0.000000,0.000000,0.000132,0.000000,0.000000,0.000000,0.000000,0.000132,0.000000,0.000000,0.000000,0.000000,0.000000,0.000132,0.000000
pioneering,3,0.000000,0.000000,0.000000,0.000000,0.000000,0.000132,0.000000,0.000000,0.000000,0.000000,0.000000,0.000000,0.000000,0.000000,0.000000,0.000000,0.000132,0.000132,0.000000,0.000000,0.000000,0.000000
organizing,3,0.000000,0.000000,0.000000,0.000000,0.000000,0.000000,0.000000,0.000132,0.000000,0.000000,0.000000,0.000132,0.000000,0.000000,0.000132,0.000000,0.000000,0.000000,0.000000,0.000000,0.000000,0.000000
opposing,3,0.000000,0.000000,0.000000,0.000000,0.000000,0.000000,0.000132,0.000000,0.000000,0.000000,0.000000,0.000000,0.000000,0.000132,0.000132,0.000000,0.000000,0.000000,0.000000,0.000000,0.000000,0.000000
negotiating,3,0.000000,0.000000,0.000000,0.000000,0.000132,0.000000,0.000000,0.000000,0.000000,0.000000,0.000000,0.000000,0.000000,0.000132,0.000000,0.000000,0.000000,0.000000,0.000000,0.000000,0.000000,0.000132
nearing,3,0.000000,0.000000,0.000000,0.000000,0.000132,0.000000,0.000000,0.000000,0.000000,0.000132,0.000132,0.000000,0.000000,0.000000,0.000000,0.000000,0.000000,0.000000,0.000000,0.000000,0.000000,0.000000
grounding,3,0.000000,0.000000,0.000000,0.000000,0.000000,0.000000,0.000000,0.000000,0.000000,0.000000,0.000000,0.000000,0.000000,0.000000,0.000000,0.000000,0.000396,0.000000,0.000000,0.000000,0.000000,0.000000
glowing,3,0.000000,0.000000,0.000000,0.000000,0.000000,0.000132,0.000000,0.000000,0.000132,0.000000,0.000000,0.000000,0.000000,0.000000,0.000000,0.000000,0.000132,0.000000,0.000000,0.000000,0.000000,0.000000
founding,3,0.000000,0.000000,0.000000,0.000000,0.000000,0.000000,0.000132,0.000000,0.000000,0.000000,0.000000,0.000000,0.000000,0.000000,0.000000,0.000000,0.000264,0.000000,0.000000,0.000000,0.000000,0.000000
focusing,3,0.000000,0.000132,0.000000,0.000000,0.000000,0.000000,0.000000,0.000000,0.000000,0.000000,0.000000,0.000000,0.000000,0.000000,0.000132,0.000000,0.000000,0.000000,0.000000,0.000000,0.000000,0.000000
floating,3,0.000000,0.000000,0.000000,0.000000,0.000000,0.000000,0.000000,0.000132,0.000000,0.000000,0.000132,0.000000,0.000000,0.000000,0.000132,0.000000,0.000000,0.000000,0.000000,0.000000,0.000000,0.000000
ferrying,3,0.000000,0.000132,0.000000,0.000000,0.000132,0.000000,0.000000,0.000000,0.000000,0.000000,0.000000,0.000000,0.000000,0.000000,0.000000,0.000000,0.000000,0.000000,0.000000,0.000000,0.000000,0.000132
facilitating,3,0.000000,0.000000,0.000000,0.000000,0.000000,0.000000,0.000000,0.000132,0.000000,0.000132,0.000000,0.000000,0.000000,0.000132,0.000000,0.000000,0.000000,0.000000,0.000000,0.000000,0.000000,0.000000
exploding,3,0.000000,0.000000,0.000000,0.000000,0.000000,0.000000,0.000132,0.000000,0.000000,0.000000,0.000264,0.000000,0.000000,0.000000,0.000000,0.000000,0.000000,0.000000,0.000000,0.000000,0.000000,0.000000
explaining,3,0.000000,0.000000,0.000000,0.000000,0.000000,0.000132,0.000000,0.000000,0.000000,0.000000,0.000000,0.000132,0.000000,0.000000,0.000000,0.000000,0.000000,0.000000,0.000000,0.000000,0.000132,0.000000
evolving,3,0.000000,0.000000,0.000000,0.000000,0.000132,0.000000,0.000000,0.000000,0.000000,0.000000,0.000132,0.000000,0.000000,0.000000,0.000000,0.000000,0.000132,0.000000,0.000000,0.000000,0.000000,0.000000
estimating,3,0.000000,0.000000,0.000000,0.000000,0.000000,0.000000,0.000000,0.000000,0.000000,0.000000,0.000000,0.000000,0.000132,0.000132,0.000000,0.000132,0.000000,0.000000,0.000000,0.000000,0.000000,0.000000
emphasizing,3,0.000000,0.000000,0.000000,0.000000,0.000132,0.000000,0.000000,0.000132,0.000000,0.000000,0.000000,0.000000,0.000000,0.000000,0.000000,0.000000,0.000000,0.000000,0.000000,0.000132,0.000000,0.000000
eliminating,3,0.000000,0.000000,0.000000,0.000000,0.000132,0.000000,0.000132,0.000132,0.000000,0.000000,0.000000,0.000000,0.000000,0.000000,0.000000,0.000000,0.000000,0.000000,0.000000,0.000000,0.000000,0.000000
detecting,3,0.000000,0.000000,0.000000,0.000000,0.000000,0.000132,0.000000,0.000000,0.000000,0.000000,0.000000,0.000000,0.000000,0.000000,0.000000,0.000000,0.000132,0.000000,0.000000,0.000000,0.000000,0.000132
crashing,3,0.000000,0.000000,0.000000,0.000000,0.000000,0.000000,0.000000,0.000132,0.000000,0.000000,0.000000,0.000000,0.000000,0.000132,0.000132,0.000000,0.000000,0.000000,0.000000,0.000000,0.000000,0.000000
contributing,3,0.000000,0.000000,0.000000,0.000000,0.000000,0.000132,0.000000,0.000000,0.000000,0.000000,0.000000,0.000000,0.000000,0.000000,0.000000,0.000000,0.000000,0.000000,0.000000,0.000132,0.000000,0.000000
contracting,3,0.000000,0.000000,0.000000,0.000000,0.000264,0.000000,0.000132,0.000000,0.000000,0.000000,0.000000,0.000000,0.000000,0.000000,0.000000,0.000000,0.000000,0.000000,0.000000,0.000000,0.000000,0.000000
constructing,3,0.000000,0.000000,0.000000,0.000000,0.000000,0.000000,0.000000,0.000000,0.000132,0.000000,0.000264,0.000000,0.000000,0.000000,0.000000,0.000000,0.000000,0.000000,0.000000,0.000000,0.000000,0.000000
competing,3,0.000000,0.000000,0.000000,0.000000,0.000000,0.000000,0.000000,0.000132,0.000000,0.000000,0.000000,0.000000,0.000132,0.000000,0.000000,0.000000,0.000000,0.000000,0.000132,0.000000,0.000000,0.000000
commemorating,3,0.000000,0.000132,0.000132,0.000000,0.000000,0.000000,0.000000,0.000000,0.000000,0.000000,0.000000,0.000000,0.000000,0.000132,0.000000,0.000000,0.000000,0.000000,0.000000,0.000000,0.000000,0.000000
combining,3,0.000000,0.000000,0.000000,0.000000,0.000000,0.000000,0.000000,0.000132,0.000000,0.000000,0.000000,0.000132,0.000132,0.000000,0.000000,0.000000,0.000000,0.000000,0.000000,0.000000,0.000000,0.000000
circling,3,0.000000,0.000000,0.000000,0.000000,0.000132,0.000000,0.000000,0.000000,0.000000,0.000000,0.000000,0.000000,0.000132,0.000000,0.000000,0.000000,0.000000,0.000000,0.000000,0.000132,0.000000,0.000000
challenging,3,0.000000,0.000000,0.000132,0.000000,0.000000,0.000000,0.000000,0.000132,0.000000,0.000000,0.000000,0.000132,0.000000,0.000000,0.000000,0.000000,0.000000,0.000000,0.000000,0.000000,0.000000,0.000000
capturing,3,0.000000,0.000000,0.000000,0.000000,0.000000,0.000000,0.000000,0.000000,0.000000,0.000000,0.000000,0.000000,0.000396,0.000000,0.000000,0.000000,0.000000,0.000000,0.000000,0.000000,0.000000,0.000000
breaking,3,0.000000,0.000132,0.000000,0.000000,0.000000,0.000000,0.000000,0.000000,0.000000,0.000132,0.000132,0.000000,0.000000,0.000000,0.000000,0.000000,0.000000,0.000000,0.000000,0.000000,0.000000,0.000000
attending,3,0.000000,0.000000,0.000000,0.000000,0.000000,0.000132,0.000000,0.000264,0.000000,0.000000,0.000000,0.000000,0.000000,0.000000,0.000000,0.000000,0.000000,0.000000,0.000000,0.000000,0.000000,0.000000
addressing,3,0.000000,0.000000,0.000000,0.000000,0.000000,0.000000,0.000132,0.000000,0.000000,0.000000,0.000000,0.000000,0.000000,0.000000,0.000132,0.000000,0.000000,0.000000,0.000000,0.000132,0.000000,0.000000
