the space,87,0.011132,0.014842,0.007421,0.011132,0.040816,0.048237,0.066790,0.014842,0.003711,0.007421,0.000000,0.003711,0.000000,0.000000,0.003711,0.018553,0.029685,0.003711,0.007421,0.003711,0.018553,0.011132
the first,34,0.000000,0.003711,0.007421,0.007421,0.011132,0.033395,0.011132,0.014842,0.000000,0.003711,0.000000,0.003711,0.007421,0.000000,0.003711,0.007421,0.003711,0.003711,0.000000,0.000000,0.003711,0.000000
the iss,31,0.000000,0.000000,0.000000,0.000000,0.000000,0.000000,0.000000,0.000000,0.000000,0.000000,0.000000,0.007421,0.000000,0.000000,0.014842,0.033395,0.003711,0.011132,0.000000,0.014842,0.025974,0.003711
the shuttle,29,0.000000,0.003711,0.003711,0.007421,0.003711,0.018553,0.022263,0.011132,0.000000,0.000000,0.000000,0.003711,0.003711,0.000000,0.000000,0.011132,0.011132,0.003711,0.003711,0.000000,0.000000,0.000000
the launch,28,0.000000,0.003711,0.003711,0.011132,0.033395,0.003711,0.033395,0.014842,0.000000,0.000000,0.000000,0.000000,0.000000,0.000000,0.000000,0.000000,0.000000,0.000000,0.000000,0.000000,0.000000,0.000000
the sun,17,0.000000,0.000000,0.000000,0.003711,0.000000,0.022263,0.000000,0.018553,0.003711,0.000000,0.000000,0.000000,0.000000,0.000000,0.000000,0.000000,0.000000,0.000000,0.000000,0.014842,0.000000,0.000000
the crew,16,0.000000,0.000000,0.000000,0.000000,0.011132,0.003711,0.007421,0.007421,0.000000,0.000000,0.000000,0.003711,0.000000,0.000000,0.003711,0.014842,0.000000,0.000000,0.000000,0.007421,0.000000,0.000000
the company,12,0.000000,0.003711,0.000000,0.000000,0.000000,0.003711,0.011132,0.000000,0.000000,0.000000,0.000000,0.000000,0.000000,0.000000,0.000000,0.003711,0.000000,0.007421,0.000000,0.000000,0.014842,0.000000
the second,11,0.000000,0.000000,0.000000,0.007421,0.007421,0.003711,0.007421,0.011132,0.003711,0.000000,0.000000,0.000000,0.000000,0.000000,0.000000,0.000000,0.000000,0.000000,0.000000,0.000000,0.000000,0.000000
the mission,11,0.000000,0.000000,0.000000,0.003711,0.011132,0.000000,0.003711,0.003711,0.007421,0.000000,0.000000,0.000000,0.000000,0.000000,0.003711,0.003711,0.000000,0.000000,0.000000,0.003711,0.000000,0.000000
the contract,11,0.000000,0.000000,0.003711,0.000000,0.000000,0.000000,0.000000,0.003711,0.000000,0.000000,0.000000,0.000000,0.000000,0.000000,0.000000,0.011132,0.000000,0.003711,0.000000,0.000000,0.014842,0.003711
the columbia,10,0.000000,0.000000,0.000000,0.000000,0.003711,0.000000,0.003711,0.000000,0.000000,0.000000,0.000000,0.000000,0.000000,0.000000,0.000000,0.000000,0.007421,0.007421,0.007421,0.000000,0.007421,0.000000
a space,10,0.000000,0.003711,0.000000,0.000000,0.003711,0.000000,0.011132,0.011132,0.000000,0.000000,0.000000,0.000000,0.000000,0.000000,0.000000,0.000000,0.000000,0.000000,0.000000,0.000000,0.003711,0.003711
the problem,9,0.000000,0.000000,0.000000,0.011132,0.000000,0.000000,0.011132,0.000000,0.000000,0.000000,0.000000,0.000000,0.000000,0.000000,0.000000,0.000000,0.000000,0.000000,0.011132,0.000000,0.000000,0.000000
the caib,9,0.000000,0.000000,0.000000,0.000000,0.000000,0.000000,0.000000,0.000000,0.000000,0.000000,0.000000,0.000000,0.000000,0.000000,0.000000,0.000000,0.025974,0.003711,0.003711,0.000000,0.000000,0.000000
a nasa,9,0.003711,0.000000,0.000000,0.003711,0.007421,0.000000,0.007421,0.003711,0.000000,0.000000,0.000000,0.000000,0.000000,0.000000,0.000000,0.003711,0.000000,0.000000,0.000000,0.000000,0.000000,0.000000
the retirement,6,0.000000,0.000000,0.000000,0.000000,0.000000,0.000000,0.000000,0.000000,0.000000,0.000000,0.000000,0.000000,0.000000,0.000000,0.000000,0.000000,0.000000,0.000000,0.000000,0.000000,0.003711,0.014842
the orbiter,6,0.000000,0.000000,0.003711,0.003711,0.000000,0.000000,0.000000,0.000000,0.000000,0.000000,0.000000,0.000000,0.000000,0.000000,0.000000,0.000000,0.003711,0.003711,0.007421,0.000000,0.000000,0.000000
the foam,6,0.000000,0.000000,0.000000,0.000000,0.000000,0.000000,0.000000,0.000000,0.000000,0.000000,0.000000,0.000000,0.000000,0.000000,0.000000,0.000000,0.000000,0.000000,0.022263,0.000000,0.000000,0.000000
the cost,6,0.003711,0.000000,0.000000,0.000000,0.003711,0.000000,0.007421,0.000000,0.000000,0.000000,0.000000,0.000000,0.000000,0.000000,0.003711,0.000000,0.000000,0.000000,0.000000,0.000000,0.000000,0.003711
the challenger,6,0.003711,0.003711,0.003711,0.003711,0.000000,0.000000,0.000000,0.000000,0.000000,0.000000,0.000000,0.000000,0.000000,0.000000,0.000000,0.000000,0.003711,0.003711,0.000000,0.000000,0.000000,0.000000
a problem,6,0.000000,0.000000,0.000000,0.003711,0.007421,0.000000,0.003711,0.000000,0.000000,0.000000,0.000000,0.000000,0.000000,0.000000,0.000000,0.000000,0.000000,0.000000,0.007421,0.000000,0.000000,0.000000
the use,5,0.000000,0.000000,0.000000,0.000000,0.007421,0.000000,0.000000,0.000000,0.003711,0.000000,0.000000,0.000000,0.000000,0.000000,0.000000,0.000000,0.000000,0.007421,0.000000,0.000000,0.000000,0.000000
the third,5,0.000000,0.000000,0.000000,0.000000,0.003711,0.000000,0.014842,0.000000,0.000000,0.000000,0.000000,0.000000,0.000000,0.000000,0.000000,0.000000,0.000000,0.000000,0.000000,0.000000,0.000000,0.000000
the selection,5,0.000000,0.000000,0.000000,0.003711,0.000000,0.000000,0.000000,0.003711,0.000000,0.000000,0.000000,0.000000,0.000000,0.000000,0.003711,0.007421,0.000000,0.000000,0.000000,0.000000,0.000000,0.000000
the flight,5,0.000000,0.000000,0.000000,0.000000,0.003711,0.003711,0.007421,0.003711,0.000000,0.000000,0.000000,0.000000,0.000000,0.000000,0.000000,0.000000,0.000000,0.000000,0.000000,0.000000,0.000000,0.000000
the engine,5,0.000000,0.000000,0.000000,0.003711,0.003711,0.003711,0.007421,0.000000,0.000000,0.000000,0.000000,0.000000,0.000000,0.000000,0.000000,0.000000,0.000000,0.000000,0.000000,0.000000,0.000000,0.000000
the countdown,5,0.000000,0.000000,0.000000,0.000000,0.000000,0.000000,0.003711,0.014842,0.000000,0.000000,0.000000,0.000000,0.000000,0.000000,0.000000,0.000000,0.000000,0.000000,0.000000,0.000000,0.000000,0.000000
a contract,5,0.000000,0.000000,0.000000,0.000000,0.000000,0.000000,0.000000,0.007421,0.000000,0.000000,0.000000,0.000000,0.000000,0.000000,0.000000,0.000000,0.000000,0.000000,0.000000,0.000000,0.007421,0.003711
the year,4,0.000000,0.000000,0.000000,0.000000,0.000000,0.000000,0.007421,0.000000,0.000000,0.000000,0.000000,0.000000,0.000000,0.000000,0.000000,0.000000,0.000000,0.000000,0.000000,0.000000,0.007421,0.000000
the work,4,0.000000,0.000000,0.000000,0.000000,0.003711,0.003711,0.000000,0.000000,0.000000,0.000000,0.000000,0.000000,0.000000,0.000000,0.000000,0.000000,0.003711,0.000000,0.000000,0.000000,0.003711,0.000000
the university,4,0.000000,0.000000,0.000000,0.003711,0.000000,0.000000,0.011132,0.000000,0.000000,0.000000,0.000000,0.000000,0.000000,0.000000,0.000000,0.000000,0.000000,0.000000,0.000000,0.000000,0.000000,0.000000
the panel,4,0.000000,0.000000,0.000000,0.000000,0.000000,0.007421,0.007421,0.000000,0.000000,0.000000,0.000000,0.000000,0.000000,0.000000,0.000000,0.000000,0.000000,0.000000,0.000000,0.000000,0.000000,0.000000
the nasa,4,0.007421,0.000000,0.000000,0.000000,0.000000,0.000000,0.000000,0.000000,0.000000,0.003711,0.000000,0.000000,0.000000,0.000000,0.000000,0.000000,0.003711,0.000000,0.000000,0.000000,0.000000,0.000000
the gap,4,0.000000,0.000000,0.000000,0.000000,0.000000,0.000000,0.000000,0.000000,0.000000,0.000000,0.000000,0.000000,0.000000,0.000000,0.000000,0.000000,0.007421,0.000000,0.000000,0.000000,0.000000,0.007421
the fall,4,0.000000,0.000000,0.000000,0.000000,0.000000,0.000000,0.000000,0.014842,0.000000,0.000000,0.000000,0.000000,0.000000,0.000000,0.000000,0.000000,0.000000,0.000000,0.000000,0.000000,0.000000,0.000000
the european,4,0.000000,0.000000,0.000000,0.003711,0.000000,0.000000,0.000000,0.007421,0.000000,0.000000,0.000000,0.000000,0.000000,0.000000,0.000000,0.000000,0.000000,0.000000,0.000000,0.000000,0.003711,0.000000
the design,4,0.000000,0.000000,0.000000,0.000000,0.003711,0.003711,0.000000,0.000000,0.000000,0.000000,0.000000,0.000000,0.000000,0.000000,0.000000,0.003711,0.000000,0.000000,0.000000,0.000000,0.003711,0.000000
the agreement,4,0.003711,0.003711,0.000000,0.007421,0.000000,0.000000,0.000000,0.000000,0.000000,0.000000,0.000000,0.000000,0.000000,0.000000,0.000000,0.000000,0.000000,0.000000,0.000000,0.000000,0.000000,0.000000
an engine,4,0.000000,0.000000,0.000000,0.000000,0.000000,0.003711,0.007421,0.003711,0.000000,0.000000,0.000000,0.000000,0.000000,0.000000,0.000000,0.000000,0.000000,0.000000,0.000000,0.000000,0.000000,0.000000
an article,4,0.000000,0.000000,0.000000,0.000000,0.007421,0.000000,0.007421,0.000000,0.000000,0.000000,0.000000,0.000000,0.000000,0.000000,0.000000,0.000000,0.000000,0.000000,0.000000,0.000000,0.000000,0.000000
a team,4,0.000000,0.000000,0.000000,0.003711,0.000000,0.000000,0.003711,0.000000,0.000000,0.000000,0.000000,0.000000,0.000000,0.000000,0.000000,0.000000,0.000000,0.000000,0.003711,0.000000,0.003711,0.000000
a second,4,0.000000,0.000000,0.000000,0.000000,0.003711,0.000000,0.007421,0.000000,0.000000,0.000000,0.000000,0.000000,0.000000,0.000000,0.000000,0.000000,0.003711,0.000000,0.000000,0.000000,0.000000,0.000000
the task,3,0.000000,0.000000,0.000000,0.000000,0.000000,0.000000,0.000000,0.000000,0.000000,0.000000,0.000000,0.000000,0.000000,0.000000,0.000000,0.000000,0.000000,0.003711,0.007421,0.000000,0.000000,0.000000
the station,3,0.000000,0.000000,0.000000,0.000000,0.000000,0.000000,0.000000,0.000000,0.000000,0.000000,0.000000,0.007421,0.000000,0.000000,0.000000,0.003711,0.000000,0.000000,0.000000,0.000000,0.000000,0.000000
the spacecraft,3,0.000000,0.000000,0.000000,0.000000,0.000000,0.000000,0.000000,0.003711,0.000000,0.000000,0.000000,0.000000,0.000000,0.000000,0.000000,0.000000,0.000000,0.000000,0.000000,0.003711,0.003711,0.000000
the shutdown,3,0.000000,0.000000,0.000000,0.000000,0.000000,0.000000,0.011132,0.000000,0.000000,0.000000,0.000000,0.000000,0.000000,0.000000,0.000000,0.000000,0.000000,0.000000,0.000000,0.000000,0.000000,0.000000
the safety,3,0.000000,0.000000,0.000000,0.000000,0.000000,0.003711,0.003711,0.000000,0.000000,0.003711,0.000000,0.000000,0.000000,0.000000,0.000000,0.000000,0.000000,0.000000,0.000000,0.000000,0.000000,0.000000
the rockwell,3,0.000000,0.000000,0.000000,0.000000,0.003711,0.000000,0.003711,0.003711,0.000000,0.000000,0.000000,0.000000,0.000000,0.000000,0.000000,0.000000,0.000000,0.000000,0.000000,0.000000,0.000000,0.000000
the report,3,0.000000,0.000000,0.000000,0.000000,0.000000,0.000000,0.003711,0.000000,0.000000,0.000000,0.000000,0.000000,0.000000,0.000000,0.000000,0.003711,0.000000,0.000000,0.000000,0.000000,0.000000,0.003711
the release,3,0.000000,0.000000,0.000000,0.000000,0.000000,0.000000,0.000000,0.000000,0.000000,0.000000,0.000000,0.000000,0.000000,0.000000,0.000000,0.003711,0.000000,0.007421,0.000000,0.000000,0.000000,0.000000
the possibility,3,0.000000,0.000000,0.000000,0.000000,0.003711,0.000000,0.003711,0.000000,0.000000,0.000000,0.000000,0.000000,0.000000,0.000000,0.003711,0.000000,0.000000,0.000000,0.000000,0.000000,0.000000,0.000000
the name,3,0.000000,0.000000,0.011132,0.000000,0.000000,0.000000,0.000000,0.000000,0.000000,0.000000,0.000000,0.000000,0.000000,0.000000,0.000000,0.000000,0.000000,0.000000,0.000000,0.000000,0.000000,0.000000
the mfc,3,0.000000,0.000000,0.000000,0.000000,0.000000,0.000000,0.000000,0.000000,0.000000,0.000000,0.000000,0.000000,0.000000,0.000000,0.000000,0.000000,0.000000,0.000000,0.000000,0.000000,0.011132,0.000000
the istp,3,0.000000,0.000000,0.000000,0.000000,0.000000,0.000000,0.000000,0.000000,0.000000,0.000000,0.000000,0.000000,0.000000,0.000000,0.000000,0.011132,0.000000,0.000000,0.000000,0.000000,0.000000,0.000000
the hst,3,0.000000,0.000000,0.000000,0.000000,0.000000,0.000000,0.000000,0.000000,0.000000,0.000000,0.000000,0.000000,0.000000,0.000000,0.000000,0.011132,0.000000,0.000000,0.000000,0.000000,0.000000,0.000000
the german,3,0.000000,0.000000,0.000000,0.000000,0.000000,0.000000,0.007421,0.003711,0.000000,0.000000,0.000000,0.000000,0.000000,0.000000,0.000000,0.000000,0.000000,0.000000,0.000000,0.000000,0.000000,0.000000
the event,3,0.000000,0.000000,0.003711,0.000000,0.000000,0.000000,0.000000,0.000000,0.000000,0.007421,0.000000,0.000000,0.000000,0.000000,0.000000,0.000000,0.000000,0.000000,0.000000,0.000000,0.000000,0.000000
the craft,3,0.000000,0.000000,0.000000,0.007421,0.000000,0.000000,0.000000,0.000000,0.000000,0.000000,0.000000,0.000000,0.003711,0.000000,0.000000,0.000000,0.000000,0.000000,0.000000,0.000000,0.000000,0.000000
the ares-1,3,0.000000,0.000000,0.000000,0.000000,0.000000,0.000000,0.000000,0.000000,0.000000,0.000000,0.000000,0.000000,0.000000,0.000000,0.000000,0.000000,0.000000,0.000000,0.000000,0.000000,0.011132,0.000000
the aerospace,3,0.000000,0.000000,0.000000,0.000000,0.003711,0.003711,0.000000,0.000000,0.000000,0.003711,0.000000,0.000000,0.000000,0.000000,0.000000,0.000000,0.000000,0.000000,0.000000,0.000000,0.000000,0.000000
an hour,3,0.000000,0.000000,0.000000,0.000000,0.003711,0.000000,0.003711,0.000000,0.000000,0.000000,0.000000,0.000000,0.000000,0.000000,0.000000,0.000000,0.000000,0.000000,0.000000,0.000000,0.003711,0.000000
a television,3,0.000000,0.000000,0.000000,0.000000,0.003711,0.000000,0.000000,0.003711,0.000000,0.003711,0.000000,0.000000,0.000000,0.000000,0.000000,0.000000,0.000000,0.000000,0.000000,0.000000,0.000000,0.000000
a spacewalk,3,0.000000,0.000000,0.000000,0.000000,0.000000,0.000000,0.007421,0.003711,0.000000,0.000000,0.000000,0.000000,0.000000,0.000000,0.000000,0.000000,0.000000,0.000000,0.000000,0.000000,0.000000,0.000000
a shuttle,3,0.000000,0.003711,0.000000,0.000000,0.003711,0.000000,0.000000,0.000000,0.000000,0.000000,0.000000,0.000000,0.000000,0.000000,0.003711,0.000000,0.000000,0.000000,0.000000,0.000000,0.000000,0.000000
a review,3,0.000000,0.000000,0.000000,0.000000,0.000000,0.000000,0.011132,0.000000,0.000000,0.000000,0.000000,0.000000,0.000000,0.000000,0.000000,0.000000,0.000000,0.000000,0.000000,0.000000,0.000000,0.000000
a result,3,0.000000,0.003711,0.000000,0.000000,0.003711,0.000000,0.000000,0.003711,0.000000,0.000000,0.000000,0.000000,0.000000,0.000000,0.000000,0.000000,0.000000,0.000000,0.000000,0.000000,0.000000,0.000000
