shuttle,315,0.012987,0.018553,0.012987,0.024119,0.090909,0.057514,0.102041,0.066790,0.007421,0.007421,0.001855,0.009276,0.012987,0.000000,0.016698,0.031540,0.033395,0.025974,0.014842,0.007421,0.022263,0.007421
nasa,309,0.020408,0.018553,0.011132,0.031540,0.070501,0.029685,0.089054,0.074212,0.003711,0.007421,0.001855,0.001855,0.003711,0.000000,0.027829,0.037106,0.038961,0.022263,0.016698,0.007421,0.040816,0.012987
space,301,0.016698,0.018553,0.009276,0.024119,0.087199,0.053803,0.100186,0.059369,0.012987,0.009276,0.001855,0.007421,0.003711,0.000000,0.012987,0.027829,0.029685,0.024119,0.009276,0.014842,0.025974,0.011132
mission,100,0.007421,0.001855,0.003711,0.009276,0.029685,0.014842,0.031540,0.014842,0.007421,0.005566,0.003711,0.003711,0.001855,0.000000,0.011132,0.012987,0.001855,0.003711,0.005566,0.011132,0.007421,0.000000
apr,78,0.000000,0.007421,0.003711,0.000000,0.081633,0.001855,0.024119,0.025974,0.000000,0.000000,0.000000,0.000000,0.000000,0.000000,0.000000,0.000000,0.000000,0.000000,0.000000,0.000000,0.000000,0.000000
release,63,0.007421,0.007421,0.005566,0.011132,0.014842,0.003711,0.009276,0.024119,0.003711,0.000000,0.000000,0.000000,0.000000,0.000000,0.003711,0.007421,0.003711,0.007421,0.000000,0.001855,0.007421,0.000000
ap,60,0.000000,0.001855,0.005566,0.000000,0.046382,0.012987,0.029685,0.012987,0.001855,0.000000,0.000000,0.000000,0.000000,0.000000,0.000000,0.000000,0.000000,0.000000,0.000000,0.000000,0.000000,0.000000
columbia,59,0.000000,0.000000,0.000000,0.007421,0.011132,0.007421,0.020408,0.022263,0.005566,0.001855,0.000000,0.000000,0.005566,0.000000,0.000000,0.001855,0.007421,0.007421,0.007421,0.000000,0.005566,0.000000
crew,54,0.000000,0.001855,0.000000,0.003711,0.016698,0.007421,0.005566,0.007421,0.000000,0.005566,0.001855,0.005566,0.000000,0.000000,0.011132,0.014842,0.001855,0.001855,0.001855,0.005566,0.005566,0.001855
flight,51,0.000000,0.003711,0.000000,0.001855,0.012987,0.014842,0.016698,0.018553,0.005566,0.001855,0.000000,0.000000,0.001855,0.000000,0.000000,0.003711,0.003711,0.001855,0.005566,0.000000,0.001855,0.000000
discovery,50,0.000000,0.003711,0.000000,0.001855,0.016698,0.005566,0.025974,0.011132,0.000000,0.000000,0.000000,0.001855,0.001855,0.000000,0.005566,0.000000,0.000000,0.000000,0.011132,0.005566,0.001855,0.000000
today,49,0.000000,0.001855,0.003711,0.000000,0.031540,0.009276,0.027829,0.009276,0.005566,0.000000,0.000000,0.003711,0.000000,0.000000,0.000000,0.000000,0.001855,0.000000,0.000000,0.000000,0.000000,0.000000
first,48,0.000000,0.003711,0.003711,0.003711,0.007421,0.016698,0.012987,0.009276,0.001855,0.003711,0.000000,0.003711,0.003711,0.000000,0.001855,0.003711,0.001855,0.001855,0.001855,0.003711,0.003711,0.000000
jul,45,0.000000,0.000000,0.000000,0.011132,0.009276,0.029685,0.029685,0.003711,0.000000,0.000000,0.000000,0.000000,0.000000,0.000000,0.000000,0.000000,0.000000,0.000000,0.000000,0.000000,0.000000,0.000000
aug,44,0.007421,0.016698,0.000000,0.000000,0.016698,0.000000,0.022263,0.005566,0.012987,0.000000,0.000000,0.000000,0.000000,0.000000,0.000000,0.000000,0.000000,0.000000,0.000000,0.000000,0.000000,0.000000
usa,42,0.000000,0.001855,0.003711,0.000000,0.025974,0.009276,0.025974,0.007421,0.003711,0.000000,0.000000,0.001855,0.000000,0.000000,0.000000,0.000000,0.000000,0.000000,0.000000,0.000000,0.000000,0.000000
post,42,0.001855,0.003711,0.003711,0.005566,0.025974,0.011132,0.018553,0.000000,0.005566,0.001855,0.000000,0.000000,0.000000,0.000000,0.000000,0.000000,0.000000,0.000000,0.001855,0.000000,0.000000,0.000000
sun,40,0.001855,0.001855,0.001855,0.001855,0.016698,0.012987,0.016698,0.011132,0.001855,0.000000,0.000000,0.000000,0.000000,0.000000,0.000000,0.000000,0.000000,0.000000,0.000000,0.007421,0.000000,0.000000
ny,40,0.000000,0.001855,0.001855,0.011132,0.018553,0.016698,0.014842,0.007421,0.003711,0.000000,0.000000,0.000000,0.000000,0.000000,0.000000,0.000000,0.000000,0.000000,0.000000,0.000000,0.000000,0.000000
iss,39,0.000000,0.000000,0.000000,0.000000,0.000000,0.000000,0.000000,0.000000,0.000000,0.000000,0.000000,0.005566,0.000000,0.000000,0.011132,0.016698,0.001855,0.007421,0.000000,0.009276,0.018553,0.001855
upi,35,0.000000,0.003711,0.003711,0.000000,0.029685,0.011132,0.014842,0.000000,0.001855,0.000000,0.000000,0.000000,0.000000,0.000000,0.000000,0.000000,0.000000,0.000000,0.000000,0.000000,0.000000,0.000000
program,34,0.000000,0.000000,0.000000,0.000000,0.003711,0.007421,0.011132,0.001855,0.000000,0.001855,0.000000,0.001855,0.000000,0.000000,0.011132,0.005566,0.009276,0.000000,0.000000,0.000000,0.001855,0.007421
research,33,0.000000,0.000000,0.000000,0.003711,0.001855,0.014842,0.018553,0.007421,0.001855,0.000000,0.000000,0.000000,0.000000,0.000000,0.000000,0.000000,0.001855,0.003711,0.000000,0.000000,0.007421,0.000000
june,33,0.001855,0.000000,0.000000,0.003711,0.003711,0.000000,0.035250,0.005566,0.000000,0.000000,0.000000,0.000000,0.000000,0.000000,0.000000,0.000000,0.003711,0.000000,0.000000,0.000000,0.005566,0.000000
contract,33,0.000000,0.001855,0.001855,0.000000,0.005566,0.001855,0.000000,0.005566,0.000000,0.000000,0.000000,0.000000,0.000000,0.000000,0.000000,0.009276,0.007421,0.003711,0.000000,0.000000,0.020408,0.003711
launch,32,0.000000,0.001855,0.003711,0.007421,0.016698,0.001855,0.020408,0.007421,0.000000,0.000000,0.000000,0.000000,0.000000,0.000000,0.000000,0.000000,0.000000,0.000000,0.000000,0.000000,0.000000,0.000000
engine,32,0.000000,0.001855,0.000000,0.001855,0.001855,0.005566,0.025974,0.003711,0.000000,0.000000,0.000000,0.000000,0.000000,0.000000,0.005566,0.007421,0.000000,0.000000,0.000000,0.000000,0.005566,0.000000
p,28,0.000000,0.003711,0.001855,0.003711,0.012987,0.011132,0.007421,0.003711,0.000000,0.000000,0.000000,0.000000,0.000000,0.000000,0.001855,0.001855,0.000000,0.000000,0.000000,0.003711,0.000000,0.000000
million,27,0.000000,0.001855,0.000000,0.000000,0.011132,0.012987,0.005566,0.003711,0.000000,0.000000,0.000000,0.000000,0.000000,0.000000,0.003711,0.000000,0.001855,0.001855,0.000000,0.000000,0.005566,0.001855
fuel,25,0.000000,0.001855,0.003711,0.011132,0.003711,0.005566,0.003711,0.003711,0.000000,0.000000,0.001855,0.000000,0.003711,0.000000,0.001855,0.000000,0.000000,0.001855,0.003711,0.000000,0.000000,0.000000
florida,25,0.000000,0.001855,0.003711,0.001855,0.011132,0.001855,0.005566,0.001855,0.000000,0.000000,0.000000,0.005566,0.003711,0.000000,0.001855,0.005566,0.001855,0.000000,0.000000,0.000000,0.000000,0.000000
endeavour,25,0.000000,0.000000,0.007421,0.000000,0.003711,0.003711,0.009276,0.009276,0.003711,0.000000,0.000000,0.001855,0.000000,0.000000,0.000000,0.001855,0.000000,0.000000,0.000000,0.000000,0.005566,0.000000
inq,24,0.000000,0.003711,0.001855,0.003711,0.012987,0.011132,0.007421,0.003711,0.000000,0.000000,0.000000,0.000000,0.000000,0.000000,0.000000,0.000000,0.000000,0.000000,0.000000,0.000000,0.000000,0.000000
feb,24,0.000000,0.000000,0.000000,0.005566,0.003711,0.009276,0.012987,0.012987,0.000000,0.000000,0.000000,0.000000,0.000000,0.000000,0.000000,0.000000,0.000000,0.000000,0.000000,0.000000,0.000000,0.000000
b,23,0.001855,0.001855,0.001855,0.000000,0.014842,0.003711,0.016698,0.001855,0.000000,0.000000,0.000000,0.000000,0.000000,0.000000,0.000000,0.000000,0.000000,0.000000,0.000000,0.000000,0.000000,0.000000
oct,22,0.000000,0.000000,0.000000,0.003711,0.009276,0.001855,0.018553,0.007421,0.009276,0.000000,0.000000,0.000000,0.000000,0.000000,0.000000,0.000000,0.000000,0.000000,0.000000,0.000000,0.000000,0.000000
sep,21,0.000000,0.000000,0.011132,0.005566,0.016698,0.000000,0.005566,0.000000,0.000000,0.000000,0.000000,0.000000,0.000000,0.000000,0.000000,0.000000,0.000000,0.000000,0.000000,0.000000,0.000000,0.000000
safety,21,0.000000,0.003711,0.000000,0.000000,0.005566,0.005566,0.009276,0.001855,0.000000,0.003711,0.000000,0.001855,0.000000,0.000000,0.000000,0.000000,0.003711,0.001855,0.001855,0.000000,0.000000,0.000000
problem,21,0.000000,0.000000,0.000000,0.007421,0.007421,0.001855,0.009276,0.000000,0.000000,0.000000,0.001855,0.001855,0.000000,0.000000,0.000000,0.000000,0.000000,0.000000,0.009276,0.000000,0.000000,0.000000
work,20,0.000000,0.003711,0.000000,0.000000,0.005566,0.009276,0.005566,0.001855,0.000000,0.000000,0.000000,0.001855,0.000000,0.000000,0.000000,0.001855,0.003711,0.000000,0.000000,0.000000,0.003711,0.000000
spacehab,20,0.000000,0.007421,0.000000,0.000000,0.005566,0.000000,0.003711,0.000000,0.000000,0.000000,0.000000,0.000000,0.000000,0.000000,0.000000,0.000000,0.000000,0.000000,0.000000,0.000000,0.020408,0.000000
orbit,20,0.000000,0.001855,0.000000,0.005566,0.000000,0.003711,0.003711,0.005566,0.000000,0.000000,0.000000,0.001855,0.001855,0.000000,0.000000,0.001855,0.001855,0.001855,0.001855,0.003711,0.001855,0.000000
m,20,0.000000,0.000000,0.000000,0.001855,0.001855,0.003711,0.005566,0.003711,0.000000,0.000000,0.000000,0.000000,0.001855,0.000000,0.001855,0.005566,0.001855,0.000000,0.000000,0.005566,0.001855,0.000000
jun,20,0.000000,0.000000,0.000000,0.000000,0.031540,0.000000,0.000000,0.005566,0.000000,0.000000,0.000000,0.000000,0.000000,0.000000,0.000000,0.000000,0.000000,0.000000,0.000000,0.000000,0.000000,0.000000
use,19,0.000000,0.000000,0.000000,0.000000,0.007421,0.000000,0.001855,0.003711,0.001855,0.001855,0.000000,0.000000,0.000000,0.000000,0.001855,0.003711,0.001855,0.003711,0.000000,0.000000,0.005566,0.001855
system,19,0.001855,0.000000,0.000000,0.000000,0.005566,0.001855,0.009276,0.000000,0.001855,0.000000,0.000000,0.003711,0.000000,0.000000,0.005566,0.001855,0.001855,0.000000,0.000000,0.000000,0.000000,0.001855
rockwell,19,0.003711,0.000000,0.000000,0.000000,0.011132,0.009276,0.003711,0.007421,0.000000,0.000000,0.000000,0.000000,0.000000,0.000000,0.000000,0.000000,0.000000,0.000000,0.000000,0.000000,0.000000,0.000000
news,19,0.000000,0.000000,0.000000,0.000000,0.000000,0.001855,0.003711,0.003711,0.003711,0.000000,0.000000,0.000000,0.000000,0.000000,0.003711,0.005566,0.003711,0.003711,0.000000,0.001855,0.005566,0.000000
second,18,0.000000,0.001855,0.000000,0.003711,0.005566,0.001855,0.007421,0.005566,0.001855,0.000000,0.000000,0.000000,0.001855,0.000000,0.000000,0.000000,0.001855,0.000000,0.000000,0.001855,0.000000,0.000000
ksc,18,0.000000,0.000000,0.000000,0.000000,0.000000,0.000000,0.000000,0.000000,0.000000,0.001855,0.000000,0.007421,0.001855,0.000000,0.003711,0.007421,0.000000,0.000000,0.001855,0.005566,0.003711,0.000000
january,18,0.000000,0.001855,0.000000,0.001855,0.001855,0.001855,0.005566,0.000000,0.000000,0.003711,0.000000,0.005566,0.000000,0.000000,0.000000,0.001855,0.003711,0.000000,0.000000,0.001855,0.003711,0.000000
dec,18,0.000000,0.000000,0.000000,0.001855,0.007421,0.012987,0.003711,0.007421,0.001855,0.000000,0.000000,0.000000,0.000000,0.000000,0.000000,0.000000,0.000000,0.000000,0.000000,0.000000,0.000000,0.000000
microgravity,17,0.001855,0.000000,0.000000,0.003711,0.001855,0.005566,0.001855,0.012987,0.001855,0.000000,0.001855,0.000000,0.000000,0.000000,0.000000,0.000000,0.000000,0.000000,0.000000,0.000000,0.000000,0.000000
accident,17,0.001855,0.001855,0.003711,0.001855,0.000000,0.000000,0.001855,0.000000,0.000000,0.003711,0.000000,0.000000,0.000000,0.000000,0.000000,0.000000,0.007421,0.005566,0.001855,0.000000,0.003711,0.000000
laboratory,16,0.000000,0.000000,0.000000,0.001855,0.001855,0.011132,0.001855,0.003711,0.001855,0.000000,0.001855,0.000000,0.000000,0.000000,0.001855,0.000000,0.000000,0.000000,0.000000,0.000000,0.003711,0.000000
challenger,16,0.001855,0.001855,0.003711,0.001855,0.003711,0.001855,0.003711,0.000000,0.000000,0.007421,0.000000,0.000000,0.000000,0.000000,0.000000,0.000000,0.003711,0.001855,0.000000,0.000000,0.000000,0.000000
23/91,16,0.000000,0.000000,0.000000,0.000000,0.029685,0.000000,0.000000,0.000000,0.000000,0.000000,0.000000,0.000000,0.000000,0.000000,0.000000,0.000000,0.000000,0.000000,0.000000,0.000000,0.000000,0.000000
spacecraft,15,0.000000,0.000000,0.000000,0.001855,0.000000,0.003711,0.003711,0.007421,0.001855,0.000000,0.000000,0.000000,0.000000,0.000000,0.001855,0.000000,0.000000,0.000000,0.000000,0.003711,0.003711,0.000000
pad,15,0.000000,0.003711,0.000000,0.005566,0.007421,0.003711,0.005566,0.000000,0.000000,0.000000,0.000000,0.000000,0.000000,0.000000,0.000000,0.000000,0.000000,0.000000,0.001855,0.000000,0.000000,0.000000
la,15,0.001855,0.000000,0.000000,0.000000,0.020408,0.001855,0.003711,0.000000,0.000000,0.000000,0.000000,0.000000,0.000000,0.000000,0.000000,0.000000,0.000000,0.000000,0.000000,0.000000,0.000000,0.000000
earth,15,0.001855,0.000000,0.000000,0.001855,0.005566,0.001855,0.003711,0.005566,0.001855,0.000000,0.000000,0.000000,0.000000,0.000000,0.001855,0.001855,0.000000,0.000000,0.000000,0.001855,0.000000,0.000000
delay,15,0.000000,0.001855,0.000000,0.000000,0.005566,0.000000,0.009276,0.001855,0.000000,0.000000,0.000000,0.000000,0.000000,0.000000,0.001855,0.001855,0.000000,0.000000,0.000000,0.000000,0.000000,0.005566
company,15,0.000000,0.003711,0.000000,0.000000,0.001855,0.003711,0.005566,0.000000,0.000000,0.000000,0.000000,0.000000,0.000000,0.000000,0.000000,0.001855,0.000000,0.003711,0.000000,0.000000,0.007421,0.000000
california,15,0.000000,0.000000,0.001855,0.000000,0.007421,0.003711,0.001855,0.009276,0.000000,0.000000,0.000000,0.000000,0.000000,0.000000,0.000000,0.000000,0.000000,0.000000,0.000000,0.000000,0.003711,0.000000
billion,15,0.001855,0.000000,0.001855,0.000000,0.000000,0.001855,0.003711,0.001855,0.000000,0.000000,0.000000,0.000000,0.000000,0.000000,0.000000,0.005566,0.001855,0.003711,0.000000,0.000000,0.003711,0.001855
22/91,15,0.000000,0.000000,0.000000,0.000000,0.027829,0.000000,0.000000,0.000000,0.000000,0.000000,0.000000,0.000000,0.000000,0.000000,0.000000,0.000000,0.000000,0.000000,0.000000,0.000000,0.000000,0.000000
vehicle,14,0.001855,0.001855,0.000000,0.000000,0.001855,0.000000,0.000000,0.003711,0.000000,0.000000,0.000000,0.000000,0.000000,0.000000,0.003711,0.007421,0.003711,0.000000,0.000000,0.000000,0.001855,0.000000
october,14,0.000000,0.000000,0.000000,0.000000,0.001855,0.001855,0.001855,0.009276,0.000000,0.001855,0.000000,0.000000,0.000000,0.000000,0.000000,0.001855,0.000000,0.000000,0.001855,0.000000,0.005566,0.000000
module,14,0.000000,0.009276,0.000000,0.001855,0.001855,0.000000,0.000000,0.000000,0.000000,0.000000,0.000000,0.000000,0.000000,0.000000,0.001855,0.000000,0.000000,0.000000,0.000000,0.000000,0.011132,0.000000
agency,14,0.001855,0.000000,0.000000,0.003711,0.000000,0.003711,0.003711,0.011132,0.000000,0.000000,0.000000,0.000000,0.000000,0.000000,0.000000,0.000000,0.000000,0.001855,0.000000,0.000000,0.000000,0.000000
“nasa,13,0.000000,0.000000,0.000000,0.000000,0.000000,0.000000,0.000000,0.000000,0.000000,0.000000,0.000000,0.000000,0.001855,0.000000,0.005566,0.005566,0.003711,0.001855,0.000000,0.001855,0.003711,0.000000
time,13,0.000000,0.000000,0.000000,0.001855,0.001855,0.001855,0.003711,0.001855,0.000000,0.001855,0.000000,0.001855,0.000000,0.000000,0.001855,0.000000,0.003711,0.001855,0.000000,0.000000,0.001855,0.000000
science,13,0.001855,0.000000,0.000000,0.000000,0.003711,0.001855,0.007421,0.000000,0.001855,0.000000,0.001855,0.000000,0.000000,0.000000,0.000000,0.001855,0.001855,0.000000,0.000000,0.000000,0.001855,0.000000
rocketdyne,13,0.001855,0.000000,0.000000,0.000000,0.000000,0.000000,0.005566,0.001855,0.000000,0.000000,0.000000,0.000000,0.000000,0.000000,0.000000,0.009276,0.000000,0.000000,0.000000,0.000000,0.005566,0.000000
orbiter,13,0.000000,0.001855,0.005566,0.001855,0.005566,0.001855,0.000000,0.000000,0.000000,0.000000,0.000000,0.000000,0.000000,0.000000,0.000000,0.000000,0.001855,0.001855,0.003711,0.000000,0.000000,0.000000
november,13,0.000000,0.001855,0.000000,0.003711,0.003711,0.000000,0.001855,0.001855,0.001855,0.000000,0.000000,0.000000,0.000000,0.000000,0.000000,0.007421,0.000000,0.000000,0.000000,0.000000,0.001855,0.000000
march,13,0.000000,0.000000,0.001855,0.000000,0.001855,0.003711,0.009276,0.007421,0.000000,0.000000,0.000000,0.000000,0.000000,0.000000,0.000000,0.000000,0.000000,0.000000,0.000000,0.000000,0.000000,0.000000
liftoff,13,0.000000,0.000000,0.001855,0.003711,0.000000,0.000000,0.014842,0.001855,0.000000,0.000000,0.000000,0.000000,0.001855,0.000000,0.000000,0.000000,0.000000,0.000000,0.000000,0.000000,0.000000,0.000000
corporation,13,0.001855,0.000000,0.001855,0.001855,0.003711,0.001855,0.003711,0.005566,0.000000,0.000000,0.000000,0.000000,0.000000,0.000000,0.000000,0.000000,0.000000,0.001855,0.000000,0.000000,0.000000,0.001855
cape,13,0.000000,0.000000,0.000000,0.001855,0.005566,0.001855,0.003711,0.000000,0.000000,0.001855,0.000000,0.001855,0.001855,0.000000,0.001855,0.005566,0.000000,0.000000,0.000000,0.000000,0.000000,0.000000
agreement,13,0.003711,0.003711,0.000000,0.005566,0.001855,0.001855,0.001855,0.000000,0.000000,0.000000,0.000000,0.000000,0.000000,0.000000,0.000000,0.000000,0.000000,0.000000,0.000000,0.000000,0.003711,0.001855
support,12,0.000000,0.003711,0.000000,0.001855,0.000000,0.000000,0.000000,0.000000,0.000000,0.000000,0.000000,0.000000,0.000000,0.000000,0.000000,0.003711,0.001855,0.007421,0.000000,0.000000,0.003711,0.000000
study,12,0.000000,0.000000,0.000000,0.003711,0.001855,0.000000,0.005566,0.000000,0.001855,0.000000,0.000000,0.000000,0.000000,0.000000,0.000000,0.000000,0.000000,0.003711,0.000000,0.003711,0.001855,0.000000
sept,12,0.001855,0.000000,0.000000,0.000000,0.000000,0.020408,0.000000,0.000000,0.000000,0.000000,0.000000,0.000000,0.000000,0.000000,0.000000,0.000000,0.000000,0.000000,0.000000,0.000000,0.000000,0.000000
report,12,0.000000,0.001855,0.000000,0.000000,0.003711,0.001855,0.001855,0.000000,0.000000,0.000000,0.000000,0.000000,0.000000,0.000000,0.000000,0.003711,0.003711,0.001855,0.000000,0.000000,0.000000,0.003711
payload,12,0.000000,0.003711,0.000000,0.005566,0.001855,0.003711,0.003711,0.000000,0.000000,0.000000,0.000000,0.000000,0.000000,0.000000,0.000000,0.003711,0.000000,0.000000,0.000000,0.000000,0.000000,0.000000
director,12,0.000000,0.000000,0.000000,0.000000,0.001855,0.001855,0.003711,0.001855,0.000000,0.000000,0.000000,0.000000,0.000000,0.000000,0.000000,0.000000,0.001855,0.000000,0.000000,0.000000,0.000000,0.000000
development,12,0.000000,0.001855,0.000000,0.000000,0.000000,0.003711,0.000000,0.005566,0.000000,0.000000,0.000000,0.000000,0.000000,0.000000,0.001855,0.003711,0.000000,0.001855,0.000000,0.000000,0.003711,0.000000
december,12,0.001855,0.000000,0.000000,0.001855,0.001855,0.000000,0.000000,0.000000,0.001855,0.000000,0.000000,0.001855,0.000000,0.000000,0.003711,0.000000,0.001855,0.000000,0.000000,0.000000,0.007421,0.000000
caib,12,0.000000,0.000000,0.000000,0.000000,0.000000,0.000000,0.000000,0.000000,0.000000,0.000000,0.000000,0.000000,0.000000,0.000000,0.000000,0.000000,0.012987,0.003711,0.005566,0.000000,0.000000,0.000000
c,12,0.001855,0.000000,0.000000,0.003711,0.005566,0.003711,0.003711,0.001855,0.000000,0.001855,0.000000,0.000000,0.000000,0.000000,0.000000,0.000000,0.000000,0.000000,0.000000,0.000000,0.000000,0.000000
test,11,0.000000,0.001855,0.000000,0.003711,0.000000,0.005566,0.001855,0.001855,0.000000,0.000000,0.000000,0.000000,0.000000,0.000000,0.000000,0.003711,0.000000,0.000000,0.000000,0.000000,0.001855,0.000000
tank,11,0.000000,0.001855,0.000000,0.000000,0.001855,0.000000,0.000000,0.005566,0.000000,0.000000,0.000000,0.000000,0.000000,0.000000,0.000000,0.000000,0.000000,0.001855,0.009276,0.000000,0.000000,0.000000
return,11,0.000000,0.000000,0.000000,0.000000,0.000000,0.001855,0.001855,0.005566,0.000000,0.000000,0.000000,0.000000,0.000000,0.000000,0.000000,0.000000,0.003711,0.001855,0.003711,0.000000,0.001855,0.000000
hydrogen,11,0.000000,0.001855,0.001855,0.007421,0.000000,0.003711,0.000000,0.001855,0.000000,0.000000,0.000000,0.000000,0.003711,0.000000,0.000000,0.000000,0.000000,0.000000,0.000000,0.000000,0.000000,0.000000
21/93,11,0.000000,0.000000,0.000000,0.000000,0.000000,0.000000,0.020408,0.000000,0.000000,0.000000,0.000000,0.000000,0.000000,0.000000,0.000000,0.000000,0.000000,0.000000,0.000000,0.000000,0.000000,0.000000
year,10,0.000000,0.000000,0.000000,0.001855,0.000000,0.001855,0.007421,0.001855,0.000000,0.000000,0.000000,0.000000,0.000000,0.000000,0.000000,0.000000,0.000000,0.001855,0.000000,0.000000,0.003711,0.000000
third,10,0.001855,0.000000,0.000000,0.000000,0.001855,0.001855,0.007421,0.000000,0.001855,0.000000,0.000000,0.000000,0.000000,0.000000,0.000000,0.000000,0.000000,0.000000,0.000000,0.003711,0.000000,0.000000
technology,10,0.001855,0.000000,0.000000,0.000000,0.005566,0.000000,0.001855,0.000000,0.000000,0.000000,0.000000,0.000000,0.000000,0.000000,0.000000,0.001855,0.001855,0.001855,0.000000,0.000000,0.003711,0.000000
rtw,10,0.000000,0.000000,0.000000,0.000000,0.000000,0.000000,0.018553,0.000000,0.000000,0.000000,0.000000,0.000000,0.000000,0.000000,0.000000,0.000000,0.000000,0.000000,0.000000,0.000000,0.000000,0.000000
panel,10,0.000000,0.000000,0.000000,0.000000,0.003711,0.005566,0.005566,0.000000,0.000000,0.001855,0.000000,0.000000,0.000000,0.000000,0.000000,0.000000,0.000000,0.001855,0.000000,0.000000,0.000000,0.000000
government,10,0.000000,0.000000,0.000000,0.000000,0.005566,0.003711,0.000000,0.003711,0.000000,0.000000,0.000000,0.000000,0.000000,0.000000,0.000000,0.000000,0.001855,0.000000,0.000000,0.000000,0.003711,0.000000
foam,10,0.000000,0.000000,0.000000,0.000000,0.000000,0.000000,0.000000,0.000000,0.000000,0.000000,0.000000,0.000000,0.000000,0.000000,0.000000,0.000000,0.000000,0.003711,0.014842,0.000000,0.000000,0.000000
five,10,0.001855,0.000000,0.000000,0.000000,0.001855,0.001855,0.000000,0.001855,0.000000,0.000000,0.000000,0.000000,0.001855,0.000000,0.000000,0.003711,0.000000,0.001855,0.003711,0.000000,0.000000,0.000000
february,10,0.000000,0.001855,0.000000,0.001855,0.000000,0.000000,0.000000,0.003711,0.000000,0.001855,0.000000,0.000000,0.000000,0.000000,0.000000,0.001855,0.001855,0.000000,0.001855,0.000000,0.003711,0.000000
design,10,0.000000,0.000000,0.000000,0.000000,0.001855,0.001855,0.000000,0.001855,0.000000,0.000000,0.000000,0.000000,0.000000,0.000000,0.001855,0.001855,0.000000,0.003711,0.000000,0.000000,0.005566,0.000000
cost,10,0.001855,0.000000,0.000000,0.000000,0.005566,0.001855,0.005566,0.000000,0.000000,0.000000,0.000000,0.000000,0.000000,0.000000,0.001855,0.000000,0.000000,0.000000,0.000000,0.000000,0.000000,0.001855
attempt,10,0.000000,0.003711,0.003711,0.000000,0.000000,0.000000,0.009276,0.000000,0.000000,0.001855,0.000000,0.000000,0.000000,0.000000,0.000000,0.000000,0.000000,0.000000,0.000000,0.000000,0.000000,0.000000
7/92,10,0.000000,0.000000,0.000000,0.000000,0.000000,0.018553,0.000000,0.000000,0.000000,0.000000,0.000000,0.000000,0.000000,0.000000,0.000000,0.000000,0.000000,0.000000,0.000000,0.000000,0.000000,0.000000
29/91,10,0.000000,0.000000,0.000000,0.000000,0.018553,0.000000,0.000000,0.000000,0.000000,0.000000,0.000000,0.000000,0.000000,0.000000,0.000000,0.000000,0.000000,0.000000,0.000000,0.000000,0.000000,0.000000
september,9,0.000000,0.000000,0.000000,0.000000,0.001855,0.001855,0.001855,0.007421,0.000000,0.000000,0.000000,0.000000,0.000000,0.000000,0.000000,0.000000,0.001855,0.000000,0.000000,0.001855,0.000000,0.000000
press,9,0.000000,0.003711,0.000000,0.000000,0.003711,0.000000,0.003711,0.001855,0.000000,0.001855,0.000000,0.000000,0.001855,0.000000,0.000000,0.000000,0.000000,0.000000,0.000000,0.000000,0.000000,0.000000
pole,9,0.000000,0.000000,0.000000,0.000000,0.000000,0.000000,0.000000,0.007421,0.000000,0.000000,0.000000,0.000000,0.000000,0.000000,0.000000,0.000000,0.000000,0.000000,0.000000,0.009276,0.000000,0.000000
leak,9,0.000000,0.000000,0.001855,0.009276,0.000000,0.000000,0.001855,0.001855,0.000000,0.000000,0.000000,0.000000,0.001855,0.000000,0.000000,0.000000,0.000000,0.000000,0.000000,0.000000,0.000000,0.000000
jan,9,0.000000,0.000000,0.000000,0.001855,0.000000,0.003711,0.009276,0.000000,0.000000,0.000000,0.000000,0.001855,0.000000,0.000000,0.000000,0.000000,0.000000,0.000000,0.000000,0.000000,0.000000,0.000000
ground,9,0.000000,0.001855,0.000000,0.000000,0.000000,0.000000,0.007421,0.000000,0.000000,0.000000,0.000000,0.001855,0.001855,0.000000,0.000000,0.000000,0.000000,0.000000,0.001855,0.001855,0.000000,0.000000
future,9,0.000000,0.000000,0.000000,0.000000,0.003711,0.001855,0.000000,0.000000,0.000000,0.000000,0.000000,0.000000,0.001855,0.000000,0.001855,0.001855,0.001855,0.000000,0.001855,0.001855,0.000000,0.000000
division,9,0.001855,0.000000,0.000000,0.000000,0.007421,0.003711,0.000000,0.001855,0.000000,0.000000,0.000000,0.000000,0.000000,0.000000,0.000000,0.001855,0.000000,0.000000,0.000000,0.000000,0.000000,0.000000
countdown,9,0.000000,0.001855,0.000000,0.000000,0.001855,0.000000,0.005566,0.007421,0.000000,0.000000,0.000000,0.000000,0.000000,0.000000,0.000000,0.000000,0.000000,0.000000,0.000000,0.000000,0.000000,0.000000
commander,9,0.000000,0.000000,0.001855,0.001855,0.001855,0.000000,0.000000,0.000000,0.000000,0.000000,0.000000,0.000000,0.003711,0.000000,0.001855,0.000000,0.000000,0.000000,0.000000,0.000000,0.005566,0.000000
budget,9,0.000000,0.000000,0.000000,0.000000,0.000000,0.000000,0.000000,0.000000,0.000000,0.000000,0.000000,0.001855,0.000000,0.000000,0.000000,0.005566,0.001855,0.005566,0.000000,0.000000,0.000000,0.001855
28/94,9,0.000000,0.000000,0.000000,0.000000,0.000000,0.000000,0.000000,0.016698,0.000000,0.000000,0.000000,0.000000,0.000000,0.000000,0.000000,0.000000,0.000000,0.000000,0.000000,0.000000,0.000000,0.000000
20/91,9,0.000000,0.000000,0.000000,0.000000,0.016698,0.000000,0.000000,0.000000,0.000000,0.000000,0.000000,0.000000,0.000000,0.000000,0.000000,0.000000,0.000000,0.000000,0.000000,0.000000,0.000000,0.000000
truss,8,0.000000,0.000000,0.000000,0.000000,0.000000,0.000000,0.000000,0.000000,0.000000,0.000000,0.000000,0.000000,0.000000,0.000000,0.000000,0.009276,0.000000,0.000000,0.000000,0.005566,0.000000,0.000000
star,8,0.000000,0.000000,0.000000,0.001855,0.003711,0.000000,0.001855,0.005566,0.000000,0.000000,0.000000,0.000000,0.000000,0.000000,0.001855,0.000000,0.000000,0.000000,0.000000,0.000000,0.000000,0.000000
power,8,0.000000,0.000000,0.001855,0.000000,0.003711,0.000000,0.000000,0.003711,0.000000,0.000000,0.000000,0.000000,0.000000,0.000000,0.000000,0.001855,0.000000,0.000000,0.000000,0.003711,0.000000,0.000000
percent,8,0.000000,0.000000,0.000000,0.000000,0.000000,0.001855,0.001855,0.000000,0.000000,0.000000,0.000000,0.003711,0.000000,0.000000,0.000000,0.003711,0.000000,0.000000,0.000000,0.000000,0.000000,0.003711
number,8,0.000000,0.001855,0.000000,0.001855,0.001855,0.000000,0.001855,0.000000,0.000000,0.000000,0.000000,0.000000,0.000000,0.000000,0.000000,0.003711,0.001855,0.000000,0.001855,0.000000,0.000000,0.000000
nov,8,0.000000,0.000000,0.000000,0.000000,0.000000,0.009276,0.000000,0.005566,0.012987,0.000000,0.000000,0.000000,0.000000,0.000000,0.000000,0.000000,0.000000,0.000000,0.000000,0.000000,0.000000,0.000000
life,8,0.001855,0.000000,0.000000,0.000000,0.003711,0.001855,0.001855,0.003711,0.000000,0.000000,0.000000,0.000000,0.000000,0.000000,0.001855,0.000000,0.000000,0.000000,0.000000,0.000000,0.000000,0.000000
japanese,8,0.000000,0.000000,0.000000,0.000000,0.001855,0.011132,0.000000,0.000000,0.000000,0.000000,0.000000,0.000000,0.000000,0.000000,0.000000,0.000000,0.000000,0.000000,0.000000,0.000000,0.001855,0.000000
http,8,0.000000,0.000000,0.000000,0.000000,0.000000,0.000000,0.000000,0.000000,0.000000,0.000000,0.000000,0.000000,0.000000,0.000000,0.001855,0.003711,0.001855,0.000000,0.000000,0.001855,0.005566,0.000000
history,8,0.000000,0.000000,0.000000,0.000000,0.003711,0.000000,0.003711,0.001855,0.000000,0.000000,0.000000,0.000000,0.001855,0.000000,0.000000,0.000000,0.003711,0.000000,0.000000,0.000000,0.000000,0.000000
fleet,8,0.001855,0.000000,0.000000,0.001855,0.001855,0.003711,0.000000,0.000000,0.000000,0.000000,0.000000,0.000000,0.001855,0.000000,0.000000,0.000000,0.000000,0.000000,0.001855,0.000000,0.001855,0.000000
equipment,8,0.000000,0.001855,0.000000,0.000000,0.003711,0.000000,0.001855,0.000000,0.000000,0.000000,0.000000,0.001855,0.000000,0.000000,0.000000,0.001855,0.000000,0.001855,0.000000,0.000000,0.001855,0.000000
9/92,8,0.000000,0.000000,0.000000,0.000000,0.000000,0.014842,0.000000,0.000000,0.000000,0.000000,0.000000,0.000000,0.000000,0.000000,0.000000,0.000000,0.000000,0.000000,0.000000,0.000000,0.000000,0.000000
24/91,8,0.000000,0.000000,0.000000,0.000000,0.014842,0.000000,0.000000,0.000000,0.000000,0.000000,0.000000,0.000000,0.000000,0.000000,0.000000,0.000000,0.000000,0.000000,0.000000,0.000000,0.000000,0.000000
university,7,0.000000,0.000000,0.000000,0.001855,0.001855,0.000000,0.007421,0.000000,0.000000,0.000000,0.000000,0.000000,0.000000,0.000000,0.000000,0.000000,0.001855,0.000000,0.000000,0.000000,0.000000,0.000000
spacelab,7,0.000000,0.000000,0.000000,0.001855,0.003711,0.001855,0.001855,0.001855,0.001855,0.000000,0.000000,0.000000,0.000000,0.000000,0.000000,0.000000,0.000000,0.000000,0.000000,0.000000,0.000000,0.000000
sli,7,0.000000,0.000000,0.000000,0.000000,0.000000,0.000000,0.000000,0.000000,0.000000,0.000000,0.000000,0.000000,0.000000,0.000000,0.007421,0.005566,0.000000,0.000000,0.000000,0.000000,0.000000,0.000000
review,7,0.000000,0.000000,0.000000,0.000000,0.000000,0.000000,0.009276,0.000000,0.000000,0.001855,0.000000,0.000000,0.000000,0.000000,0.000000,0.000000,0.000000,0.000000,0.000000,0.000000,0.001855,0.000000
project,7,0.000000,0.000000,0.000000,0.000000,0.001855,0.001855,0.001855,0.000000,0.000000,0.001855,0.000000,0.000000,0.000000,0.000000,0.000000,0.003711,0.000000,0.000000,0.000000,0.000000,0.000000,0.001855
process,7,0.000000,0.000000,0.000000,0.000000,0.001855,0.000000,0.001855,0.000000,0.000000,0.000000,0.000000,0.000000,0.000000,0.000000,0.001855,0.003711,0.001855,0.000000,0.000000,0.001855,0.000000,0.000000
president,7,0.000000,0.001855,0.001855,0.000000,0.001855,0.000000,0.003711,0.000000,0.000000,0.001855,0.000000,0.000000,0.000000,0.000000,0.000000,0.001855,0.000000,0.000000,0.000000,0.000000,0.000000,0.000000
plan,7,0.000000,0.000000,0.000000,0.000000,0.000000,0.000000,0.000000,0.001855,0.000000,0.000000,0.001855,0.000000,0.000000,0.000000,0.000000,0.007421,0.001855,0.000000,0.000000,0.000000,0.000000,0.000000
experiment,7,0.000000,0.000000,0.000000,0.000000,0.001855,0.001855,0.005566,0.000000,0.000000,0.000000,0.000000,0.000000,0.000000,0.000000,0.001855,0.000000,0.001855,0.000000,0.000000,0.000000,0.000000,0.000000
day,7,0.000000,0.000000,0.000000,0.000000,0.000000,0.005566,0.003711,0.001855,0.000000,0.000000,0.000000,0.000000,0.000000,0.000000,0.000000,0.000000,0.000000,0.000000,0.001855,0.000000,0.000000,0.000000
date,7,0.000000,0.003711,0.000000,0.000000,0.001855,0.000000,0.001855,0.001855,0.001855,0.000000,0.000000,0.000000,0.000000,0.000000,0.000000,0.001855,0.000000,0.000000,0.000000,0.000000,0.000000,0.000000
csm,7,0.001855,0.001855,0.000000,0.000000,0.005566,0.001855,0.001855,0.000000,0.000000,0.000000,0.000000,0.000000,0.000000,0.000000,0.000000,0.000000,0.000000,0.000000,0.000000,0.000000,0.000000,0.000000
claim,7,0.000000,0.000000,0.000000,0.000000,0.000000,0.000000,0.000000,0.003711,0.000000,0.000000,0.000000,0.000000,0.000000,0.000000,0.000000,0.000000,0.000000,0.000000,0.000000,0.000000,0.009276,0.000000
cargo,7,0.000000,0.001855,0.000000,0.000000,0.001855,0.000000,0.000000,0.000000,0.001855,0.000000,0.000000,0.000000,0.000000,0.000000,0.000000,0.001855,0.001855,0.000000,0.000000,0.000000,0.001855,0.001855
activity,7,0.000000,0.000000,0.000000,0.000000,0.000000,0.000000,0.003711,0.000000,0.000000,0.000000,0.000000,0.000000,0.000000,0.000000,0.000000,0.000000,0.000000,0.001855,0.000000,0.007421,0.000000,0.000000
5/91,7,0.000000,0.000000,0.000000,0.000000,0.012987,0.000000,0.000000,0.000000,0.000000,0.000000,0.000000,0.000000,0.000000,0.000000,0.000000,0.000000,0.000000,0.000000,0.000000,0.000000,0.000000,0.000000
2/91,7,0.000000,0.000000,0.000000,0.000000,0.012987,0.000000,0.000000,0.000000,0.000000,0.000000,0.000000,0.000000,0.000000,0.000000,0.000000,0.000000,0.000000,0.000000,0.000000,0.000000,0.000000,0.000000
17/93,7,0.000000,0.000000,0.000000,0.000000,0.000000,0.000000,0.012987,0.000000,0.000000,0.000000,0.000000,0.000000,0.000000,0.000000,0.000000,0.000000,0.000000,0.000000,0.000000,0.000000,0.000000,0.000000
12/93,7,0.000000,0.000000,0.000000,0.000000,0.000000,0.000000,0.012987,0.000000,0.000000,0.000000,0.000000,0.000000,0.000000,0.000000,0.000000,0.000000,0.000000,0.000000,0.000000,0.000000,0.000000,0.000000
11/88,7,0.000000,0.012987,0.000000,0.000000,0.000000,0.000000,0.000000,0.000000,0.000000,0.000000,0.000000,0.000000,0.000000,0.000000,0.000000,0.000000,0.000000,0.000000,0.000000,0.000000,0.000000,0.000000
wsj,6,0.000000,0.001855,0.000000,0.000000,0.001855,0.003711,0.000000,0.001855,0.001855,0.000000,0.000000,0.000000,0.000000,0.000000,0.000000,0.000000,0.000000,0.000000,0.000000,0.000000,0.000000,0.000000
week,6,0.000000,0.000000,0.000000,0.001855,0.000000,0.000000,0.007421,0.000000,0.000000,0.000000,0.000000,0.000000,0.000000,0.000000,0.000000,0.000000,0.000000,0.001855,0.000000,0.000000,0.000000,0.000000
weather,6,0.000000,0.000000,0.000000,0.000000,0.001855,0.003711,0.003711,0.000000,0.000000,0.000000,0.000000,0.000000,0.000000,0.000000,0.000000,0.001855,0.000000,0.000000,0.000000,0.000000,0.000000,0.000000
video,6,0.000000,0.000000,0.000000,0.000000,0.001855,0.000000,0.005566,0.000000,0.000000,0.000000,0.000000,0.000000,0.000000,0.000000,0.000000,0.000000,0.003711,0.000000,0.000000,0.000000,0.000000,0.000000
valve,6,0.000000,0.003711,0.000000,0.000000,0.000000,0.000000,0.007421,0.000000,0.000000,0.000000,0.000000,0.000000,0.000000,0.000000,0.000000,0.000000,0.000000,0.000000,0.000000,0.000000,0.000000,0.000000
trib,6,0.001855,0.000000,0.000000,0.003711,0.000000,0.001855,0.003711,0.000000,0.000000,0.000000,0.000000,0.000000,0.000000,0.000000,0.000000,0.000000,0.000000,0.000000,0.000000,0.000000,0.000000,0.000000
transport,6,0.000000,0.000000,0.000000,0.000000,0.001855,0.000000,0.000000,0.000000,0.000000,0.000000,0.000000,0.000000,0.000000,0.000000,0.001855,0.003711,0.001855,0.000000,0.000000,0.000000,0.000000,0.001855
television,6,0.000000,0.000000,0.000000,0.000000,0.003711,0.000000,0.000000,0.001855,0.000000,0.005566,0.000000,0.000000,0.000000,0.000000,0.000000,0.000000,0.000000,0.000000,0.000000,0.000000,0.000000,0.000000
station,6,0.000000,0.000000,0.000000,0.000000,0.000000,0.000000,0.000000,0.000000,0.000000,0.000000,0.000000,0.003711,0.000000,0.000000,0.000000,0.003711,0.001855,0.000000,0.000000,0.001855,0.000000,0.000000
six,6,0.000000,0.001855,0.000000,0.000000,0.001855,0.001855,0.001855,0.000000,0.000000,0.000000,0.000000,0.000000,0.000000,0.000000,0.001855,0.000000,0.000000,0.000000,0.000000,0.000000,0.001855,0.000000
shutdown,6,0.000000,0.000000,0.000000,0.000000,0.000000,0.000000,0.011132,0.000000,0.000000,0.000000,0.000000,0.000000,0.000000,0.000000,0.000000,0.000000,0.000000,0.000000,0.000000,0.000000,0.000000,0.000000
retirement,6,0.000000,0.000000,0.000000,0.000000,0.000000,0.000000,0.000000,0.000000,0.000000,0.000000,0.000000,0.000000,0.000000,0.000000,0.000000,0.000000,0.000000,0.000000,0.000000,0.000000,0.001855,0.007421
replacement,6,0.000000,0.000000,0.000000,0.000000,0.000000,0.000000,0.000000,0.001855,0.000000,0.000000,0.000000,0.000000,0.000000,0.000000,0.000000,0.007421,0.001855,0.000000,0.000000,0.000000,0.000000,0.000000
oxygen,6,0.000000,0.003711,0.000000,0.003711,0.001855,0.000000,0.000000,0.001855,0.000000,0.000000,0.000000,0.000000,0.000000,0.000000,0.000000,0.000000,0.000000,0.000000,0.000000,0.000000,0.000000,0.000000
investigation,6,0.000000,0.000000,0.000000,0.000000,0.000000,0.000000,0.001855,0.000000,0.000000,0.000000,0.000000,0.000000,0.000000,0.000000,0.000000,0.000000,0.003711,0.001855,0.003711,0.000000,0.000000,0.000000
html,6,0.000000,0.000000,0.000000,0.000000,0.000000,0.000000,0.000000,0.000000,0.000000,0.000000,0.000000,0.000000,0.000000,0.000000,0.001855,0.001855,0.001855,0.000000,0.000000,0.001855,0.003711,0.000000
group,6,0.000000,0.000000,0.000000,0.000000,0.000000,0.000000,0.000000,0.000000,0.000000,0.000000,0.000000,0.000000,0.000000,0.000000,0.001855,0.000000,0.000000,0.003711,0.005566,0.000000,0.000000,0.000000
george,6,0.000000,0.000000,0.001855,0.000000,0.001855,0.000000,0.001855,0.001855,0.000000,0.000000,0.000000,0.000000,0.000000,0.000000,0.000000,0.001855,0.001855,0.000000,0.000000,0.000000,0.000000,0.000000
gap,6,0.000000,0.000000,0.000000,0.000000,0.000000,0.000000,0.001855,0.000000,0.000000,0.000000,0.000000,0.000000,0.000000,0.000000,0.000000,0.000000,0.003711,0.000000,0.000000,0.000000,0.001855,0.003711
disaster,6,0.000000,0.000000,0.000000,0.001855,0.000000,0.000000,0.001855,0.000000,0.000000,0.000000,0.000000,0.000000,0.000000,0.000000,0.000000,0.000000,0.005566,0.001855,0.000000,0.000000,0.000000,0.000000
article,6,0.000000,0.000000,0.000000,0.000000,0.005566,0.000000,0.003711,0.001855,0.000000,0.000000,0.000000,0.000000,0.000000,0.000000,0.000000,0.000000,0.000000,0.000000,0.000000,0.000000,0.000000,0.000000
aerospace,6,0.000000,0.000000,0.000000,0.000000,0.003711,0.001855,0.000000,0.000000,0.000000,0.001855,0.000000,0.000000,0.000000,0.000000,0.000000,0.000000,0.001855,0.001855,0.000000,0.000000,0.000000,0.000000
act,6,0.000000,0.000000,0.000000,0.000000,0.000000,0.000000,0.001855,0.000000,0.000000,0.000000,0.000000,0.000000,0.000000,0.000000,0.000000,0.001855,0.000000,0.003711,0.000000,0.000000,0.001855,0.001855
ability,6,0.000000,0.000000,0.000000,0.000000,0.005566,0.000000,0.000000,0.001855,0.000000,0.000000,0.000000,0.000000,0.000000,0.000000,0.000000,0.000000,0.001855,0.000000,0.000000,0.000000,0.000000,0.001855
9/93,6,0.000000,0.000000,0.000000,0.000000,0.000000,0.000000,0.011132,0.000000,0.000000,0.000000,0.000000,0.000000,0.000000,0.000000,0.000000,0.000000,0.000000,0.000000,0.000000,0.000000,0.000000,0.000000
5/92,6,0.000000,0.000000,0.000000,0.000000,0.000000,0.011132,0.000000,0.000000,0.000000,0.000000,0.000000,0.000000,0.000000,0.000000,0.000000,0.000000,0.000000,0.000000,0.000000,0.000000,0.000000,0.000000
24/93,6,0.000000,0.000000,0.000000,0.000000,0.000000,0.000000,0.011132,0.000000,0.000000,0.000000,0.000000,0.000000,0.000000,0.000000,0.000000,0.000000,0.000000,0.000000,0.000000,0.000000,0.000000,0.000000
19/93,6,0.000000,0.000000,0.000000,0.000000,0.000000,0.000000,0.011132,0.000000,0.000000,0.000000,0.000000,0.000000,0.000000,0.000000,0.000000,0.000000,0.000000,0.000000,0.000000,0.000000,0.000000,0.000000
18/93,6,0.000000,0.000000,0.000000,0.000000,0.000000,0.000000,0.011132,0.000000,0.000000,0.000000,0.000000,0.000000,0.000000,0.000000,0.000000,0.000000,0.000000,0.000000,0.000000,0.000000,0.000000,0.000000
13/92,6,0.000000,0.000000,0.000000,0.000000,0.000000,0.011132,0.000000,0.000000,0.000000,0.000000,0.000000,0.000000,0.000000,0.000000,0.000000,0.000000,0.000000,0.000000,0.000000,0.000000,0.000000,0.000000
woman,5,0.000000,0.000000,0.000000,0.000000,0.000000,0.003711,0.000000,0.000000,0.000000,0.000000,0.000000,0.000000,0.005566,0.000000,0.000000,0.000000,0.000000,0.000000,0.000000,0.000000,0.000000,0.000000
washington,5,0.000000,0.000000,0.000000,0.000000,0.005566,0.000000,0.000000,0.000000,0.000000,0.001855,0.000000,0.000000,0.000000,0.000000,0.000000,0.000000,0.000000,0.000000,0.001855,0.000000,0.000000,0.000000
version,5,0.000000,0.000000,0.000000,0.000000,0.000000,0.000000,0.001855,0.000000,0.000000,0.000000,0.000000,0.000000,0.000000,0.000000,0.000000,0.000000,0.000000,0.000000,0.000000,0.000000,0.007421,0.000000
team,5,0.000000,0.000000,0.000000,0.001855,0.000000,0.000000,0.001855,0.000000,0.000000,0.000000,0.000000,0.000000,0.000000,0.000000,0.000000,0.000000,0.001855,0.000000,0.001855,0.000000,0.001855,0.000000
task,5,0.000000,0.000000,0.000000,0.000000,0.000000,0.000000,0.000000,0.000000,0.000000,0.000000,0.000000,0.000000,0.000000,0.000000,0.000000,0.000000,0.000000,0.003711,0.005566,0.000000,0.000000,0.000000
state,5,0.000000,0.000000,0.000000,0.000000,0.000000,0.000000,0.001855,0.000000,0.000000,0.003711,0.000000,0.000000,0.000000,0.000000,0.000000,0.001855,0.001855,0.000000,0.000000,0.000000,0.000000,0.000000
spokesman,5,0.000000,0.000000,0.000000,0.000000,0.001855,0.001855,0.003711,0.001855,0.000000,0.000000,0.000000,0.000000,0.000000,0.000000,0.000000,0.000000,0.000000,0.000000,0.000000,0.000000,0.000000,0.000000
spaceflight,5,0.000000,0.000000,0.001855,0.000000,0.000000,0.000000,0.001855,0.000000,0.000000,0.000000,0.000000,0.000000,0.000000,0.000000,0.000000,0.001855,0.001855,0.000000,0.000000,0.000000,0.000000,0.001855
selection,5,0.000000,0.000000,0.000000,0.001855,0.000000,0.000000,0.000000,0.001855,0.000000,0.000000,0.000000,0.000000,0.000000,0.000000,0.001855,0.003711,0.000000,0.000000,0.000000,0.000000,0.000000,0.000000
result,5,0.000000,0.001855,0.000000,0.000000,0.001855,0.000000,0.001855,0.003711,0.000000,0.000000,0.000000,0.000000,0.000000,0.000000,0.000000,0.000000,0.000000,0.000000,0.000000,0.000000,0.000000,0.000000
request,5,0.000000,0.000000,0.000000,0.000000,0.000000,0.000000,0.003711,0.001855,0.000000,0.000000,0.000000,0.000000,0.000000,0.000000,0.000000,0.001855,0.000000,0.001855,0.000000,0.000000,0.000000,0.000000
record,5,0.000000,0.000000,0.000000,0.000000,0.001855,0.005566,0.000000,0.000000,0.000000,0.000000,0.000000,0.000000,0.000000,0.000000,0.000000,0.001855,0.000000,0.000000,0.000000,0.000000,0.000000,0.000000
pressure,5,0.000000,0.000000,0.000000,0.000000,0.001855,0.000000,0.003711,0.001855,0.000000,0.000000,0.000000,0.000000,0.000000,0.000000,0.000000,0.000000,0.001855,0.000000,0.000000,0.000000,0.000000,0.000000
preparation,5,0.000000,0.001855,0.000000,0.001855,0.000000,0.000000,0.001855,0.000000,0.000000,0.000000,0.000000,0.000000,0.000000,0.000000,0.000000,0.000000,0.000000,0.001855,0.001855,0.000000,0.000000,0.000000
platform,5,0.001855,0.000000,0.000000,0.001855,0.000000,0.000000,0.000000,0.000000,0.003711,0.000000,0.000000,0.000000,0.000000,0.000000,0.000000,0.001855,0.000000,0.000000,0.000000,0.000000,0.000000,0.000000
plane,5,0.000000,0.000000,0.000000,0.003711,0.000000,0.000000,0.001855,0.000000,0.000000,0.000000,0.000000,0.000000,0.000000,0.000000,0.000000,0.001855,0.001855,0.000000,0.000000,0.000000,0.000000,0.000000
pilot,5,0.000000,0.000000,0.000000,0.003711,0.000000,0.000000,0.000000,0.000000,0.000000,0.000000,0.000000,0.001855,0.000000,0.000000,0.001855,0.000000,0.000000,0.000000,0.000000,0.000000,0.001855,0.000000
period,5,0.000000,0.000000,0.000000,0.000000,0.000000,0.000000,0.000000,0.000000,0.000000,0.000000,0.000000,0.000000,0.000000,0.000000,0.000000,0.000000,0.000000,0.001855,0.000000,0.003711,0.003711,0.000000
part,5,0.000000,0.000000,0.000000,0.000000,0.003711,0.001855,0.000000,0.000000,0.000000,0.000000,0.000000,0.000000,0.000000,0.000000,0.001855,0.000000,0.000000,0.001855,0.000000,0.000000,0.000000,0.000000
objective,5,0.000000,0.000000,0.000000,0.000000,0.000000,0.000000,0.000000,0.000000,0.000000,0.000000,0.000000,0.000000,0.000000,0.000000,0.003711,0.003711,0.000000,0.000000,0.000000,0.001855,0.000000,0.000000
note,5,0.000000,0.000000,0.000000,0.000000,0.001855,0.005566,0.000000,0.001855,0.000000,0.000000,0.000000,0.000000,0.000000,0.000000,0.000000,0.000000,0.000000,0.000000,0.000000,0.000000,0.000000,0.000000
management,5,0.000000,0.000000,0.000000,0.000000,0.000000,0.000000,0.000000,0.000000,0.000000,0.000000,0.000000,0.000000,0.000000,0.000000,0.000000,0.003711,0.005566,0.000000,0.000000,0.000000,0.000000,0.000000
japan,5,0.000000,0.000000,0.000000,0.000000,0.001855,0.003711,0.000000,0.003711,0.000000,0.000000,0.000000,0.000000,0.000000,0.000000,0.000000,0.000000,0.000000,0.000000,0.000000,0.000000,0.000000,0.000000
inspection,5,0.000000,0.001855,0.000000,0.000000,0.000000,0.000000,0.003711,0.000000,0.000000,0.000000,0.000000,0.000000,0.000000,0.000000,0.000000,0.000000,0.000000,0.000000,0.000000,0.000000,0.003711,0.000000
initiative,5,0.000000,0.001855,0.000000,0.000000,0.001855,0.000000,0.000000,0.000000,0.000000,0.000000,0.000000,0.000000,0.000000,0.000000,0.001855,0.001855,0.000000,0.000000,0.000000,0.000000,0.000000,0.001855
information,5,0.000000,0.000000,0.000000,0.000000,0.000000,0.000000,0.003711,0.000000,0.000000,0.000000,0.000000,0.001855,0.000000,0.000000,0.000000,0.000000,0.001855,0.000000,0.000000,0.001855,0.000000,0.000000
german,5,0.000000,0.000000,0.000000,0.000000,0.000000,0.000000,0.007421,0.001855,0.000000,0.000000,0.000000,0.000000,0.000000,0.000000,0.000000,0.000000,0.000000,0.000000,0.000000,0.000000,0.000000,0.000000
frederick,5,0.000000,0.000000,0.001855,0.000000,0.000000,0.000000,0.000000,0.000000,0.000000,0.001855,0.000000,0.001855,0.000000,0.000000,0.001855,0.000000,0.000000,0.000000,0.000000,0.000000,0.001855,0.000000
field,5,0.000000,0.000000,0.000000,0.000000,0.000000,0.000000,0.000000,0.005566,0.000000,0.000000,0.000000,0.000000,0.000000,0.000000,0.000000,0.000000,0.000000,0.000000,0.000000,0.003711,0.000000,0.000000
european,5,0.000000,0.000000,0.000000,0.001855,0.000000,0.000000,0.000000,0.005566,0.000000,0.000000,0.000000,0.000000,0.000000,0.000000,0.000000,0.000000,0.000000,0.000000,0.000000,0.000000,0.001855,0.000000
end,5,0.000000,0.003711,0.000000,0.000000,0.000000,0.000000,0.000000,0.000000,0.000000,0.000000,0.000000,0.000000,0.000000,0.000000,0.001855,0.000000,0.000000,0.000000,0.000000,0.000000,0.003711,0.000000
decision,5,0.000000,0.000000,0.000000,0.000000,0.001855,0.001855,0.000000,0.001855,0.000000,0.000000,0.000000,0.000000,0.001855,0.000000,0.000000,0.001855,0.000000,0.000000,0.000000,0.000000,0.000000,0.000000
damage,5,0.000000,0.001855,0.000000,0.000000,0.003711,0.000000,0.000000,0.000000,0.000000,0.000000,0.000000,0.000000,0.001855,0.000000,0.000000,0.000000,0.001855,0.000000,0.000000,0.000000,0.000000,0.000000
control,5,0.000000,0.000000,0.000000,0.000000,0.001855,0.000000,0.000000,0.001855,0.000000,0.000000,0.000000,0.001855,0.000000,0.000000,0.000000,0.001855,0.000000,0.000000,0.000000,0.001855,0.000000,0.000000
congress,5,0.000000,0.000000,0.000000,0.000000,0.001855,0.000000,0.000000,0.000000,0.000000,0.000000,0.000000,0.001855,0.000000,0.000000,0.000000,0.000000,0.000000,0.005566,0.000000,0.000000,0.000000,0.000000
conduct,5,0.000000,0.000000,0.000000,0.001855,0.000000,0.001855,0.000000,0.005566,0.000000,0.000000,0.000000,0.000000,0.000000,0.000000,0.000000,0.000000,0.000000,0.000000,0.000000,0.000000,0.000000,0.000000
center,5,0.000000,0.000000,0.000000,0.000000,0.000000,0.001855,0.007421,0.000000,0.000000,0.000000,0.000000,0.000000,0.000000,0.000000,0.000000,0.000000,0.000000,0.000000,0.000000,0.000000,0.000000,0.000000
both,5,0.000000,0.000000,0.000000,0.000000,0.000000,0.001855,0.000000,0.000000,0.000000,0.000000,0.000000,0.000000,0.000000,0.000000,0.000000,0.003711,0.000000,0.000000,0.000000,0.001855,0.001855,0.000000
area,5,0.000000,0.000000,0.000000,0.000000,0.003711,0.000000,0.000000,0.001855,0.000000,0.000000,0.000000,0.000000,0.000000,0.000000,0.000000,0.001855,0.000000,0.000000,0.001855,0.000000,0.000000,0.000000
airport,5,0.000000,0.000000,0.000000,0.001855,0.003711,0.000000,0.001855,0.001855,0.000000,0.000000,0.000000,0.000000,0.000000,0.000000,0.000000,0.000000,0.000000,0.000000,0.000000,0.000000,0.000000,0.000000
air,5,0.000000,0.000000,0.000000,0.001855,0.003711,0.000000,0.003711,0.000000,0.000000,0.000000,0.000000,0.000000,0.000000,0.000000,0.000000,0.000000,0.000000,0.000000,0.000000,0.000000,0.000000,0.000000
addition,5,0.000000,0.000000,0.000000,0.000000,0.001855,0.000000,0.001855,0.001855,0.000000,0.000000,0.000000,0.000000,0.000000,0.000000,0.000000,0.001855,0.000000,0.000000,0.000000,0.001855,0.000000,0.000000
6/91,5,0.000000,0.000000,0.000000,0.000000,0.009276,0.000000,0.000000,0.000000,0.000000,0.000000,0.000000,0.000000,0.000000,0.000000,0.000000,0.000000,0.000000,0.000000,0.000000,0.000000,0.000000,0.000000
5/94,5,0.000000,0.000000,0.000000,0.000000,0.000000,0.000000,0.000000,0.009276,0.000000,0.000000,0.000000,0.000000,0.000000,0.000000,0.000000,0.000000,0.000000,0.000000,0.000000,0.000000,0.000000,0.000000
4/94,5,0.000000,0.000000,0.000000,0.000000,0.000000,0.000000,0.000000,0.009276,0.000000,0.000000,0.000000,0.000000,0.000000,0.000000,0.000000,0.000000,0.000000,0.000000,0.000000,0.000000,0.000000,0.000000
31/93,5,0.000000,0.000000,0.000000,0.000000,0.000000,0.000000,0.009276,0.000000,0.000000,0.000000,0.000000,0.000000,0.000000,0.000000,0.000000,0.000000,0.000000,0.000000,0.000000,0.000000,0.000000,0.000000
3/93,5,0.000000,0.000000,0.000000,0.000000,0.000000,0.000000,0.009276,0.000000,0.000000,0.000000,0.000000,0.000000,0.000000,0.000000,0.000000,0.000000,0.000000,0.000000,0.000000,0.000000,0.000000,0.000000
21/91,5,0.000000,0.000000,0.000000,0.000000,0.009276,0.000000,0.000000,0.000000,0.000000,0.000000,0.000000,0.000000,0.000000,0.000000,0.000000,0.000000,0.000000,0.000000,0.000000,0.000000,0.000000,0.000000
20/93,5,0.000000,0.000000,0.000000,0.000000,0.000000,0.000000,0.009276,0.000000,0.000000,0.000000,0.000000,0.000000,0.000000,0.000000,0.000000,0.000000,0.000000,0.000000,0.000000,0.000000,0.000000,0.000000
york,4,0.000000,0.000000,0.000000,0.000000,0.000000,0.000000,0.001855,0.000000,0.000000,0.000000,0.000000,0.000000,0.000000,0.000000,0.001855,0.001855,0.001855,0.000000,0.000000,0.000000,0.000000,0.000000
transportation,4,0.000000,0.000000,0.000000,0.000000,0.000000,0.000000,0.000000,0.000000,0.000000,0.000000,0.000000,0.000000,0.000000,0.000000,0.000000,0.005566,0.000000,0.000000,0.000000,0.000000,0.000000,0.001855
temperature,4,0.000000,0.000000,0.000000,0.000000,0.001855,0.000000,0.001855,0.001855,0.000000,0.000000,0.000000,0.000000,0.000000,0.000000,0.000000,0.000000,0.001855,0.000000,0.000000,0.000000,0.000000,0.000000
telescope,4,0.000000,0.000000,0.000000,0.000000,0.003711,0.000000,0.001855,0.000000,0.000000,0.000000,0.000000,0.000000,0.000000,0.000000,0.001855,0.000000,0.000000,0.000000,0.000000,0.000000,0.000000,0.000000
teledyne,4,0.000000,0.000000,0.000000,0.000000,0.000000,0.007421,0.000000,0.000000,0.000000,0.000000,0.000000,0.000000,0.000000,0.000000,0.000000,0.000000,0.000000,0.000000,0.000000,0.000000,0.000000,0.000000
sts-115,4,0.000000,0.000000,0.000000,0.000000,0.000000,0.000000,0.000000,0.000000,0.000000,0.000000,0.000000,0.000000,0.000000,0.000000,0.000000,0.000000,0.000000,0.000000,0.000000,0.007421,0.000000,0.000000
sts-110,4,0.000000,0.000000,0.000000,0.000000,0.000000,0.000000,0.000000,0.000000,0.000000,0.000000,0.000000,0.000000,0.000000,0.000000,0.000000,0.007421,0.000000,0.000000,0.000000,0.000000,0.000000,0.000000
spacewalk,4,0.000000,0.000000,0.000000,0.000000,0.000000,0.000000,0.005566,0.001855,0.000000,0.000000,0.000000,0.000000,0.000000,0.000000,0.000000,0.000000,0.000000,0.000000,0.000000,0.000000,0.000000,0.000000
shield,4,0.000000,0.000000,0.000000,0.000000,0.000000,0.000000,0.000000,0.001855,0.001855,0.000000,0.000000,0.000000,0.000000,0.000000,0.000000,0.000000,0.000000,0.000000,0.000000,0.000000,0.003711,0.000000
series,4,0.000000,0.000000,0.000000,0.000000,0.003711,0.000000,0.000000,0.000000,0.000000,0.003711,0.000000,0.000000,0.000000,0.000000,0.000000,0.000000,0.000000,0.000000,0.000000,0.000000,0.000000,0.000000
sensor,4,0.000000,0.000000,0.000000,0.000000,0.001855,0.000000,0.005566,0.000000,0.000000,0.000000,0.000000,0.000000,0.000000,0.000000,0.000000,0.000000,0.000000,0.000000,0.000000,0.000000,0.000000,0.000000
schedule,4,0.000000,0.001855,0.000000,0.001855,0.001855,0.000000,0.000000,0.001855,0.000000,0.000000,0.000000,0.000000,0.000000,0.000000,0.000000,0.000000,0.000000,0.000000,0.000000,0.000000,0.000000,0.000000
scanner,4,0.000000,0.000000,0.000000,0.000000,0.000000,0.000000,0.000000,0.000000,0.000000,0.000000,0.000000,0.000000,0.000000,0.000000,0.000000,0.000000,0.000000,0.000000,0.000000,0.000000,0.007421,0.000000
rlv,4,0.000000,0.000000,0.000000,0.000000,0.000000,0.000000,0.000000,0.003711,0.000000,0.000000,0.000000,0.000000,0.000000,0.000000,0.000000,0.003711,0.000000,0.000000,0.000000,0.000000,0.000000,0.000000
radar,4,0.005566,0.000000,0.000000,0.000000,0.000000,0.000000,0.000000,0.000000,0.000000,0.000000,0.000000,0.000000,0.000000,0.000000,0.000000,0.001855,0.000000,0.000000,0.000000,0.000000,0.000000,0.000000
production,4,0.000000,0.000000,0.000000,0.000000,0.003711,0.000000,0.000000,0.001855,0.000000,0.000000,0.000000,0.000000,0.000000,0.000000,0.000000,0.000000,0.000000,0.000000,0.000000,0.001855,0.000000,0.000000
pratt,4,0.000000,0.000000,0.000000,0.000000,0.000000,0.000000,0.000000,0.001855,0.000000,0.000000,0.000000,0.000000,0.000000,0.000000,0.000000,0.000000,0.000000,0.000000,0.000000,0.000000,0.005566,0.000000
oxidizer,4,0.000000,0.000000,0.000000,0.000000,0.001855,0.000000,0.001855,0.003711,0.000000,0.000000,0.000000,0.000000,0.000000,0.000000,0.000000,0.000000,0.000000,0.000000,0.000000,0.000000,0.000000,0.000000
orion,4,0.000000,0.000000,0.000000,0.000000,0.000000,0.000000,0.000000,0.000000,0.000000,0.000000,0.000000,0.000000,0.000000,0.000000,0.000000,0.000000,0.000000,0.000000,0.000000,0.000000,0.003711,0.003711
operation,4,0.000000,0.000000,0.000000,0.000000,0.000000,0.000000,0.003711,0.000000,0.000000,0.000000,0.000000,0.000000,0.000000,0.000000,0.000000,0.000000,0.000000,0.000000,0.000000,0.001855,0.001855,0.000000
nine,4,0.000000,0.000000,0.000000,0.001855,0.001855,0.000000,0.001855,0.000000,0.000000,0.000000,0.000000,0.000000,0.001855,0.000000,0.000000,0.000000,0.000000,0.000000,0.000000,0.000000,0.000000,0.000000
museum,4,0.000000,0.000000,0.000000,0.000000,0.003711,0.000000,0.003711,0.000000,0.000000,0.000000,0.000000,0.000000,0.000000,0.000000,0.000000,0.000000,0.000000,0.000000,0.000000,0.000000,0.000000,0.000000
msfc,4,0.000000,0.000000,0.000000,0.000000,0.000000,0.000000,0.000000,0.000000,0.000000,0.000000,0.000000,0.000000,0.000000,0.000000,0.001855,0.000000,0.000000,0.000000,0.000000,0.000000,0.000000,0.000000
month,4,0.000000,0.000000,0.001855,0.000000,0.000000,0.000000,0.003711,0.000000,0.000000,0.000000,0.000000,0.000000,0.001855,0.000000,0.000000,0.000000,0.000000,0.000000,0.000000,0.000000,0.000000,0.000000
mfc,4,0.000000,0.000000,0.000000,0.000000,0.000000,0.000000,0.000000,0.000000,0.000000,0.000000,0.000000,0.000000,0.000000,0.000000,0.000000,0.000000,0.000000,0.000000,0.000000,0.000000,0.007421,0.000000
maintenance,4,0.000000,0.000000,0.000000,0.000000,0.000000,0.000000,0.001855,0.001855,0.000000,0.000000,0.000000,0.000000,0.000000,0.000000,0.000000,0.001855,0.001855,0.000000,0.000000,0.000000,0.000000,0.000000
magellan,4,0.000000,0.000000,0.000000,0.000000,0.000000,0.007421,0.000000,0.000000,0.000000,0.000000,0.000000,0.000000,0.000000,0.000000,0.000000,0.000000,0.000000,0.000000,0.000000,0.000000,0.000000,0.000000
loss,4,0.000000,0.000000,0.000000,0.000000,0.003711,0.000000,0.000000,0.000000,0.000000,0.000000,0.000000,0.000000,0.000000,0.000000,0.000000,0.000000,0.000000,0.000000,0.001855,0.000000,0.001855,0.000000
l,4,0.000000,0.000000,0.000000,0.001855,0.000000,0.000000,0.000000,0.000000,0.000000,0.000000,0.000000,0.000000,0.000000,0.000000,0.001855,0.000000,0.001855,0.001855,0.000000,0.000000,0.000000,0.000000
king,4,0.000000,0.000000,0.000000,0.000000,0.000000,0.001855,0.000000,0.000000,0.000000,0.000000,0.000000,0.000000,0.000000,0.000000,0.000000,0.000000,0.000000,0.000000,0.000000,0.000000,0.000000,0.000000
istp,4,0.000000,0.000000,0.000000,0.000000,0.000000,0.000000,0.000000,0.000000,0.000000,0.000000,0.000000,0.000000,0.000000,0.000000,0.000000,0.007421,0.000000,0.000000,0.000000,0.000000,0.000000,0.000000
insulation,4,0.000000,0.000000,0.000000,0.000000,0.000000,0.000000,0.000000,0.000000,0.000000,0.000000,0.000000,0.000000,0.000000,0.000000,0.000000,0.000000,0.003711,0.000000,0.003711,0.000000,0.000000,0.000000
instrument,4,0.000000,0.000000,0.000000,0.000000,0.000000,0.000000,0.005566,0.000000,0.001855,0.000000,0.000000,0.000000,0.000000,0.000000,0.000000,0.000000,0.000000,0.000000,0.000000,0.000000,0.000000,0.000000
installation,4,0.000000,0.000000,0.000000,0.000000,0.001855,0.000000,0.000000,0.000000,0.000000,0.000000,0.000000,0.000000,0.000000,0.000000,0.001855,0.000000,0.001855,0.000000,0.001855,0.000000,0.000000,0.000000
increase,4,0.000000,0.000000,0.000000,0.000000,0.001855,0.000000,0.000000,0.001855,0.000000,0.000000,0.000000,0.000000,0.000000,0.000000,0.000000,0.001855,0.000000,0.000000,0.000000,0.001855,0.000000,0.000000
incident,4,0.000000,0.001855,0.000000,0.000000,0.000000,0.000000,0.001855,0.000000,0.000000,0.000000,0.000000,0.000000,0.000000,0.000000,0.000000,0.000000,0.001855,0.000000,0.001855,0.000000,0.000000,0.000000
inc,4,0.000000,0.003711,0.000000,0.000000,0.001855,0.001855,0.000000,0.000000,0.000000,0.000000,0.000000,0.000000,0.000000,0.000000,0.000000,0.000000,0.000000,0.000000,0.000000,0.000000,0.000000,0.000000
huntsville,4,0.000000,0.001855,0.000000,0.000000,0.001855,0.000000,0.000000,0.001855,0.000000,0.000000,0.000000,0.000000,0.000000,0.000000,0.000000,0.000000,0.000000,0.000000,0.000000,0.000000,0.000000,0.000000
home,4,0.000000,0.000000,0.000000,0.000000,0.001855,0.000000,0.000000,0.000000,0.000000,0.005566,0.000000,0.000000,0.000000,0.000000,0.000000,0.000000,0.000000,0.000000,0.000000,0.000000,0.000000,0.000000
harmony,4,0.000000,0.000000,0.000000,0.000000,0.000000,0.000000,0.000000,0.000000,0.000000,0.000000,0.000000,0.000000,0.000000,0.000000,0.000000,0.000000,0.000000,0.000000,0.000000,0.000000,0.007421,0.000000
gao,4,0.000000,0.000000,0.000000,0.000000,0.000000,0.000000,0.000000,0.000000,0.000000,0.000000,0.000000,0.000000,0.000000,0.000000,0.000000,0.000000,0.001855,0.005566,0.000000,0.000000,0.000000,0.000000
g,4,0.000000,0.001855,0.000000,0.000000,0.000000,0.000000,0.000000,0.001855,0.000000,0.001855,0.000000,0.000000,0.000000,0.000000,0.001855,0.000000,0.000000,0.000000,0.000000,0.000000,0.000000,0.000000
fy,4,0.000000,0.000000,0.000000,0.000000,0.000000,0.000000,0.000000,0.000000,0.000000,0.000000,0.000000,0.000000,0.000000,0.000000,0.000000,0.003711,0.000000,0.003711,0.000000,0.000000,0.000000,0.000000
fla,4,0.000000,0.000000,0.000000,0.000000,0.005566,0.000000,0.000000,0.001855,0.001855,0.000000,0.000000,0.000000,0.000000,0.000000,0.000000,0.000000,0.000000,0.000000,0.000000,0.000000,0.000000,0.000000
fl,4,0.000000,0.000000,0.000000,0.000000,0.000000,0.000000,0.000000,0.000000,0.000000,0.000000,0.000000,0.003711,0.000000,0.000000,0.000000,0.001855,0.001855,0.000000,0.000000,0.000000,0.000000,0.000000
fall,4,0.000000,0.000000,0.000000,0.000000,0.000000,0.000000,0.000000,0.007421,0.000000,0.000000,0.000000,0.000000,0.000000,0.000000,0.000000,0.000000,0.000000,0.000000,0.000000,0.000000,0.000000,0.000000
facility,4,0.000000,0.001855,0.000000,0.000000,0.001855,0.000000,0.000000,0.003711,0.000000,0.000000,0.000000,0.000000,0.000000,0.000000,0.000000,0.000000,0.000000,0.000000,0.000000,0.000000,0.000000,0.000000
expedition,4,0.000000,0.000000,0.000000,0.000000,0.000000,0.000000,0.000000,0.000000,0.000000,0.000000,0.000000,0.000000,0.000000,0.000000,0.005566,0.001855,0.000000,0.000000,0.000000,0.000000,0.000000,0.000000
event,4,0.000000,0.000000,0.001855,0.000000,0.000000,0.000000,0.000000,0.000000,0.000000,0.003711,0.000000,0.000000,0.000000,0.000000,0.000000,0.000000,0.000000,0.000000,0.000000,0.001855,0.000000,0.000000
enterprise,4,0.000000,0.000000,0.000000,0.000000,0.003711,0.000000,0.001855,0.000000,0.000000,0.000000,0.000000,0.000000,0.000000,0.000000,0.000000,0.000000,0.000000,0.000000,0.000000,0.000000,0.000000,0.001855
e,4,0.000000,0.000000,0.000000,0.000000,0.000000,0.000000,0.000000,0.000000,0.000000,0.000000,0.000000,0.000000,0.000000,0.000000,0.001855,0.001855,0.001855,0.000000,0.000000,0.000000,0.001855,0.000000
dr,4,0.000000,0.000000,0.000000,0.003711,0.000000,0.003711,0.000000,0.000000,0.000000,0.000000,0.000000,0.000000,0.000000,0.000000,0.000000,0.000000,0.000000,0.000000,0.000000,0.000000,0.000000,0.000000
department,4,0.000000,0.003711,0.000000,0.000000,0.000000,0.001855,0.000000,0.001855,0.000000,0.000000,0.000000,0.000000,0.000000,0.000000,0.000000,0.000000,0.000000,0.000000,0.000000,0.000000,0.000000,0.000000
defense,4,0.000000,0.003711,0.000000,0.000000,0.003711,0.000000,0.000000,0.000000,0.000000,0.000000,0.000000,0.000000,0.000000,0.000000,0.000000,0.000000,0.000000,0.000000,0.000000,0.000000,0.000000,0.000000
david,4,0.000000,0.000000,0.000000,0.001855,0.000000,0.000000,0.000000,0.003711,0.000000,0.000000,0.000000,0.000000,0.000000,0.000000,0.000000,0.000000,0.000000,0.000000,0.000000,0.000000,0.000000,0.000000
craft,4,0.000000,0.000000,0.000000,0.003711,0.000000,0.000000,0.000000,0.000000,0.000000,0.000000,0.000000,0.000000,0.001855,0.000000,0.001855,0.000000,0.000000,0.000000,0.000000,0.000000,0.000000,0.000000
commission,4,0.000000,0.000000,0.000000,0.000000,0.000000,0.001855,0.000000,0.000000,0.000000,0.000000,0.000000,0.000000,0.000000,0.000000,0.000000,0.000000,0.005566,0.000000,0.000000,0.000000,0.000000,0.000000
cbo,4,0.000000,0.000000,0.000000,0.000000,0.000000,0.000000,0.000000,0.000000,0.000000,0.000000,0.000000,0.000000,0.000000,0.000000,0.000000,0.000000,0.000000,0.000000,0.000000,0.000000,0.000000,0.007421
cause,4,0.000000,0.000000,0.000000,0.000000,0.003711,0.000000,0.000000,0.000000,0.000000,0.000000,0.000000,0.000000,0.000000,0.000000,0.000000,0.000000,0.001855,0.000000,0.001855,0.000000,0.000000,0.000000
bush,4,0.000000,0.000000,0.001855,0.000000,0.001855,0.000000,0.000000,0.000000,0.000000,0.000000,0.000000,0.000000,0.000000,0.000000,0.000000,0.001855,0.001855,0.000000,0.000000,0.000000,0.000000,0.000000
board,4,0.000000,0.000000,0.000000,0.000000,0.000000,0.000000,0.000000,0.000000,0.000000,0.000000,0.000000,0.000000,0.000000,0.000000,0.003711,0.000000,0.000000,0.001855,0.000000,0.000000,0.001855,0.000000
blast,4,0.000000,0.000000,0.000000,0.000000,0.003711,0.001855,0.001855,0.000000,0.000000,0.000000,0.000000,0.000000,0.000000,0.000000,0.000000,0.000000,0.000000,0.000000,0.000000,0.000000,0.000000,0.000000
bipod,4,0.000000,0.000000,0.000000,0.000000,0.000000,0.000000,0.000000,0.000000,0.000000,0.000000,0.000000,0.000000,0.000000,0.000000,0.000000,0.000000,0.000000,0.007421,0.000000,0.000000,0.000000,0.000000
avwk,4,0.000000,0.000000,0.000000,0.000000,0.001855,0.000000,0.000000,0.003711,0.003711,0.000000,0.000000,0.000000,0.000000,0.000000,0.000000,0.000000,0.000000,0.000000,0.000000,0.000000,0.000000,0.000000
astro,4,0.000000,0.000000,0.000000,0.000000,0.005566,0.000000,0.000000,0.000000,0.001855,0.000000,0.000000,0.000000,0.000000,0.000000,0.000000,0.000000,0.000000,0.000000,0.000000,0.000000,0.000000,0.000000
antenna,4,0.000000,0.000000,0.000000,0.003711,0.000000,0.000000,0.000000,0.000000,0.000000,0.000000,0.000000,0.003711,0.000000,0.000000,0.000000,0.000000,0.000000,0.000000,0.000000,0.000000,0.000000,0.000000
annex,4,0.000000,0.000000,0.000000,0.000000,0.003711,0.000000,0.003711,0.000000,0.000000,0.000000,0.000000,0.000000,0.000000,0.000000,0.000000,0.000000,0.000000,0.000000,0.000000,0.000000,0.000000,0.000000
alliance,4,0.000000,0.000000,0.000000,0.000000,0.000000,0.000000,0.000000,0.000000,0.000000,0.000000,0.000000,0.001855,0.000000,0.000000,0.000000,0.000000,0.005566,0.000000,0.000000,0.000000,0.000000,0.000000
4/93,4,0.000000,0.000000,0.000000,0.000000,0.000000,0.000000,0.007421,0.000000,0.000000,0.000000,0.000000,0.000000,0.000000,0.000000,0.000000,0.000000,0.000000,0.000000,0.000000,0.000000,0.000000,0.000000
39b,4,0.000000,0.005566,0.000000,0.000000,0.000000,0.000000,0.000000,0.000000,0.000000,0.000000,0.000000,0.000000,0.000000,0.000000,0.000000,0.000000,0.000000,0.000000,0.001855,0.000000,0.000000,0.000000
3/91,4,0.000000,0.000000,0.000000,0.000000,0.007421,0.000000,0.000000,0.000000,0.000000,0.000000,0.000000,0.000000,0.000000,0.000000,0.000000,0.000000,0.000000,0.000000,0.000000,0.000000,0.000000,0.000000
25/93,4,0.000000,0.000000,0.000000,0.000000,0.000000,0.000000,0.007421,0.000000,0.000000,0.000000,0.000000,0.000000,0.000000,0.000000,0.000000,0.000000,0.000000,0.000000,0.000000,0.000000,0.000000,0.000000
24/92,4,0.000000,0.000000,0.000000,0.000000,0.000000,0.007421,0.000000,0.000000,0.000000,0.000000,0.000000,0.000000,0.000000,0.000000,0.000000,0.000000,0.000000,0.000000,0.000000,0.000000,0.000000,0.000000
22/92,4,0.000000,0.000000,0.000000,0.000000,0.000000,0.007421,0.000000,0.000000,0.000000,0.000000,0.000000,0.000000,0.000000,0.000000,0.000000,0.000000,0.000000,0.000000,0.000000,0.000000,0.000000,0.000000
19/91,4,0.000000,0.000000,0.000000,0.000000,0.007421,0.000000,0.000000,0.000000,0.000000,0.000000,0.000000,0.000000,0.000000,0.000000,0.000000,0.000000,0.000000,0.000000,0.000000,0.000000,0.000000,0.000000
15/91,4,0.000000,0.000000,0.000000,0.000000,0.007421,0.000000,0.000000,0.000000,0.000000,0.000000,0.000000,0.000000,0.000000,0.000000,0.000000,0.000000,0.000000,0.000000,0.000000,0.000000,0.000000,0.000000
12/92,4,0.000000,0.000000,0.000000,0.000000,0.000000,0.007421,0.000000,0.000000,0.000000,0.000000,0.000000,0.000000,0.000000,0.000000,0.000000,0.000000,0.000000,0.000000,0.000000,0.000000,0.000000,0.000000
1/91,4,0.000000,0.000000,0.000000,0.000000,0.007421,0.000000,0.000000,0.000000,0.000000,0.000000,0.000000,0.000000,0.000000,0.000000,0.000000,0.000000,0.000000,0.000000,0.000000,0.000000,0.000000,0.000000
1/89,4,0.000000,0.000000,0.007421,0.000000,0.000000,0.000000,0.000000,0.000000,0.000000,0.000000,0.000000,0.000000,0.000000,0.000000,0.000000,0.000000,0.000000,0.000000,0.000000,0.000000,0.000000,0.000000
//www,4,0.000000,0.000000,0.000000,0.000000,0.000000,0.000000,0.000000,0.000000,0.000000,0.000000,0.000000,0.000000,0.000000,0.000000,0.000000,0.000000,0.001855,0.000000,0.000000,0.000000,0.005566,0.000000
zero,3,0.000000,0.000000,0.000000,0.000000,0.000000,0.000000,0.001855,0.000000,0.000000,0.000000,0.000000,0.000000,0.000000,0.000000,0.000000,0.003711,0.000000,0.000000,0.000000,0.000000,0.000000,0.000000
x-ray,3,0.000000,0.000000,0.000000,0.000000,0.000000,0.000000,0.005566,0.000000,0.000000,0.000000,0.000000,0.000000,0.000000,0.000000,0.000000,0.000000,0.000000,0.000000,0.000000,0.000000,0.000000,0.000000
workforce,3,0.000000,0.000000,0.000000,0.000000,0.000000,0.000000,0.000000,0.000000,0.000000,0.000000,0.000000,0.001855,0.000000,0.000000,0.000000,0.000000,0.003711,0.000000,0.000000,0.000000,0.000000,0.000000
whitney,3,0.000000,0.000000,0.000000,0.000000,0.000000,0.000000,0.000000,0.000000,0.000000,0.000000,0.000000,0.000000,0.000000,0.000000,0.000000,0.000000,0.000000,0.000000,0.000000,0.000000,0.005566,0.000000
west,3,0.003711,0.000000,0.000000,0.000000,0.001855,0.000000,0.000000,0.000000,0.000000,0.000000,0.000000,0.000000,0.000000,0.000000,0.000000,0.000000,0.000000,0.000000,0.000000,0.000000,0.000000,0.000000
variety,3,0.000000,0.001855,0.000000,0.000000,0.000000,0.000000,0.001855,0.000000,0.000000,0.000000,0.000000,0.000000,0.000000,0.000000,0.000000,0.000000,0.000000,0.000000,0.000000,0.000000,0.001855,0.000000
value,3,0.000000,0.000000,0.000000,0.000000,0.000000,0.000000,0.000000,0.000000,0.000000,0.000000,0.000000,0.000000,0.000000,0.000000,0.000000,0.000000,0.003711,0.000000,0.000000,0.000000,0.001855,0.000000
valley,3,0.000000,0.000000,0.000000,0.000000,0.001855,0.001855,0.000000,0.001855,0.000000,0.000000,0.000000,0.000000,0.000000,0.000000,0.000000,0.000000,0.000000,0.000000,0.000000,0.000000,0.000000,0.000000
unit,3,0.000000,0.000000,0.000000,0.000000,0.000000,0.001855,0.001855,0.000000,0.000000,0.000000,0.000000,0.000000,0.000000,0.000000,0.001855,0.000000,0.000000,0.000000,0.000000,0.000000,0.000000,0.000000
turbopump,3,0.000000,0.000000,0.000000,0.000000,0.001855,0.000000,0.000000,0.001855,0.000000,0.000000,0.000000,0.000000,0.000000,0.000000,0.001855,0.000000,0.000000,0.000000,0.000000,0.000000,0.000000,0.000000
trouble,3,0.000000,0.000000,0.000000,0.000000,0.000000,0.001855,0.001855,0.000000,0.000000,0.000000,0.000000,0.001855,0.000000,0.000000,0.000000,0.000000,0.000000,0.000000,0.000000,0.000000,0.000000,0.000000
trip,3,0.000000,0.000000,0.000000,0.001855,0.001855,0.001855,0.000000,0.000000,0.000000,0.000000,0.000000,0.000000,0.000000,0.000000,0.000000,0.000000,0.000000,0.000000,0.000000,0.000000,0.000000,0.000000
trin,3,0.000000,0.000000,0.000000,0.000000,0.005566,0.000000,0.000000,0.000000,0.000000,0.000000,0.000000,0.000000,0.000000,0.000000,0.000000,0.000000,0.000000,0.000000,0.000000,0.000000,0.000000,0.000000
travel,3,0.000000,0.000000,0.000000,0.000000,0.001855,0.000000,0.001855,0.001855,0.000000,0.000000,0.000000,0.000000,0.000000,0.000000,0.000000,0.000000,0.000000,0.000000,0.000000,0.000000,0.000000,0.000000
tape,3,0.000000,0.000000,0.000000,0.000000,0.003711,0.000000,0.000000,0.000000,0.000000,0.000000,0.000000,0.000000,0.000000,0.000000,0.000000,0.000000,0.001855,0.000000,0.000000,0.000000,0.000000,0.000000
surface,3,0.000000,0.001855,0.000000,0.000000,0.000000,0.001855,0.001855,0.000000,0.000000,0.000000,0.000000,0.000000,0.000000,0.000000,0.000000,0.000000,0.000000,0.000000,0.000000,0.000000,0.000000,0.000000
sturckow,3,0.000000,0.000000,0.000000,0.000000,0.000000,0.000000,0.000000,0.000000,0.000000,0.000000,0.000000,0.001855,0.000000,0.000000,0.001855,0.000000,0.000000,0.000000,0.000000,0.000000,0.001855,0.000000
structure,3,0.000000,0.000000,0.000000,0.000000,0.000000,0.000000,0.000000,0.000000,0.000000,0.000000,0.000000,0.000000,0.000000,0.000000,0.000000,0.001855,0.000000,0.000000,0.000000,0.003711,0.000000,0.000000
stowage,3,0.000000,0.000000,0.000000,0.000000,0.001855,0.000000,0.000000,0.000000,0.000000,0.000000,0.000000,0.000000,0.000000,0.000000,0.003711,0.000000,0.000000,0.000000,0.000000,0.000000,0.000000,0.000000
srtm,3,0.000000,0.000000,0.000000,0.000000,0.000000,0.000000,0.000000,0.000000,0.000000,0.000000,0.000000,0.000000,0.000000,0.000000,0.000000,0.005566,0.000000,0.000000,0.000000,0.000000,0.000000,0.000000
smithsonian,3,0.000000,0.000000,0.000000,0.000000,0.003711,0.000000,0.001855,0.000000,0.000000,0.000000,0.000000,0.000000,0.000000,0.000000,0.000000,0.000000,0.000000,0.000000,0.000000,0.000000,0.000000,0.000000
site,3,0.001855,0.000000,0.000000,0.000000,0.001855,0.000000,0.000000,0.000000,0.000000,0.000000,0.000000,0.000000,0.000000,0.000000,0.001855,0.000000,0.000000,0.000000,0.000000,0.000000,0.000000,0.000000
service,3,0.000000,0.000000,0.000000,0.000000,0.000000,0.000000,0.000000,0.000000,0.000000,0.001855,0.000000,0.000000,0.000000,0.000000,0.000000,0.001855,0.001855,0.000000,0.000000,0.000000,0.000000,0.000000
sen,3,0.000000,0.000000,0.000000,0.000000,0.001855,0.000000,0.000000,0.003711,0.000000,0.000000,0.000000,0.000000,0.000000,0.000000,0.000000,0.000000,0.000000,0.000000,0.000000,0.000000,0.000000,0.000000
s0,3,0.000000,0.000000,0.000000,0.000000,0.000000,0.000000,0.000000,0.000000,0.000000,0.000000,0.000000,0.000000,0.000000,0.000000,0.000000,0.005566,0.000000,0.000000,0.000000,0.000000,0.000000,0.000000
roland,3,0.000000,0.000000,0.000000,0.000000,0.000000,0.000000,0.000000,0.000000,0.000000,0.000000,0.000000,0.000000,0.000000,0.000000,0.000000,0.000000,0.005566,0.000000,0.000000,0.000000,0.000000,0.000000
rendezvous,3,0.000000,0.000000,0.000000,0.001855,0.000000,0.000000,0.000000,0.001855,0.000000,0.000000,0.000000,0.000000,0.000000,0.000000,0.000000,0.000000,0.000000,0.000000,0.000000,0.000000,0.001855,0.000000
rdm,3,0.000000,0.000000,0.000000,0.000000,0.000000,0.000000,0.000000,0.000000,0.000000,0.000000,0.000000,0.000000,0.000000,0.000000,0.000000,0.000000,0.000000,0.000000,0.000000,0.000000,0.005566,0.000000
rain,3,0.000000,0.000000,0.000000,0.001855,0.001855,0.000000,0.000000,0.000000,0.000000,0.000000,0.000000,0.000000,0.000000,0.000000,0.001855,0.000000,0.000000,0.000000,0.000000,0.000000,0.000000,0.000000
propulsion,3,0.000000,0.000000,0.000000,0.000000,0.001855,0.000000,0.000000,0.001855,0.000000,0.000000,0.000000,0.000000,0.000000,0.000000,0.000000,0.001855,0.000000,0.000000,0.000000,0.000000,0.000000,0.000000
progress,3,0.000000,0.000000,0.000000,0.000000,0.000000,0.000000,0.000000,0.000000,0.000000,0.000000,0.000000,0.000000,0.000000,0.000000,0.000000,0.000000,0.001855,0.003711,0.000000,0.000000,0.000000,0.000000
probe,3,0.000000,0.000000,0.001855,0.000000,0.000000,0.001855,0.000000,0.000000,0.000000,0.000000,0.000000,0.000000,0.000000,0.000000,0.000000,0.000000,0.001855,0.000000,0.000000,0.000000,0.000000,0.000000
postponement,3,0.000000,0.000000,0.000000,0.000000,0.001855,0.001855,0.000000,0.001855,0.000000,0.000000,0.000000,0.000000,0.000000,0.000000,0.000000,0.000000,0.000000,0.000000,0.000000,0.000000,0.000000,0.000000
possibility,3,0.000000,0.000000,0.000000,0.000000,0.001855,0.000000,0.001855,0.000000,0.000000,0.000000,0.000000,0.000000,0.000000,0.000000,0.001855,0.000000,0.000000,0.000000,0.000000,0.000000,0.000000,0.000000
pool,3,0.000000,0.000000,0.000000,0.000000,0.000000,0.000000,0.000000,0.000000,0.000000,0.000000,0.000000,0.000000,0.000000,0.000000,0.001855,0.003711,0.000000,0.000000,0.000000,0.000000,0.000000,0.000000
passage,3,0.000000,0.000000,0.000000,0.000000,0.000000,0.000000,0.000000,0.000000,0.000000,0.000000,0.000000,0.000000,0.000000,0.000000,0.000000,0.000000,0.000000,0.000000,0.000000,0.005566,0.000000,0.000000
park,3,0.000000,0.000000,0.000000,0.000000,0.000000,0.000000,0.003711,0.000000,0.000000,0.000000,0.000000,0.000000,0.000000,0.000000,0.000000,0.000000,0.000000,0.000000,0.000000,0.000000,0.001855,0.000000
palmdale,3,0.000000,0.000000,0.000000,0.000000,0.001855,0.000000,0.000000,0.003711,0.000000,0.000000,0.000000,0.000000,0.000000,0.000000,0.000000,0.000000,0.000000,0.000000,0.000000,0.000000,0.000000,0.000000
osp,3,0.000000,0.000000,0.000000,0.000000,0.000000,0.000000,0.000000,0.000000,0.000000,0.000000,0.000000,0.000000,0.000000,0.000000,0.000000,0.003711,0.001855,0.000000,0.000000,0.000000,0.000000,0.000000
origin,3,0.000000,0.000000,0.000000,0.000000,0.001855,0.000000,0.003711,0.000000,0.000000,0.000000,0.000000,0.000000,0.000000,0.000000,0.000000,0.000000,0.000000,0.000000,0.000000,0.000000,0.000000,0.000000
one-year,3,0.000000,0.000000,0.000000,0.000000,0.000000,0.000000,0.000000,0.000000,0.000000,0.000000,0.000000,0.000000,0.000000,0.000000,0.000000,0.000000,0.000000,0.001855,0.000000,0.000000,0.000000,0.003711
name,3,0.000000,0.000000,0.005566,0.000000,0.000000,0.000000,0.000000,0.000000,0.000000,0.000000,0.000000,0.000000,0.000000,0.000000,0.000000,0.000000,0.000000,0.000000,0.000000,0.000000,0.000000,0.000000
move,3,0.000000,0.001855,0.000000,0.000000,0.000000,0.000000,0.000000,0.000000,0.000000,0.000000,0.000000,0.000000,0.000000,0.000000,0.000000,0.001855,0.000000,0.000000,0.000000,0.000000,0.001855,0.000000
measure,3,0.000000,0.000000,0.000000,0.000000,0.000000,0.003711,0.000000,0.000000,0.000000,0.000000,0.000000,0.000000,0.000000,0.000000,0.000000,0.000000,0.000000,0.000000,0.000000,0.000000,0.001855,0.000000
maiden,3,0.000000,0.000000,0.003711,0.000000,0.000000,0.001855,0.000000,0.000000,0.000000,0.000000,0.000000,0.000000,0.000000,0.000000,0.000000,0.000000,0.000000,0.000000,0.000000,0.000000,0.000000,0.000000
long-term,3,0.000000,0.000000,0.000000,0.000000,0.000000,0.001855,0.001855,0.000000,0.000000,0.000000,0.000000,0.000000,0.000000,0.000000,0.001855,0.000000,0.000000,0.000000,0.000000,0.000000,0.000000,0.000000
location,3,0.000000,0.000000,0.000000,0.001855,0.000000,0.000000,0.000000,0.000000,0.000000,0.000000,0.000000,0.000000,0.000000,0.000000,0.000000,0.000000,0.000000,0.000000,0.000000,0.000000,0.003711,0.000000
lawrence,3,0.000000,0.000000,0.000000,0.000000,0.000000,0.003711,0.001855,0.000000,0.000000,0.000000,0.000000,0.000000,0.000000,0.000000,0.000000,0.000000,0.000000,0.000000,0.000000,0.000000,0.000000,0.000000
jupiter,3,0.000000,0.000000,0.001855,0.001855,0.000000,0.000000,0.000000,0.001855,0.000000,0.000000,0.000000,0.000000,0.000000,0.000000,0.000000,0.000000,0.000000,0.000000,0.000000,0.000000,0.000000,0.000000
iowa,3,0.000000,0.000000,0.000000,0.000000,0.003711,0.001855,0.000000,0.000000,0.000000,0.000000,0.000000,0.000000,0.000000,0.000000,0.000000,0.000000,0.000000,0.000000,0.000000,0.000000,0.000000,0.000000
institute,3,0.000000,0.000000,0.000000,0.000000,0.001855,0.000000,0.000000,0.003711,0.000000,0.000000,0.000000,0.000000,0.000000,0.000000,0.000000,0.000000,0.000000,0.000000,0.000000,0.000000,0.000000,0.000000
improvement,3,0.000000,0.000000,0.000000,0.000000,0.000000,0.001855,0.000000,0.000000,0.000000,0.003711,0.000000,0.000000,0.000000,0.000000,0.000000,0.000000,0.000000,0.000000,0.000000,0.000000,0.000000,0.000000
impact,3,0.000000,0.001855,0.000000,0.000000,0.000000,0.000000,0.000000,0.000000,0.001855,0.000000,0.000000,0.000000,0.000000,0.000000,0.000000,0.000000,0.000000,0.001855,0.000000,0.000000,0.000000,0.000000
imaging,3,0.003711,0.000000,0.000000,0.000000,0.001855,0.000000,0.000000,0.000000,0.000000,0.000000,0.000000,0.000000,0.000000,0.000000,0.000000,0.000000,0.000000,0.000000,0.000000,0.000000,0.000000,0.000000
hst,3,0.000000,0.000000,0.000000,0.000000,0.000000,0.000000,0.000000,0.000000,0.000000,0.000000,0.000000,0.000000,0.000000,0.000000,0.000000,0.005566,0.000000,0.000000,0.000000,0.000000,0.000000,0.000000
houston,3,0.000000,0.000000,0.000000,0.000000,0.000000,0.001855,0.000000,0.000000,0.000000,0.001855,0.000000,0.000000,0.000000,0.000000,0.000000,0.000000,0.000000,0.000000,0.000000,0.000000,0.001855,0.000000
hour,3,0.000000,0.000000,0.000000,0.000000,0.001855,0.000000,0.001855,0.000000,0.000000,0.000000,0.000000,0.000000,0.000000,0.000000,0.000000,0.000000,0.000000,0.000000,0.000000,0.000000,0.001855,0.000000
heat,3,0.000000,0.000000,0.000000,0.000000,0.001855,0.000000,0.000000,0.000000,0.000000,0.000000,0.000000,0.000000,0.000000,0.000000,0.000000,0.000000,0.000000,0.000000,0.000000,0.000000,0.003711,0.000000
hardware,3,0.000000,0.000000,0.000000,0.000000,0.000000,0.000000,0.000000,0.000000,0.000000,0.000000,0.000000,0.000000,0.000000,0.000000,0.000000,0.000000,0.000000,0.003711,0.000000,0.000000,0.001855,0.000000
half,3,0.000000,0.000000,0.000000,0.000000,0.001855,0.000000,0.001855,0.001855,0.000000,0.000000,0.000000,0.000000,0.000000,0.000000,0.000000,0.000000,0.000000,0.000000,0.000000,0.000000,0.000000,0.000000
gun,3,0.000000,0.000000,0.000000,0.000000,0.000000,0.003711,0.001855,0.000000,0.000000,0.000000,0.000000,0.000000,0.000000,0.000000,0.000000,0.000000,0.000000,0.000000,0.000000,0.000000,0.000000,0.000000
growth,3,0.000000,0.000000,0.000000,0.000000,0.000000,0.000000,0.000000,0.001855,0.000000,0.000000,0.000000,0.000000,0.000000,0.000000,0.000000,0.000000,0.000000,0.000000,0.000000,0.000000,0.000000,0.003711
germany,3,0.003711,0.000000,0.000000,0.000000,0.000000,0.000000,0.000000,0.001855,0.000000,0.000000,0.000000,0.000000,0.000000,0.000000,0.000000,0.000000,0.000000,0.000000,0.000000,0.000000,0.000000,0.000000
frf,3,0.000000,0.005566,0.000000,0.000000,0.000000,0.000000,0.000000,0.000000,0.000000,0.000000,0.000000,0.000000,0.000000,0.000000,0.000000,0.000000,0.000000,0.000000,0.000000,0.000000,0.000000,0.000000
firm,3,0.000000,0.001855,0.000000,0.001855,0.000000,0.000000,0.000000,0.000000,0.000000,0.000000,0.000000,0.000000,0.000000,0.000000,0.000000,0.001855,0.000000,0.000000,0.000000,0.000000,0.000000,0.000000
fear,3,0.000000,0.000000,0.000000,0.000000,0.000000,0.000000,0.005566,0.000000,0.000000,0.000000,0.000000,0.000000,0.000000,0.000000,0.000000,0.000000,0.000000,0.000000,0.000000,0.000000,0.000000,0.000000
failure,3,0.000000,0.000000,0.000000,0.000000,0.001855,0.000000,0.001855,0.000000,0.000000,0.000000,0.000000,0.001855,0.000000,0.000000,0.000000,0.000000,0.000000,0.000000,0.000000,0.000000,0.000000,0.000000
extravehicular,3,0.000000,0.000000,0.000000,0.000000,0.000000,0.000000,0.001855,0.000000,0.000000,0.000000,0.000000,0.000000,0.000000,0.000000,0.000000,0.001855,0.000000,0.001855,0.000000,0.000000,0.000000,0.000000
extension,3,0.000000,0.000000,0.001855,0.000000,0.000000,0.000000,0.000000,0.000000,0.000000,0.000000,0.000000,0.000000,0.000000,0.000000,0.000000,0.000000,0.003711,0.000000,0.000000,0.000000,0.000000,0.000000
est,3,0.000000,0.000000,0.000000,0.000000,0.000000,0.000000,0.000000,0.000000,0.000000,0.000000,0.000000,0.000000,0.000000,0.000000,0.000000,0.001855,0.001855,0.000000,0.000000,0.001855,0.000000,0.000000
eight,3,0.000000,0.000000,0.000000,0.000000,0.001855,0.000000,0.003711,0.000000,0.000000,0.000000,0.000000,0.000000,0.000000,0.000000,0.000000,0.000000,0.000000,0.000000,0.000000,0.000000,0.000000,0.000000
duration,3,0.000000,0.000000,0.000000,0.000000,0.003711,0.000000,0.000000,0.000000,0.000000,0.000000,0.000000,0.000000,0.000000,0.000000,0.000000,0.001855,0.000000,0.000000,0.000000,0.000000,0.000000,0.000000
documentation,3,0.000000,0.000000,0.000000,0.000000,0.000000,0.000000,0.000000,0.001855,0.000000,0.000000,0.000000,0.000000,0.000000,0.000000,0.000000,0.000000,0.000000,0.003711,0.000000,0.000000,0.000000,0.000000
difficulty,3,0.000000,0.000000,0.000000,0.001855,0.000000,0.000000,0.001855,0.000000,0.000000,0.000000,0.000000,0.000000,0.000000,0.000000,0.000000,0.000000,0.001855,0.000000,0.000000,0.000000,0.000000,0.000000
device,3,0.000000,0.000000,0.000000,0.000000,0.000000,0.000000,0.000000,0.001855,0.000000,0.000000,0.000000,0.000000,0.000000,0.000000,0.000000,0.000000,0.000000,0.000000,0.000000,0.000000,0.003711,0.000000
delivery,3,0.000000,0.000000,0.000000,0.000000,0.001855,0.000000,0.000000,0.000000,0.000000,0.000000,0.000000,0.000000,0.000000,0.000000,0.000000,0.003711,0.000000,0.000000,0.000000,0.000000,0.000000,0.000000
danger,3,0.000000,0.000000,0.000000,0.000000,0.000000,0.001855,0.003711,0.000000,0.000000,0.000000,0.000000,0.000000,0.000000,0.000000,0.000000,0.000000,0.000000,0.000000,0.000000,0.000000,0.000000,0.000000
cycle,3,0.000000,0.000000,0.000000,0.000000,0.000000,0.001855,0.000000,0.000000,0.000000,0.000000,0.000000,0.000000,0.000000,0.000000,0.000000,0.000000,0.000000,0.000000,0.000000,0.003711,0.000000,0.000000
coverage,3,0.000000,0.000000,0.000000,0.000000,0.003711,0.000000,0.001855,0.000000,0.000000,0.000000,0.000000,0.000000,0.000000,0.000000,0.000000,0.000000,0.000000,0.000000,0.000000,0.000000,0.000000,0.000000
court,3,0.000000,0.000000,0.000000,0.000000,0.000000,0.001855,0.000000,0.000000,0.000000,0.000000,0.000000,0.000000,0.000000,0.000000,0.000000,0.000000,0.000000,0.000000,0.000000,0.000000,0.003711,0.000000
contractor,3,0.000000,0.000000,0.000000,0.000000,0.000000,0.000000,0.000000,0.000000,0.000000,0.000000,0.000000,0.001855,0.000000,0.000000,0.000000,0.000000,0.003711,0.000000,0.000000,0.000000,0.000000,0.000000
constellation,3,0.000000,0.000000,0.000000,0.000000,0.000000,0.000000,0.000000,0.000000,0.000000,0.000000,0.000000,0.000000,0.000000,0.000000,0.000000,0.000000,0.000000,0.000000,0.000000,0.000000,0.000000,0.005566
computer,3,0.000000,0.000000,0.000000,0.000000,0.001855,0.000000,0.001855,0.000000,0.000000,0.000000,0.000000,0.000000,0.000000,0.000000,0.000000,0.000000,0.000000,0.000000,0.000000,0.000000,0.001855,0.000000
compartment,3,0.000000,0.000000,0.000000,0.001855,0.000000,0.000000,0.003711,0.000000,0.000000,0.000000,0.000000,0.000000,0.000000,0.000000,0.000000,0.000000,0.000000,0.000000,0.000000,0.000000,0.000000,0.000000
christa,3,0.000000,0.000000,0.000000,0.000000,0.000000,0.000000,0.003711,0.000000,0.000000,0.001855,0.000000,0.000000,0.000000,0.000000,0.000000,0.000000,0.000000,0.000000,0.000000,0.000000,0.000000,0.000000
case,3,0.000000,0.000000,0.000000,0.000000,0.000000,0.001855,0.001855,0.000000,0.000000,0.000000,0.000000,0.000000,0.000000,0.000000,0.000000,0.000000,0.000000,0.000000,0.000000,0.000000,0.001855,0.000000
canoga,3,0.000000,0.000000,0.000000,0.000000,0.000000,0.000000,0.003711,0.000000,0.000000,0.000000,0.000000,0.000000,0.000000,0.000000,0.000000,0.000000,0.000000,0.000000,0.000000,0.000000,0.001855,0.000000
cancer,3,0.000000,0.000000,0.000000,0.000000,0.000000,0.000000,0.005566,0.000000,0.000000,0.000000,0.000000,0.000000,0.000000,0.000000,0.000000,0.000000,0.000000,0.000000,0.000000,0.000000,0.000000,0.000000
camera,3,0.000000,0.000000,0.000000,0.000000,0.001855,0.000000,0.001855,0.000000,0.000000,0.000000,0.000000,0.000000,0.000000,0.000000,0.000000,0.001855,0.000000,0.000000,0.000000,0.000000,0.000000,0.000000
buchanan,3,0.000000,0.000000,0.000000,0.000000,0.000000,0.000000,0.000000,0.000000,0.000000,0.007421,0.000000,0.000000,0.000000,0.000000,0.000000,0.000000,0.000000,0.000000,0.000000,0.000000,0.000000,0.000000
brevard,3,0.000000,0.000000,0.000000,0.000000,0.000000,0.000000,0.000000,0.000000,0.000000,0.000000,0.000000,0.003711,0.000000,0.000000,0.000000,0.000000,0.001855,0.000000,0.000000,0.000000,0.000000,0.000000
biotechnology,3,0.000000,0.000000,0.000000,0.000000,0.000000,0.000000,0.000000,0.003711,0.001855,0.000000,0.000000,0.000000,0.000000,0.000000,0.000000,0.000000,0.000000,0.000000,0.000000,0.000000,0.000000,0.000000
biography,3,0.000000,0.000000,0.000000,0.000000,0.000000,0.000000,0.005566,0.000000,0.000000,0.000000,0.000000,0.000000,0.000000,0.000000,0.000000,0.000000,0.000000,0.000000,0.000000,0.000000,0.000000,0.000000
bay,3,0.000000,0.003711,0.000000,0.000000,0.000000,0.000000,0.000000,0.000000,0.001855,0.000000,0.000000,0.000000,0.000000,0.000000,0.000000,0.000000,0.000000,0.000000,0.000000,0.000000,0.000000,0.000000
atmosphere,3,0.000000,0.000000,0.000000,0.000000,0.001855,0.000000,0.000000,0.000000,0.001855,0.000000,0.000000,0.000000,0.000000,0.000000,0.000000,0.000000,0.001855,0.000000,0.000000,0.000000,0.000000,0.000000
assessment,3,0.000000,0.000000,0.000000,0.000000,0.000000,0.000000,0.000000,0.000000,0.000000,0.000000,0.000000,0.000000,0.000000,0.000000,0.000000,0.001855,0.000000,0.003711,0.000000,0.000000,0.000000,0.000000
arm,3,0.000000,0.000000,0.000000,0.000000,0.000000,0.000000,0.000000,0.000000,0.000000,0.000000,0.000000,0.000000,0.000000,0.000000,0.000000,0.003711,0.000000,0.000000,0.000000,0.000000,0.001855,0.000000
ares-1,3,0.000000,0.000000,0.000000,0.000000,0.000000,0.000000,0.000000,0.000000,0.000000,0.000000,0.000000,0.000000,0.000000,0.000000,0.000000,0.000000,0.000000,0.000000,0.000000,0.000000,0.005566,0.000000
antelope,3,0.000000,0.000000,0.000000,0.000000,0.001855,0.001855,0.000000,0.001855,0.000000,0.000000,0.000000,0.000000,0.000000,0.000000,0.000000,0.000000,0.000000,0.000000,0.000000,0.000000,0.000000,0.000000
announcement,3,0.000000,0.000000,0.000000,0.003711,0.000000,0.000000,0.000000,0.000000,0.000000,0.000000,0.000000,0.001855,0.000000,0.000000,0.000000,0.000000,0.000000,0.000000,0.000000,0.000000,0.000000,0.000000
airlock,3,0.000000,0.000000,0.000000,0.000000,0.000000,0.000000,0.000000,0.000000,0.000000,0.000000,0.000000,0.000000,0.000000,0.000000,0.003711,0.001855,0.000000,0.000000,0.000000,0.000000,0.000000,0.000000
8/91,3,0.000000,0.000000,0.000000,0.000000,0.005566,0.000000,0.000000,0.000000,0.000000,0.000000,0.000000,0.000000,0.000000,0.000000,0.000000,0.000000,0.000000,0.000000,0.000000,0.000000,0.000000,0.000000
7/93,3,0.000000,0.000000,0.000000,0.000000,0.000000,0.000000,0.005566,0.000000,0.000000,0.000000,0.000000,0.000000,0.000000,0.000000,0.000000,0.000000,0.000000,0.000000,0.000000,0.000000,0.000000,0.000000
4/91,3,0.000000,0.000000,0.000000,0.000000,0.005566,0.000000,0.000000,0.000000,0.000000,0.000000,0.000000,0.000000,0.000000,0.000000,0.000000,0.000000,0.000000,0.000000,0.000000,0.000000,0.000000,0.000000
30/93,3,0.000000,0.000000,0.000000,0.000000,0.000000,0.000000,0.005566,0.000000,0.000000,0.000000,0.000000,0.000000,0.000000,0.000000,0.000000,0.000000,0.000000,0.000000,0.000000,0.000000,0.000000,0.000000
3/94,3,0.000000,0.000000,0.000000,0.000000,0.000000,0.000000,0.000000,0.005566,0.000000,0.000000,0.000000,0.000000,0.000000,0.000000,0.000000,0.000000,0.000000,0.000000,0.000000,0.000000,0.000000,0.000000
29/94,3,0.000000,0.000000,0.000000,0.000000,0.000000,0.000000,0.000000,0.005566,0.000000,0.000000,0.000000,0.000000,0.000000,0.000000,0.000000,0.000000,0.000000,0.000000,0.000000,0.000000,0.000000,0.000000
26/90,3,0.000000,0.000000,0.000000,0.005566,0.000000,0.000000,0.000000,0.000000,0.000000,0.000000,0.000000,0.000000,0.000000,0.000000,0.000000,0.000000,0.000000,0.000000,0.000000,0.000000,0.000000,0.000000
22/95,3,0.000000,0.000000,0.000000,0.000000,0.000000,0.000000,0.000000,0.000000,0.007421,0.000000,0.000000,0.000000,0.000000,0.000000,0.000000,0.000000,0.000000,0.000000,0.000000,0.000000,0.000000,0.000000
17/91,3,0.000000,0.000000,0.000000,0.000000,0.005566,0.000000,0.000000,0.000000,0.000000,0.000000,0.000000,0.000000,0.000000,0.000000,0.000000,0.000000,0.000000,0.000000,0.000000,0.000000,0.000000,0.000000
16/93,3,0.000000,0.000000,0.000000,0.000000,0.000000,0.000000,0.005566,0.000000,0.000000,0.000000,0.000000,0.000000,0.000000,0.000000,0.000000,0.000000,0.000000,0.000000,0.000000,0.000000,0.000000,0.000000
14/92,3,0.000000,0.000000,0.000000,0.000000,0.000000,0.005566,0.000000,0.000000,0.000000,0.000000,0.000000,0.000000,0.000000,0.000000,0.000000,0.000000,0.000000,0.000000,0.000000,0.000000,0.000000,0.000000
11/93,3,0.000000,0.000000,0.000000,0.000000,0.000000,0.000000,0.005566,0.000000,0.000000,0.000000,0.000000,0.000000,0.000000,0.000000,0.000000,0.000000,0.000000,0.000000,0.000000,0.000000,0.000000,0.000000
10/92,3,0.000000,0.000000,0.000000,0.000000,0.000000,0.005566,0.000000,0.000000,0.000000,0.000000,0.000000,0.000000,0.000000,0.000000,0.000000,0.000000,0.000000,0.000000,0.000000,0.000000,0.000000,0.000000
10/90,3,0.000000,0.000000,0.000000,0.005566,0.000000,0.000000,0.000000,0.000000,0.000000,0.000000,0.000000,0.000000,0.000000,0.000000,0.000000,0.000000,0.000000,0.000000,0.000000,0.000000,0.000000,0.000000
1/87,3,0.005566,0.000000,0.000000,0.000000,0.000000,0.000000,0.000000,0.000000,0.000000,0.000000,0.000000,0.000000,0.000000,0.000000,0.000000,0.000000,0.000000,0.000000,0.000000,0.000000,0.000000,0.000000
