landing,46,0.000000,0.000156,0.001247,0.000156,0.000312,0.000000,0.000000,0.001247,0.000000,0.000000,0.000312,0.000156,0.000000,0.000935,0.000156,0.000000,0.000000,0.000156,0.000312,0.000935,0.000156,0.000312
including,40,0.000000,0.000156,0.000312,0.000156,0.000156,0.000156,0.000156,0.000312,0.000000,0.000000,0.000312,0.000156,0.000156,0.000312,0.000468,0.000156,0.000156,0.000468,0.000312,0.001403,0.000468,0.000000
using,36,0.000000,0.000000,0.000156,0.000156,0.000312,0.000312,0.000000,0.000156,0.000156,0.000468,0.000156,0.000312,0.000156,0.000468,0.000000,0.000156,0.000000,0.000468,0.000468,0.000156,0.000935,0.000312
according,34,0.000000,0.000000,0.000000,0.000000,0.000312,0.000624,0.000312,0.000312,0.000312,0.000935,0.000468,0.000000,0.000000,0.000000,0.000000,0.000156,0.000156,0.000312,0.000468,0.000468,0.000312,0.000000
orbiting,21,0.000156,0.000156,0.000312,0.000312,0.000000,0.000312,0.000000,0.000156,0.000000,0.000000,0.000156,0.000156,0.000000,0.000000,0.000156,0.000468,0.000000,0.000000,0.000000,0.000312,0.000000,0.000624
funding,16,0.000000,0.000000,0.000000,0.000156,0.000156,0.000156,0.000000,0.000312,0.000000,0.000000,0.000000,0.000000,0.000000,0.000000,0.000000,0.000000,0.000000,0.000156,0.000312,0.000468,0.000000,0.000312
being,16,0.000000,0.000156,0.000000,0.000156,0.000156,0.000312,0.000312,0.000312,0.000312,0.000000,0.000000,0.000468,0.000000,0.000156,0.000000,0.000000,0.000000,0.000000,0.000000,0.000000,0.000000,0.000156
developing,14,0.000000,0.000156,0.000000,0.000000,0.000312,0.000312,0.000156,0.000156,0.000000,0.000156,0.000000,0.000000,0.000000,0.000000,0.000156,0.000000,0.000000,0.000156,0.000156,0.000000,0.000156,0.000312
flying,13,0.000000,0.000156,0.000000,0.000000,0.000000,0.000156,0.000156,0.000156,0.000312,0.000000,0.000156,0.000156,0.000156,0.000156,0.000000,0.000000,0.000000,0.000000,0.000156,0.000156,0.000156,0.000000
engineering,13,0.000000,0.000000,0.000000,0.000624,0.000312,0.000156,0.000000,0.000000,0.000000,0.000156,0.000000,0.000312,0.000000,0.000156,0.000000,0.000000,0.000000,0.000000,0.000000,0.000000,0.000156,0.000000
working,12,0.000000,0.000000,0.000156,0.000000,0.000156,0.000000,0.000000,0.000000,0.000000,0.000312,0.000000,0.000156,0.000312,0.000156,0.000156,0.000000,0.000312,0.000000,0.000000,0.000156,0.000000,0.000000
testing,12,0.000000,0.000000,0.000000,0.000312,0.000156,0.000000,0.000156,0.000000,0.000000,0.000000,0.000000,0.000000,0.000000,0.000156,0.000000,0.000000,0.000156,0.000000,0.000000,0.000000,0.000468,0.000312
ring,12,0.000000,0.000000,0.000000,0.000156,0.000000,0.000000,0.000000,0.000156,0.000000,0.000000,0.000000,0.000000,0.000000,0.000000,0.000000,0.000000,0.000000,0.000000,0.000000,0.000624,0.000000,0.000468
following,12,0.000000,0.000156,0.000156,0.000000,0.000000,0.000000,0.000000,0.000000,0.000000,0.000156,0.000000,0.000000,0.000312,0.000156,0.000000,0.000000,0.000624,0.000000,0.000000,0.000000,0.000312,0.000000
studying,11,0.000156,0.000000,0.000156,0.000156,0.000156,0.000468,0.000000,0.000156,0.000000,0.000156,0.000000,0.000000,0.000156,0.000000,0.000000,0.000000,0.000000,0.000156,0.000000,0.000000,0.000000,0.000000
mapping,9,0.000000,0.000000,0.000000,0.000156,0.000000,0.000000,0.000000,0.000156,0.000000,0.000000,0.000000,0.000156,0.000312,0.000000,0.000000,0.000000,0.000000,0.000000,0.000000,0.000000,0.000156,0.000156
leading,9,0.000000,0.000156,0.000000,0.000000,0.000156,0.000000,0.000156,0.000000,0.000000,0.000000,0.000000,0.000000,0.000000,0.000156,0.000468,0.000000,0.000156,0.000000,0.000000,0.000000,0.000156,0.000000
becoming,9,0.000000,0.000000,0.000000,0.000000,0.000000,0.000000,0.000000,0.000000,0.000000,0.000156,0.000156,0.000156,0.000156,0.000156,0.000000,0.000000,0.000000,0.000156,0.000156,0.000000,0.000000,0.000312
planning,7,0.000156,0.000000,0.000000,0.000156,0.000000,0.000000,0.000156,0.000000,0.000000,0.000000,0.000000,0.000000,0.000000,0.000156,0.000156,0.000000,0.000000,0.000156,0.000000,0.000000,0.000000,0.000156
meeting,7,0.000000,0.000000,0.000000,0.000156,0.000000,0.000000,0.000000,0.000468,0.000000,0.000000,0.000000,0.000000,0.000156,0.000156,0.000000,0.000000,0.000000,0.000000,0.000156,0.000000,0.000000,0.000000
making,7,0.000000,0.000000,0.000000,0.000156,0.000000,0.000000,0.000000,0.000000,0.000000,0.000156,0.000000,0.000156,0.000000,0.000156,0.000000,0.000000,0.000000,0.000000,0.000000,0.000156,0.000000,0.000312
conducting,7,0.000000,0.000000,0.000000,0.000000,0.000000,0.000000,0.000000,0.000156,0.000000,0.000000,0.000000,0.000000,0.000000,0.000468,0.000000,0.000000,0.000000,0.000156,0.000156,0.000156,0.000000,0.000000
building,7,0.000000,0.000000,0.000000,0.000312,0.000000,0.000156,0.000000,0.000000,0.000000,0.000000,0.000000,0.000000,0.000000,0.000156,0.000000,0.000156,0.000156,0.000000,0.000000,0.000000,0.000000,0.000000
acting,7,0.000000,0.000000,0.000000,0.000000,0.000000,0.000312,0.000000,0.000000,0.000000,0.000156,0.000000,0.000000,0.000000,0.000156,0.000312,0.000000,0.000000,0.000156,0.000000,0.000000,0.000000,0.000000
showing,6,0.000000,0.000000,0.000156,0.000000,0.000000,0.000000,0.000000,0.000000,0.000000,0.000000,0.000000,0.000156,0.000156,0.000156,0.000000,0.000000,0.000000,0.000000,0.000000,0.000000,0.000000,0.000000
returning,6,0.000000,0.000000,0.000000,0.000000,0.000156,0.000000,0.000156,0.000000,0.000000,0.000000,0.000156,0.000000,0.000000,0.000000,0.000000,0.000000,0.000000,0.000000,0.000156,0.000000,0.000000,0.000156
reducing,6,0.000000,0.000000,0.000000,0.000000,0.000000,0.000000,0.000000,0.000156,0.000312,0.000000,0.000000,0.000156,0.000000,0.000000,0.000000,0.000000,0.000000,0.000000,0.000156,0.000156,0.000000,0.000000
providing,6,0.000000,0.000000,0.000000,0.000000,0.000000,0.000000,0.000000,0.000312,0.000000,0.000000,0.000156,0.000000,0.000000,0.000000,0.000000,0.000000,0.000156,0.000156,0.000156,0.000000,0.000000,0.000000
placing,6,0.000000,0.000000,0.000000,0.000000,0.000000,0.000000,0.000000,0.000000,0.000000,0.000000,0.000156,0.000156,0.000000,0.000312,0.000000,0.000000,0.000000,0.000000,0.000156,0.000156,0.000000,0.000000
manufacturing,6,0.000000,0.000000,0.000000,0.000000,0.000000,0.000000,0.000000,0.000156,0.000000,0.000000,0.000000,0.000312,0.000000,0.000000,0.000000,0.000000,0.000000,0.000000,0.000000,0.000000,0.000000,0.000000
launching,6,0.000000,0.000000,0.000156,0.000000,0.000156,0.000000,0.000000,0.000000,0.000312,0.000000,0.000000,0.000000,0.000000,0.000156,0.000000,0.000000,0.000000,0.000156,0.000000,0.000000,0.000000,0.000000
indicating,6,0.000000,0.000000,0.000000,0.000000,0.000156,0.000156,0.000000,0.000000,0.000000,0.000156,0.000000,0.000156,0.000000,0.000000,0.000000,0.000000,0.000000,0.000312,0.000000,0.000000,0.000000,0.000000
finding,6,0.000000,0.000000,0.000156,0.000000,0.000000,0.000000,0.000000,0.000000,0.000000,0.000156,0.000000,0.000000,0.000000,0.000312,0.000000,0.000000,0.000000,0.000156,0.000000,0.000156,0.000000,0.000000
existing,6,0.000000,0.000000,0.000000,0.000000,0.000000,0.000000,0.000000,0.000000,0.000624,0.000000,0.000000,0.000000,0.000000,0.000000,0.000000,0.000000,0.000000,0.000000,0.000156,0.000000,0.000000,0.000000
continuing,6,0.000000,0.000000,0.000000,0.000000,0.000156,0.000156,0.000000,0.000000,0.000000,0.000000,0.000000,0.000000,0.000000,0.000156,0.000156,0.000000,0.000000,0.000000,0.000000,0.000156,0.000000,0.000000
beginning,6,0.000000,0.000156,0.000000,0.000000,0.000000,0.000000,0.000000,0.000000,0.000000,0.000000,0.000156,0.000156,0.000000,0.000000,0.000000,0.000000,0.000000,0.000000,0.000000,0.000000,0.000312,0.000156
taking,5,0.000000,0.000000,0.000000,0.000156,0.000000,0.000000,0.000156,0.000000,0.000000,0.000156,0.000000,0.000156,0.000000,0.000000,0.000000,0.000000,0.000000,0.000000,0.000000,0.000000,0.000000,0.000156
spending,5,0.000000,0.000000,0.000000,0.000312,0.000000,0.000156,0.000000,0.000000,0.000000,0.000000,0.000000,0.000000,0.000000,0.000000,0.000000,0.000000,0.000000,0.000000,0.000312,0.000000,0.000000,0.000000
sending,5,0.000000,0.000000,0.000000,0.000156,0.000156,0.000000,0.000000,0.000000,0.000000,0.000000,0.000000,0.000000,0.000156,0.000000,0.000000,0.000000,0.000000,0.000000,0.000000,0.000156,0.000156,0.000000
revealing,5,0.000000,0.000000,0.000000,0.000000,0.000000,0.000000,0.000000,0.000156,0.000000,0.000000,0.000156,0.000000,0.000000,0.000156,0.000156,0.000000,0.000000,0.000000,0.000000,0.000156,0.000000,0.000000
regarding,5,0.000000,0.000000,0.000000,0.000000,0.000000,0.000000,0.000000,0.000000,0.000000,0.000000,0.000000,0.000000,0.000000,0.000156,0.000000,0.000000,0.000000,0.000156,0.000312,0.000000,0.000000,0.000156
producing,5,0.000000,0.000000,0.000000,0.000000,0.000156,0.000000,0.000000,0.000156,0.000000,0.000000,0.000000,0.000000,0.000000,0.000000,0.000156,0.000000,0.000000,0.000000,0.000156,0.000000,0.000156,0.000000
passing,5,0.000000,0.000000,0.000000,0.000000,0.000000,0.000156,0.000000,0.000000,0.000000,0.000156,0.000000,0.000000,0.000156,0.000156,0.000000,0.000000,0.000000,0.000156,0.000000,0.000000,0.000000,0.000000
operating,5,0.000000,0.000156,0.000000,0.000000,0.000000,0.000000,0.000000,0.000000,0.000000,0.000000,0.000000,0.000000,0.000156,0.000156,0.000000,0.000000,0.000000,0.000000,0.000156,0.000000,0.000000,0.000000
marking,5,0.000000,0.000000,0.000000,0.000000,0.000000,0.000000,0.000000,0.000000,0.000000,0.000000,0.000000,0.000156,0.000000,0.000000,0.000000,0.000000,0.000000,0.000000,0.000000,0.000000,0.000468,0.000000
looking,5,0.000000,0.000000,0.000000,0.000156,0.000000,0.000156,0.000000,0.000156,0.000000,0.000312,0.000000,0.000000,0.000000,0.000000,0.000000,0.000000,0.000000,0.000000,0.000000,0.000000,0.000000,0.000000
hearing,5,0.000000,0.000000,0.000000,0.000000,0.000000,0.000156,0.000000,0.000000,0.000000,0.000000,0.000000,0.000000,0.000000,0.000000,0.000000,0.000000,0.000000,0.000156,0.000312,0.000000,0.000000,0.000156
exploring,5,0.000156,0.000000,0.000000,0.000000,0.000156,0.000000,0.000000,0.000000,0.000000,0.000000,0.000000,0.000000,0.000000,0.000000,0.000000,0.000000,0.000000,0.000000,0.000000,0.000000,0.000156,0.000000
enabling,5,0.000000,0.000156,0.000000,0.000000,0.000000,0.000000,0.000000,0.000000,0.000000,0.000156,0.000000,0.000156,0.000000,0.000000,0.000000,0.000000,0.000000,0.000000,0.000000,0.000156,0.000000,0.000156
creating,5,0.000000,0.000000,0.000000,0.000000,0.000000,0.000000,0.000000,0.000000,0.000000,0.000000,0.000000,0.000156,0.000000,0.000000,0.000000,0.000000,0.000000,0.000156,0.000312,0.000000,0.000156,0.000000
concerning,5,0.000000,0.000000,0.000000,0.000468,0.000156,0.000000,0.000000,0.000000,0.000000,0.000000,0.000000,0.000000,0.000000,0.000000,0.000000,0.000000,0.000000,0.000156,0.000000,0.000000,0.000000,0.000000
calling,5,0.000000,0.000000,0.000000,0.000000,0.000000,0.000000,0.000000,0.000000,0.000000,0.000156,0.000156,0.000000,0.000000,0.000000,0.000000,0.000000,0.000000,0.000000,0.000156,0.000156,0.000156,0.000000
tracking,4,0.000000,0.000312,0.000000,0.000000,0.000000,0.000156,0.000000,0.000000,0.000000,0.000000,0.000000,0.000000,0.000000,0.000000,0.000000,0.000000,0.000000,0.000000,0.000156,0.000000,0.000000,0.000000
surrounding,4,0.000000,0.000000,0.000156,0.000000,0.000000,0.000312,0.000000,0.000000,0.000000,0.000000,0.000156,0.000000,0.000000,0.000000,0.000000,0.000000,0.000000,0.000000,0.000000,0.000000,0.000000,0.000000
serving,4,0.000000,0.000000,0.000000,0.000000,0.000000,0.000000,0.000000,0.000000,0.000000,0.000156,0.000000,0.000000,0.000000,0.000000,0.000156,0.000000,0.000000,0.000156,0.000000,0.000000,0.000156,0.000000
running,4,0.000000,0.000000,0.000000,0.000000,0.000000,0.000312,0.000000,0.000000,0.000312,0.000000,0.000000,0.000000,0.000000,0.000000,0.000000,0.000000,0.000000,0.000000,0.000000,0.000000,0.000000,0.000000
requiring,4,0.000000,0.000000,0.000000,0.000000,0.000000,0.000000,0.000000,0.000000,0.000000,0.000000,0.000000,0.000000,0.000000,0.000000,0.000000,0.000000,0.000000,0.000000,0.000468,0.000000,0.000000,0.000000
ranging,4,0.000000,0.000000,0.000000,0.000000,0.000000,0.000000,0.000000,0.000312,0.000000,0.000000,0.000000,0.000000,0.000000,0.000000,0.000000,0.000156,0.000000,0.000156,0.000000,0.000000,0.000000,0.000000
participating,4,0.000000,0.000000,0.000000,0.000000,0.000000,0.000000,0.000000,0.000000,0.000000,0.000000,0.000000,0.000000,0.000000,0.000000,0.000000,0.000000,0.000156,0.000000,0.000000,0.000000,0.000156,0.000312
leaving,4,0.000000,0.000000,0.000000,0.000000,0.000000,0.000156,0.000000,0.000156,0.000000,0.000000,0.000000,0.000000,0.000156,0.000156,0.000000,0.000000,0.000000,0.000000,0.000000,0.000000,0.000000,0.000000
increasing,4,0.000000,0.000312,0.000000,0.000000,0.000000,0.000000,0.000000,0.000000,0.000000,0.000000,0.000000,0.000000,0.000000,0.000000,0.000000,0.000000,0.000000,0.000156,0.000000,0.000000,0.000156,0.000000
helping,4,0.000000,0.000000,0.000000,0.000000,0.000000,0.000000,0.000000,0.000000,0.000000,0.000000,0.000000,0.000000,0.000156,0.000000,0.000000,0.000000,0.000000,0.000000,0.000000,0.000000,0.000312,0.000156
having,4,0.000000,0.000000,0.000312,0.000000,0.000000,0.000000,0.000000,0.000156,0.000000,0.000000,0.000000,0.000000,0.000000,0.000156,0.000000,0.000000,0.000000,0.000000,0.000000,0.000000,0.000000,0.000000
establishing,4,0.000000,0.000000,0.000000,0.000000,0.000000,0.000000,0.000000,0.000000,0.000000,0.000000,0.000000,0.000000,0.000312,0.000156,0.000000,0.000000,0.000000,0.000000,0.000000,0.000000,0.000000,0.000000
erupting,4,0.000000,0.000000,0.000000,0.000000,0.000000,0.000000,0.000000,0.000000,0.000000,0.000000,0.000000,0.000000,0.000312,0.000000,0.000000,0.000000,0.000000,0.000000,0.000000,0.000156,0.000000,0.000156
emanating,4,0.000000,0.000000,0.000156,0.000156,0.000000,0.000000,0.000000,0.000000,0.000000,0.000000,0.000000,0.000000,0.000312,0.000000,0.000000,0.000000,0.000000,0.000000,0.000000,0.000000,0.000000,0.000000
designing,4,0.000000,0.000000,0.000000,0.000000,0.000000,0.000000,0.000000,0.000156,0.000000,0.000000,0.000000,0.000000,0.000000,0.000000,0.000000,0.000156,0.000000,0.000000,0.000000,0.000156,0.000156,0.000000
completing,4,0.000000,0.000000,0.000000,0.000000,0.000156,0.000156,0.000000,0.000000,0.000000,0.000156,0.000000,0.000000,0.000000,0.000000,0.000000,0.000000,0.000000,0.000000,0.000000,0.000156,0.000000,0.000000
commemorating,4,0.000000,0.000156,0.000156,0.000000,0.000000,0.000000,0.000000,0.000312,0.000000,0.000000,0.000000,0.000000,0.000000,0.000000,0.000000,0.000000,0.000000,0.000000,0.000000,0.000000,0.000000,0.000000
collecting,4,0.000000,0.000000,0.000000,0.000000,0.000156,0.000000,0.000000,0.000000,0.000000,0.000000,0.000000,0.000312,0.000000,0.000000,0.000000,0.000000,0.000156,0.000000,0.000000,0.000000,0.000000,0.000000
changing,4,0.000156,0.000000,0.000000,0.000000,0.000000,0.000156,0.000000,0.000000,0.000000,0.000000,0.000000,0.000156,0.000000,0.000156,0.000000,0.000000,0.000000,0.000000,0.000000,0.000000,0.000000,0.000000
carrying,4,0.000000,0.000000,0.000000,0.000000,0.000000,0.000156,0.000000,0.000000,0.000000,0.000156,0.000000,0.000156,0.000000,0.000000,0.000000,0.000000,0.000000,0.000000,0.000000,0.000000,0.000156,0.000000
writing,3,0.000000,0.000000,0.000000,0.000000,0.000156,0.000000,0.000312,0.000000,0.000000,0.000000,0.000000,0.000000,0.000000,0.000000,0.000000,0.000000,0.000000,0.000000,0.000000,0.000000,0.000000,0.000000
winning,3,0.000000,0.000000,0.000000,0.000000,0.000000,0.000000,0.000000,0.000000,0.000000,0.000000,0.000000,0.000156,0.000000,0.000000,0.000000,0.000000,0.000000,0.000000,0.000000,0.000000,0.000156,0.000156
warming,3,0.000000,0.000000,0.000000,0.000000,0.000000,0.000000,0.000000,0.000000,0.000000,0.000000,0.000000,0.000468,0.000000,0.000000,0.000000,0.000000,0.000000,0.000000,0.000000,0.000000,0.000000,0.000000
traveling,3,0.000000,0.000000,0.000000,0.000000,0.000000,0.000000,0.000000,0.000000,0.000000,0.000000,0.000000,0.000000,0.000000,0.000000,0.000000,0.000000,0.000000,0.000000,0.000000,0.000000,0.000000,0.000156
transporting,3,0.000000,0.000000,0.000000,0.000000,0.000156,0.000000,0.000000,0.000000,0.000000,0.000000,0.000000,0.000000,0.000000,0.000000,0.000000,0.000000,0.000000,0.000000,0.000156,0.000000,0.000000,0.000000
training,3,0.000000,0.000000,0.000000,0.000000,0.000000,0.000000,0.000000,0.000156,0.000000,0.000156,0.000000,0.000000,0.000000,0.000000,0.000000,0.000000,0.000000,0.000000,0.000000,0.000000,0.000000,0.000000
suggesting,3,0.000000,0.000000,0.000000,0.000000,0.000000,0.000000,0.000000,0.000000,0.000000,0.000156,0.000156,0.000000,0.000156,0.000000,0.000000,0.000000,0.000000,0.000000,0.000000,0.000000,0.000000,0.000000
speaking,3,0.000000,0.000156,0.000156,0.000000,0.000000,0.000000,0.000156,0.000000,0.000000,0.000000,0.000000,0.000000,0.000000,0.000000,0.000000,0.000000,0.000000,0.000000,0.000000,0.000000,0.000000,0.000000
retiring,3,0.000000,0.000000,0.000000,0.000000,0.000000,0.000000,0.000000,0.000000,0.000000,0.000000,0.000000,0.000000,0.000000,0.000156,0.000000,0.000000,0.000000,0.000156,0.000156,0.000000,0.000000,0.000000
resulting,3,0.000000,0.000000,0.000000,0.000000,0.000000,0.000000,0.000000,0.000156,0.000000,0.000000,0.000000,0.000000,0.000156,0.000000,0.000000,0.000000,0.000000,0.000000,0.000000,0.000156,0.000000,0.000000
representing,3,0.000000,0.000156,0.000000,0.000156,0.000000,0.000000,0.000000,0.000000,0.000000,0.000000,0.000000,0.000000,0.000000,0.000000,0.000000,0.000000,0.000156,0.000000,0.000000,0.000000,0.000000,0.000000
receiving,3,0.000000,0.000000,0.000000,0.000000,0.000000,0.000000,0.000000,0.000000,0.000000,0.000000,0.000000,0.000000,0.000000,0.000156,0.000000,0.000000,0.000000,0.000000,0.000000,0.000000,0.000000,0.000156
reaching,3,0.000000,0.000000,0.000000,0.000000,0.000000,0.000000,0.000000,0.000000,0.000000,0.000000,0.000000,0.000000,0.000000,0.000000,0.000000,0.000156,0.000000,0.000312,0.000000,0.000000,0.000000,0.000000
preceding,3,0.000156,0.000000,0.000156,0.000000,0.000000,0.000000,0.000000,0.000156,0.000000,0.000000,0.000000,0.000000,0.000000,0.000000,0.000000,0.000000,0.000000,0.000000,0.000000,0.000000,0.000000,0.000000
permitting,3,0.000000,0.000000,0.000000,0.000000,0.000000,0.000000,0.000000,0.000000,0.000000,0.000156,0.000000,0.000156,0.000156,0.000000,0.000000,0.000000,0.000000,0.000000,0.000000,0.000000,0.000000,0.000000
offering,3,0.000000,0.000000,0.000000,0.000000,0.000000,0.000000,0.000000,0.000000,0.000000,0.000000,0.000000,0.000000,0.000000,0.000000,0.000000,0.000000,0.000000,0.000000,0.000000,0.000000,0.000000,0.000468
naming,3,0.000000,0.000000,0.000000,0.000000,0.000000,0.000000,0.000000,0.000000,0.000000,0.000000,0.000000,0.000000,0.000000,0.000000,0.000156,0.000000,0.000000,0.000000,0.000000,0.000312,0.000000,0.000000
moving,3,0.000000,0.000000,0.000000,0.000000,0.000000,0.000156,0.000000,0.000000,0.000312,0.000000,0.000000,0.000000,0.000000,0.000000,0.000000,0.000000,0.000000,0.000000,0.000000,0.000000,0.000000,0.000000
measuring,3,0.000000,0.000000,0.000000,0.000000,0.000000,0.000000,0.000000,0.000000,0.000000,0.000156,0.000000,0.000000,0.000000,0.000000,0.000000,0.000000,0.000000,0.000000,0.000000,0.000000,0.000000,0.000312
maneuvering,3,0.000000,0.000000,0.000000,0.000312,0.000156,0.000000,0.000000,0.000000,0.000000,0.000000,0.000000,0.000000,0.000000,0.000000,0.000000,0.000000,0.000000,0.000000,0.000000,0.000000,0.000000,0.000000
losing,3,0.000000,0.000000,0.000000,0.000000,0.000000,0.000156,0.000000,0.000000,0.000000,0.000000,0.000000,0.000156,0.000000,0.000000,0.000000,0.000000,0.000000,0.000000,0.000000,0.000000,0.000000,0.000000
honoring,3,0.000000,0.000000,0.000000,0.000000,0.000000,0.000000,0.000000,0.000000,0.000000,0.000156,0.000156,0.000000,0.000000,0.000156,0.000000,0.000000,0.000000,0.000000,0.000000,0.000000,0.000000,0.000000
founding,3,0.000000,0.000000,0.000000,0.000000,0.000000,0.000000,0.000000,0.000000,0.000000,0.000000,0.000000,0.000000,0.000000,0.000000,0.000156,0.000000,0.000000,0.000000,0.000000,0.000000,0.000156,0.000156
delivering,3,0.000000,0.000000,0.000000,0.000156,0.000000,0.000000,0.000000,0.000000,0.000000,0.000156,0.000000,0.000000,0.000000,0.000000,0.000000,0.000000,0.000000,0.000000,0.000000,0.000000,0.000156,0.000000
containing,3,0.000000,0.000000,0.000000,0.000000,0.000000,0.000156,0.000000,0.000000,0.000000,0.000000,0.000000,0.000000,0.000000,0.000000,0.000000,0.000156,0.000000,0.000000,0.000000,0.000156,0.000000,0.000000
comprising,3,0.000000,0.000000,0.000000,0.000000,0.000000,0.000000,0.000000,0.000000,0.000000,0.000000,0.000000,0.000000,0.000000,0.000000,0.000000,0.000000,0.000000,0.000000,0.000156,0.000156,0.000000,0.000156
challenging,3,0.000000,0.000000,0.000000,0.000000,0.000000,0.000000,0.000000,0.000000,0.000000,0.000000,0.000000,0.000156,0.000000,0.000000,0.000000,0.000156,0.000000,0.000000,0.000000,0.000000,0.000156,0.000000
causing,3,0.000000,0.000000,0.000000,0.000000,0.000000,0.000000,0.000000,0.000000,0.000000,0.000000,0.000000,0.000000,0.000156,0.000156,0.000000,0.000000,0.000000,0.000000,0.000000,0.000156,0.000000,0.000000
bringing,3,0.000000,0.000000,0.000000,0.000156,0.000000,0.000000,0.000000,0.000000,0.000000,0.000000,0.000000,0.000000,0.000000,0.000000,0.000000,0.000000,0.000000,0.000000,0.000000,0.000000,0.000000,0.000312
analyzing,3,0.000000,0.000000,0.000000,0.000000,0.000000,0.000000,0.000000,0.000000,0.000000,0.000000,0.000000,0.000000,0.000000,0.000000,0.000000,0.000000,0.000000,0.000156,0.000000,0.000000,0.000156,0.000000
allowing,3,0.000000,0.000000,0.000000,0.000000,0.000000,0.000000,0.000000,0.000000,0.000000,0.000312,0.000000,0.000000,0.000000,0.000000,0.000000,0.000000,0.000000,0.000000,0.000000,0.000000,0.000000,0.000156
accomplishing,3,0.000000,0.000000,0.000000,0.000156,0.000000,0.000000,0.000000,0.000000,0.000000,0.000000,0.000000,0.000000,0.000000,0.000156,0.000000,0.000000,0.000000,0.000000,0.000000,0.000156,0.000000,0.000000
